"ANNEE","C_REGION","L_REGION","C_DEPT","N_DEPT","C_TYP_REG_DECHET","L_TYP_REG_DECHET","C_TYP_REG_SERVICE","L_TYP_REG_SERVICE","TONNAGE_DECH"
2009,84,"Auvergne-Rhône-Alpes","01","Ain","02A","Déchets dangereux","02A","Valorisation matière",282.71938
2009,84,"Auvergne-Rhône-Alpes","01","Ain","02A","Déchets dangereux","02B","Incinération avec récupération d'énergie",2.2387
2009,84,"Auvergne-Rhône-Alpes","01","Ain","02A","Déchets dangereux","02D","Stockage",139.34999
2009,84,"Auvergne-Rhône-Alpes","01","Ain","02A","Déchets dangereux","02F","Stockage pour inertes",1.46094
2009,84,"Auvergne-Rhône-Alpes","01","Ain","02A","Déchets dangereux","02Z","Non précisé",932.67953
2009,84,"Auvergne-Rhône-Alpes","01","Ain","02B","Matériaux recyclables","02A","Valorisation matière",19069.54735
2009,84,"Auvergne-Rhône-Alpes","01","Ain","02B","Matériaux recyclables","02B","Incinération avec récupération d'énergie",831.58
2009,84,"Auvergne-Rhône-Alpes","01","Ain","02B","Matériaux recyclables","02D","Stockage",36.92
2009,84,"Auvergne-Rhône-Alpes","01","Ain","02B","Matériaux recyclables","02E","Valorisation organique",5460.17
2009,84,"Auvergne-Rhône-Alpes","01","Ain","02B","Matériaux recyclables","02Z","Non précisé",6.62
2009,84,"Auvergne-Rhône-Alpes","01","Ain","02C","Déchets verts","02E","Valorisation organique",45013.01204
2009,84,"Auvergne-Rhône-Alpes","01","Ain","02D","Encombrants","02A","Valorisation matière",310.12743
2009,84,"Auvergne-Rhône-Alpes","01","Ain","02D","Encombrants","02B","Incinération avec récupération d'énergie",13479.89351
2009,84,"Auvergne-Rhône-Alpes","01","Ain","02D","Encombrants","02D","Stockage",20938.86812
2009,84,"Auvergne-Rhône-Alpes","01","Ain","02E","Déblais et gravats","02A","Valorisation matière",6194.70895
2009,84,"Auvergne-Rhône-Alpes","01","Ain","02E","Déblais et gravats","02D","Stockage",11773.74
2009,84,"Auvergne-Rhône-Alpes","01","Ain","02E","Déblais et gravats","02F","Stockage pour inertes",9676.31628
2009,84,"Auvergne-Rhône-Alpes","01","Ain","02E","Déblais et gravats","02Z","Non précisé",9947.93999
2009,84,"Auvergne-Rhône-Alpes","01","Ain","02F","DEEE","02A","Valorisation matière",3366.1529
2009,84,"Auvergne-Rhône-Alpes","01","Ain","02Z","Autres déchets","02A","Valorisation matière",20
2009,84,"Auvergne-Rhône-Alpes","01","Ain","02Z","Autres déchets","02B","Incinération avec récupération d'énergie",0.05168
2009,84,"Auvergne-Rhône-Alpes","01","Ain","02Z","Autres déchets","02D","Stockage",59.2069
2009,84,"Auvergne-Rhône-Alpes","03","Allier","02A","Déchets dangereux","02A","Valorisation matière",114.39884
2009,84,"Auvergne-Rhône-Alpes","03","Allier","02A","Déchets dangereux","02B","Incinération avec récupération d'énergie",3.62421
2009,84,"Auvergne-Rhône-Alpes","03","Allier","02A","Déchets dangereux","02C","Incinération sans récupération d'énergie",196.36104
2009,84,"Auvergne-Rhône-Alpes","03","Allier","02A","Déchets dangereux","02D","Stockage",27.35519
2009,84,"Auvergne-Rhône-Alpes","03","Allier","02A","Déchets dangereux","02Z","Non précisé",20.32109
2009,84,"Auvergne-Rhône-Alpes","03","Allier","02B","Matériaux recyclables","02A","Valorisation matière",5143.11871
2009,84,"Auvergne-Rhône-Alpes","03","Allier","02B","Matériaux recyclables","02C","Incinération sans récupération d'énergie",1.55645
2009,84,"Auvergne-Rhône-Alpes","03","Allier","02B","Matériaux recyclables","02D","Stockage",21.85841
2009,84,"Auvergne-Rhône-Alpes","03","Allier","02B","Matériaux recyclables","02E","Valorisation organique",3397.78725
2009,84,"Auvergne-Rhône-Alpes","03","Allier","02C","Déchets verts","02A","Valorisation matière",6620.095
2009,84,"Auvergne-Rhône-Alpes","03","Allier","02C","Déchets verts","02E","Valorisation organique",11991.49979
2009,84,"Auvergne-Rhône-Alpes","03","Allier","02D","Encombrants","02A","Valorisation matière",66.20268
2009,84,"Auvergne-Rhône-Alpes","03","Allier","02D","Encombrants","02B","Incinération avec récupération d'énergie",731.42
2009,84,"Auvergne-Rhône-Alpes","03","Allier","02D","Encombrants","02D","Stockage",11133.65272
2009,84,"Auvergne-Rhône-Alpes","03","Allier","02D","Encombrants","02Z","Non précisé",1.015
2009,84,"Auvergne-Rhône-Alpes","03","Allier","02E","Déblais et gravats","02D","Stockage",14065.94429
2009,84,"Auvergne-Rhône-Alpes","03","Allier","02E","Déblais et gravats","02F","Stockage pour inertes",307.61391
2009,84,"Auvergne-Rhône-Alpes","03","Allier","02F","DEEE","02A","Valorisation matière",1504.50337
2009,84,"Auvergne-Rhône-Alpes","03","Allier","02Z","Autres déchets","02A","Valorisation matière",0.35182
2009,84,"Auvergne-Rhône-Alpes","07","Ardèche","02A","Déchets dangereux","02A","Valorisation matière",185.01298
2009,84,"Auvergne-Rhône-Alpes","07","Ardèche","02A","Déchets dangereux","02B","Incinération avec récupération d'énergie",60.06969
2009,84,"Auvergne-Rhône-Alpes","07","Ardèche","02A","Déchets dangereux","02C","Incinération sans récupération d'énergie",5.30997
2009,84,"Auvergne-Rhône-Alpes","07","Ardèche","02A","Déchets dangereux","02D","Stockage",0.49007
2009,84,"Auvergne-Rhône-Alpes","07","Ardèche","02A","Déchets dangereux","02Z","Non précisé",127.83502
2009,84,"Auvergne-Rhône-Alpes","07","Ardèche","02B","Matériaux recyclables","02A","Valorisation matière",9610.79126
2009,84,"Auvergne-Rhône-Alpes","07","Ardèche","02B","Matériaux recyclables","02B","Incinération avec récupération d'énergie",339.33
2009,84,"Auvergne-Rhône-Alpes","07","Ardèche","02B","Matériaux recyclables","02C","Incinération sans récupération d'énergie",0.0031
2009,84,"Auvergne-Rhône-Alpes","07","Ardèche","02B","Matériaux recyclables","02D","Stockage",49.84
2009,84,"Auvergne-Rhône-Alpes","07","Ardèche","02B","Matériaux recyclables","02E","Valorisation organique",1384.88562
2009,84,"Auvergne-Rhône-Alpes","07","Ardèche","02B","Matériaux recyclables","02Z","Non précisé",0.98015
2009,84,"Auvergne-Rhône-Alpes","07","Ardèche","02C","Déchets verts","02B","Incinération avec récupération d'énergie",422.07
2009,84,"Auvergne-Rhône-Alpes","07","Ardèche","02C","Déchets verts","02E","Valorisation organique",9607.76883
2009,84,"Auvergne-Rhône-Alpes","07","Ardèche","02C","Déchets verts","02Z","Non précisé",0.1
2009,84,"Auvergne-Rhône-Alpes","07","Ardèche","02D","Encombrants","02A","Valorisation matière",1856.39574
2009,84,"Auvergne-Rhône-Alpes","07","Ardèche","02D","Encombrants","02B","Incinération avec récupération d'énergie",60.08
2009,84,"Auvergne-Rhône-Alpes","07","Ardèche","02D","Encombrants","02D","Stockage",14298.79477
2009,84,"Auvergne-Rhône-Alpes","07","Ardèche","02E","Déblais et gravats","02A","Valorisation matière",2716.56127
2009,84,"Auvergne-Rhône-Alpes","07","Ardèche","02E","Déblais et gravats","02D","Stockage",4409.6322
2009,84,"Auvergne-Rhône-Alpes","07","Ardèche","02E","Déblais et gravats","02F","Stockage pour inertes",704.57823
2009,84,"Auvergne-Rhône-Alpes","07","Ardèche","02E","Déblais et gravats","02Z","Non précisé",6418.02908
2009,84,"Auvergne-Rhône-Alpes","07","Ardèche","02F","DEEE","02A","Valorisation matière",809.15109
2009,84,"Auvergne-Rhône-Alpes","07","Ardèche","02Z","Autres déchets","02A","Valorisation matière",1.97351
2009,84,"Auvergne-Rhône-Alpes","07","Ardèche","02Z","Autres déchets","02Z","Non précisé",32.51609
2009,84,"Auvergne-Rhône-Alpes","15","Cantal","02A","Déchets dangereux","02A","Valorisation matière",40.78617
2009,84,"Auvergne-Rhône-Alpes","15","Cantal","02A","Déchets dangereux","02B","Incinération avec récupération d'énergie",1.70009
2009,84,"Auvergne-Rhône-Alpes","15","Cantal","02A","Déchets dangereux","02C","Incinération sans récupération d'énergie",21.19201
2009,84,"Auvergne-Rhône-Alpes","15","Cantal","02A","Déchets dangereux","02Z","Non précisé",0.5
2009,84,"Auvergne-Rhône-Alpes","15","Cantal","02B","Matériaux recyclables","02A","Valorisation matière",3764.06199
2009,84,"Auvergne-Rhône-Alpes","15","Cantal","02B","Matériaux recyclables","02Z","Non précisé",43.1733
2009,84,"Auvergne-Rhône-Alpes","15","Cantal","02C","Déchets verts","02E","Valorisation organique",5598.41944
2009,84,"Auvergne-Rhône-Alpes","15","Cantal","02D","Encombrants","02A","Valorisation matière",189.7
2009,84,"Auvergne-Rhône-Alpes","15","Cantal","02D","Encombrants","02D","Stockage",4143.83851
2009,84,"Auvergne-Rhône-Alpes","15","Cantal","02E","Déblais et gravats","02F","Stockage pour inertes",2840.00001
2009,84,"Auvergne-Rhône-Alpes","15","Cantal","02F","DEEE","02A","Valorisation matière",214.28439
2009,84,"Auvergne-Rhône-Alpes","15","Cantal","02Z","Autres déchets","02A","Valorisation matière",4.6667
2009,84,"Auvergne-Rhône-Alpes","26","Drôme","02A","Déchets dangereux","02A","Valorisation matière",150.92365
2009,84,"Auvergne-Rhône-Alpes","26","Drôme","02A","Déchets dangereux","02B","Incinération avec récupération d'énergie",0.02514
2009,84,"Auvergne-Rhône-Alpes","26","Drôme","02A","Déchets dangereux","02C","Incinération sans récupération d'énergie",0.03123
2009,84,"Auvergne-Rhône-Alpes","26","Drôme","02A","Déchets dangereux","02Z","Non précisé",295.44604
2009,84,"Auvergne-Rhône-Alpes","26","Drôme","02B","Matériaux recyclables","02A","Valorisation matière",12644.64432
2009,84,"Auvergne-Rhône-Alpes","26","Drôme","02B","Matériaux recyclables","02B","Incinération avec récupération d'énergie",149.9
2009,84,"Auvergne-Rhône-Alpes","26","Drôme","02B","Matériaux recyclables","02E","Valorisation organique",4737.90015
2009,84,"Auvergne-Rhône-Alpes","26","Drôme","02C","Déchets verts","02E","Valorisation organique",27186.08768
2009,84,"Auvergne-Rhône-Alpes","26","Drôme","02C","Déchets verts","02Z","Non précisé",58.8
2009,84,"Auvergne-Rhône-Alpes","26","Drôme","02D","Encombrants","02A","Valorisation matière",121.22222
2009,84,"Auvergne-Rhône-Alpes","26","Drôme","02D","Encombrants","02B","Incinération avec récupération d'énergie",0.54583
2009,84,"Auvergne-Rhône-Alpes","26","Drôme","02D","Encombrants","02D","Stockage",27471.32676
2009,84,"Auvergne-Rhône-Alpes","26","Drôme","02D","Encombrants","02Z","Non précisé",0.05677
2009,84,"Auvergne-Rhône-Alpes","26","Drôme","02E","Déblais et gravats","02A","Valorisation matière",12913.69872
2009,84,"Auvergne-Rhône-Alpes","26","Drôme","02E","Déblais et gravats","02D","Stockage",2452
2009,84,"Auvergne-Rhône-Alpes","26","Drôme","02E","Déblais et gravats","02F","Stockage pour inertes",2473.82969
2009,84,"Auvergne-Rhône-Alpes","26","Drôme","02E","Déblais et gravats","02Z","Non précisé",15249.47602
2009,84,"Auvergne-Rhône-Alpes","26","Drôme","02F","DEEE","02A","Valorisation matière",2481.0224
2009,84,"Auvergne-Rhône-Alpes","26","Drôme","02Z","Autres déchets","02A","Valorisation matière",3.20263
2009,84,"Auvergne-Rhône-Alpes","38","Isère","02A","Déchets dangereux","02A","Valorisation matière",515.98106
2009,84,"Auvergne-Rhône-Alpes","38","Isère","02A","Déchets dangereux","02B","Incinération avec récupération d'énergie",0.1
2009,84,"Auvergne-Rhône-Alpes","38","Isère","02A","Déchets dangereux","02D","Stockage",500.67883
2009,84,"Auvergne-Rhône-Alpes","38","Isère","02A","Déchets dangereux","02Z","Non précisé",1136.69023
2009,84,"Auvergne-Rhône-Alpes","38","Isère","02B","Matériaux recyclables","02A","Valorisation matière",42158.46271
2009,84,"Auvergne-Rhône-Alpes","38","Isère","02B","Matériaux recyclables","02B","Incinération avec récupération d'énergie",2753.56
2009,84,"Auvergne-Rhône-Alpes","38","Isère","02B","Matériaux recyclables","02D","Stockage",183.44
2009,84,"Auvergne-Rhône-Alpes","38","Isère","02B","Matériaux recyclables","02E","Valorisation organique",7855.87264
2009,84,"Auvergne-Rhône-Alpes","38","Isère","02B","Matériaux recyclables","02Z","Non précisé",13.14
2009,84,"Auvergne-Rhône-Alpes","38","Isère","02C","Déchets verts","02A","Valorisation matière",29.4
2009,84,"Auvergne-Rhône-Alpes","38","Isère","02C","Déchets verts","02E","Valorisation organique",105138.6611
2009,84,"Auvergne-Rhône-Alpes","38","Isère","02D","Encombrants","02A","Valorisation matière",23171.86495
2009,84,"Auvergne-Rhône-Alpes","38","Isère","02D","Encombrants","02B","Incinération avec récupération d'énergie",13400.41491
2009,84,"Auvergne-Rhône-Alpes","38","Isère","02D","Encombrants","02D","Stockage",47917.49496
2009,84,"Auvergne-Rhône-Alpes","38","Isère","02E","Déblais et gravats","02A","Valorisation matière",50592.78881
2009,84,"Auvergne-Rhône-Alpes","38","Isère","02E","Déblais et gravats","02D","Stockage",3716.47595
2009,84,"Auvergne-Rhône-Alpes","38","Isère","02E","Déblais et gravats","02F","Stockage pour inertes",36390.34959
2009,84,"Auvergne-Rhône-Alpes","38","Isère","02E","Déblais et gravats","02Z","Non précisé",28286.3333
2009,84,"Auvergne-Rhône-Alpes","38","Isère","02F","DEEE","02A","Valorisation matière",5924.0085
2009,84,"Auvergne-Rhône-Alpes","38","Isère","02Z","Autres déchets","02A","Valorisation matière",37.54501
2009,84,"Auvergne-Rhône-Alpes","38","Isère","02Z","Autres déchets","02D","Stockage",4062.89999
2009,84,"Auvergne-Rhône-Alpes","42","Loire","02A","Déchets dangereux","02A","Valorisation matière",425.63792
2009,84,"Auvergne-Rhône-Alpes","42","Loire","02A","Déchets dangereux","02B","Incinération avec récupération d'énergie",2.59272
2009,84,"Auvergne-Rhône-Alpes","42","Loire","02A","Déchets dangereux","02C","Incinération sans récupération d'énergie",0.42715
2009,84,"Auvergne-Rhône-Alpes","42","Loire","02A","Déchets dangereux","02D","Stockage",91.12
2009,84,"Auvergne-Rhône-Alpes","42","Loire","02A","Déchets dangereux","02Z","Non précisé",558.14216
2009,84,"Auvergne-Rhône-Alpes","42","Loire","02B","Matériaux recyclables","02A","Valorisation matière",13361.35655
2009,84,"Auvergne-Rhône-Alpes","42","Loire","02B","Matériaux recyclables","02B","Incinération avec récupération d'énergie",3.672
2009,84,"Auvergne-Rhône-Alpes","42","Loire","02B","Matériaux recyclables","02D","Stockage",322.31954
2009,84,"Auvergne-Rhône-Alpes","42","Loire","02B","Matériaux recyclables","02E","Valorisation organique",6814.47832
2009,84,"Auvergne-Rhône-Alpes","42","Loire","02B","Matériaux recyclables","02Z","Non précisé",0.65012
2009,84,"Auvergne-Rhône-Alpes","42","Loire","02C","Déchets verts","02E","Valorisation organique",40496.46003
2009,84,"Auvergne-Rhône-Alpes","42","Loire","02D","Encombrants","02A","Valorisation matière",89.53424
2009,84,"Auvergne-Rhône-Alpes","42","Loire","02D","Encombrants","02D","Stockage",34556.44239
2009,84,"Auvergne-Rhône-Alpes","42","Loire","02E","Déblais et gravats","02A","Valorisation matière",5991.26448
2009,84,"Auvergne-Rhône-Alpes","42","Loire","02E","Déblais et gravats","02D","Stockage",10240.97202
2009,84,"Auvergne-Rhône-Alpes","42","Loire","02E","Déblais et gravats","02F","Stockage pour inertes",14918.8
2009,84,"Auvergne-Rhône-Alpes","42","Loire","02E","Déblais et gravats","02Z","Non précisé",7747.91029
2009,84,"Auvergne-Rhône-Alpes","42","Loire","02F","DEEE","02A","Valorisation matière",3271.75512
2009,84,"Auvergne-Rhône-Alpes","42","Loire","02Z","Autres déchets","02A","Valorisation matière",8.46865
2009,84,"Auvergne-Rhône-Alpes","42","Loire","02Z","Autres déchets","02Z","Non précisé",1.30314
2009,84,"Auvergne-Rhône-Alpes","43","Haute-Loire","02A","Déchets dangereux","02A","Valorisation matière",103.19016
2009,84,"Auvergne-Rhône-Alpes","43","Haute-Loire","02A","Déchets dangereux","02B","Incinération avec récupération d'énergie",0.09991
2009,84,"Auvergne-Rhône-Alpes","43","Haute-Loire","02A","Déchets dangereux","02C","Incinération sans récupération d'énergie",79.32792
2009,84,"Auvergne-Rhône-Alpes","43","Haute-Loire","02A","Déchets dangereux","02D","Stockage",0.09
2009,84,"Auvergne-Rhône-Alpes","43","Haute-Loire","02A","Déchets dangereux","02Z","Non précisé",64.14701
2009,84,"Auvergne-Rhône-Alpes","43","Haute-Loire","02B","Matériaux recyclables","02A","Valorisation matière",4100.96355
2009,84,"Auvergne-Rhône-Alpes","43","Haute-Loire","02B","Matériaux recyclables","02C","Incinération sans récupération d'énergie",0.556
2009,84,"Auvergne-Rhône-Alpes","43","Haute-Loire","02B","Matériaux recyclables","02D","Stockage",423.21236
2009,84,"Auvergne-Rhône-Alpes","43","Haute-Loire","02B","Matériaux recyclables","02E","Valorisation organique",2017.44725
2009,84,"Auvergne-Rhône-Alpes","43","Haute-Loire","02B","Matériaux recyclables","02Z","Non précisé",0.23988
2009,84,"Auvergne-Rhône-Alpes","43","Haute-Loire","02C","Déchets verts","02A","Valorisation matière",1972.76
2009,84,"Auvergne-Rhône-Alpes","43","Haute-Loire","02C","Déchets verts","02E","Valorisation organique",5271.90552
2009,84,"Auvergne-Rhône-Alpes","43","Haute-Loire","02D","Encombrants","02A","Valorisation matière",377.37
2009,84,"Auvergne-Rhône-Alpes","43","Haute-Loire","02D","Encombrants","02D","Stockage",6381.91816
2009,84,"Auvergne-Rhône-Alpes","43","Haute-Loire","02E","Déblais et gravats","02A","Valorisation matière",170.74
2009,84,"Auvergne-Rhône-Alpes","43","Haute-Loire","02E","Déblais et gravats","02D","Stockage",1834.3158
2009,84,"Auvergne-Rhône-Alpes","43","Haute-Loire","02E","Déblais et gravats","02F","Stockage pour inertes",5591.23
2009,84,"Auvergne-Rhône-Alpes","43","Haute-Loire","02F","DEEE","02A","Valorisation matière",680.7297
2009,84,"Auvergne-Rhône-Alpes","43","Haute-Loire","02Z","Autres déchets","02A","Valorisation matière",0.60464
2009,84,"Auvergne-Rhône-Alpes","63","Puy-de-Dôme","02A","Déchets dangereux","02A","Valorisation matière",161.57213
2009,84,"Auvergne-Rhône-Alpes","63","Puy-de-Dôme","02A","Déchets dangereux","02B","Incinération avec récupération d'énergie",14.753
2009,84,"Auvergne-Rhône-Alpes","63","Puy-de-Dôme","02A","Déchets dangereux","02C","Incinération sans récupération d'énergie",531.65676
2009,84,"Auvergne-Rhône-Alpes","63","Puy-de-Dôme","02A","Déchets dangereux","02D","Stockage",4292.317
2009,84,"Auvergne-Rhône-Alpes","63","Puy-de-Dôme","02A","Déchets dangereux","02Z","Non précisé",290.613
2009,84,"Auvergne-Rhône-Alpes","63","Puy-de-Dôme","02B","Matériaux recyclables","02A","Valorisation matière",19146.91208
2009,84,"Auvergne-Rhône-Alpes","63","Puy-de-Dôme","02B","Matériaux recyclables","02C","Incinération sans récupération d'énergie",0.167
2009,84,"Auvergne-Rhône-Alpes","63","Puy-de-Dôme","02B","Matériaux recyclables","02D","Stockage",92.98
2009,84,"Auvergne-Rhône-Alpes","63","Puy-de-Dôme","02B","Matériaux recyclables","02E","Valorisation organique",7.51275
2009,84,"Auvergne-Rhône-Alpes","63","Puy-de-Dôme","02B","Matériaux recyclables","02Z","Non précisé",322
2009,84,"Auvergne-Rhône-Alpes","63","Puy-de-Dôme","02C","Déchets verts","02D","Stockage",1140
2009,84,"Auvergne-Rhône-Alpes","63","Puy-de-Dôme","02C","Déchets verts","02E","Valorisation organique",49426.30078
2009,84,"Auvergne-Rhône-Alpes","63","Puy-de-Dôme","02D","Encombrants","02A","Valorisation matière",458.37533
2009,84,"Auvergne-Rhône-Alpes","63","Puy-de-Dôme","02D","Encombrants","02D","Stockage",29892.28553
2009,84,"Auvergne-Rhône-Alpes","63","Puy-de-Dôme","02E","Déblais et gravats","02A","Valorisation matière",501
2009,84,"Auvergne-Rhône-Alpes","63","Puy-de-Dôme","02E","Déblais et gravats","02D","Stockage",16790.28743
2009,84,"Auvergne-Rhône-Alpes","63","Puy-de-Dôme","02E","Déblais et gravats","02F","Stockage pour inertes",10623.34109
2009,84,"Auvergne-Rhône-Alpes","63","Puy-de-Dôme","02F","DEEE","02A","Valorisation matière",3167.65707
2009,84,"Auvergne-Rhône-Alpes","63","Puy-de-Dôme","02Z","Autres déchets","02A","Valorisation matière",0.5
2009,84,"Auvergne-Rhône-Alpes","63","Puy-de-Dôme","02Z","Autres déchets","02D","Stockage",7120.7
2009,84,"Auvergne-Rhône-Alpes","63","Puy-de-Dôme","02Z","Autres déchets","02Z","Non précisé",3.2
2009,84,"Auvergne-Rhône-Alpes","69","Rhône","02A","Déchets dangereux","02A","Valorisation matière",476.85994
2009,84,"Auvergne-Rhône-Alpes","69","Rhône","02A","Déchets dangereux","02B","Incinération avec récupération d'énergie",2.65
2009,84,"Auvergne-Rhône-Alpes","69","Rhône","02A","Déchets dangereux","02D","Stockage",1.18
2009,84,"Auvergne-Rhône-Alpes","69","Rhône","02A","Déchets dangereux","02Z","Non précisé",1342.4748
2009,84,"Auvergne-Rhône-Alpes","69","Rhône","02B","Matériaux recyclables","02A","Valorisation matière",44944.68071
2009,84,"Auvergne-Rhône-Alpes","69","Rhône","02B","Matériaux recyclables","02E","Valorisation organique",2633.71596
2009,84,"Auvergne-Rhône-Alpes","69","Rhône","02B","Matériaux recyclables","02Z","Non précisé",3.96
2009,84,"Auvergne-Rhône-Alpes","69","Rhône","02C","Déchets verts","02E","Valorisation organique",56042.17068
2009,84,"Auvergne-Rhône-Alpes","69","Rhône","02D","Encombrants","02A","Valorisation matière",1579.04576
2009,84,"Auvergne-Rhône-Alpes","69","Rhône","02D","Encombrants","02D","Stockage",49291.461
2009,84,"Auvergne-Rhône-Alpes","69","Rhône","02E","Déblais et gravats","02A","Valorisation matière",9429.6737
2009,84,"Auvergne-Rhône-Alpes","69","Rhône","02E","Déblais et gravats","02D","Stockage",4338.63405
2009,84,"Auvergne-Rhône-Alpes","69","Rhône","02E","Déblais et gravats","02F","Stockage pour inertes",29679.73
2009,84,"Auvergne-Rhône-Alpes","69","Rhône","02E","Déblais et gravats","02Z","Non précisé",7674.12973
2009,84,"Auvergne-Rhône-Alpes","69","Rhône","02F","DEEE","02A","Valorisation matière",7398.02015
2009,84,"Auvergne-Rhône-Alpes","69","Rhône","02Z","Autres déchets","02A","Valorisation matière",1.76
2009,84,"Auvergne-Rhône-Alpes","73","Savoie","02A","Déchets dangereux","02A","Valorisation matière",294.96164
2009,84,"Auvergne-Rhône-Alpes","73","Savoie","02A","Déchets dangereux","02B","Incinération avec récupération d'énergie",4.54
2009,84,"Auvergne-Rhône-Alpes","73","Savoie","02A","Déchets dangereux","02D","Stockage",173.07116
2009,84,"Auvergne-Rhône-Alpes","73","Savoie","02A","Déchets dangereux","02Z","Non précisé",567.3457
2009,84,"Auvergne-Rhône-Alpes","73","Savoie","02B","Matériaux recyclables","02A","Valorisation matière",19847.97061
2009,84,"Auvergne-Rhône-Alpes","73","Savoie","02B","Matériaux recyclables","02E","Valorisation organique",8316.61178
2009,84,"Auvergne-Rhône-Alpes","73","Savoie","02B","Matériaux recyclables","02Z","Non précisé",0.68
2009,84,"Auvergne-Rhône-Alpes","73","Savoie","02C","Déchets verts","02E","Valorisation organique",33174.8587
2009,84,"Auvergne-Rhône-Alpes","73","Savoie","02D","Encombrants","02A","Valorisation matière",295.54949
2009,84,"Auvergne-Rhône-Alpes","73","Savoie","02D","Encombrants","02B","Incinération avec récupération d'énergie",9416.86801
2009,84,"Auvergne-Rhône-Alpes","73","Savoie","02D","Encombrants","02D","Stockage",12823.17825
2009,84,"Auvergne-Rhône-Alpes","73","Savoie","02D","Encombrants","02F","Stockage pour inertes",772.5
2009,84,"Auvergne-Rhône-Alpes","73","Savoie","02D","Encombrants","02Z","Non précisé",160.88
2009,84,"Auvergne-Rhône-Alpes","73","Savoie","02E","Déblais et gravats","02A","Valorisation matière",21918.92312
2009,84,"Auvergne-Rhône-Alpes","73","Savoie","02E","Déblais et gravats","02D","Stockage",7082.83
2009,84,"Auvergne-Rhône-Alpes","73","Savoie","02E","Déblais et gravats","02F","Stockage pour inertes",4213.95041
2009,84,"Auvergne-Rhône-Alpes","73","Savoie","02F","DEEE","02A","Valorisation matière",3889.96079
2009,84,"Auvergne-Rhône-Alpes","73","Savoie","02Z","Autres déchets","02A","Valorisation matière",39.67498
2009,84,"Auvergne-Rhône-Alpes","73","Savoie","02Z","Autres déchets","02B","Incinération avec récupération d'énergie",0.91
2009,84,"Auvergne-Rhône-Alpes","74","Haute-Savoie","02A","Déchets dangereux","02A","Valorisation matière",347.47845
2009,84,"Auvergne-Rhône-Alpes","74","Haute-Savoie","02A","Déchets dangereux","02B","Incinération avec récupération d'énergie",23.37
2009,84,"Auvergne-Rhône-Alpes","74","Haute-Savoie","02A","Déchets dangereux","02D","Stockage",7.86
2009,84,"Auvergne-Rhône-Alpes","74","Haute-Savoie","02A","Déchets dangereux","02Z","Non précisé",683.28
2009,84,"Auvergne-Rhône-Alpes","74","Haute-Savoie","02B","Matériaux recyclables","02A","Valorisation matière",30910.69
2009,84,"Auvergne-Rhône-Alpes","74","Haute-Savoie","02B","Matériaux recyclables","02B","Incinération avec récupération d'énergie",3210.52
2009,84,"Auvergne-Rhône-Alpes","74","Haute-Savoie","02B","Matériaux recyclables","02E","Valorisation organique",10197.28001
2009,84,"Auvergne-Rhône-Alpes","74","Haute-Savoie","02C","Déchets verts","02E","Valorisation organique",54386
2009,84,"Auvergne-Rhône-Alpes","74","Haute-Savoie","02D","Encombrants","02A","Valorisation matière",6614.76
2009,84,"Auvergne-Rhône-Alpes","74","Haute-Savoie","02D","Encombrants","02B","Incinération avec récupération d'énergie",21894.0636
2009,84,"Auvergne-Rhône-Alpes","74","Haute-Savoie","02D","Encombrants","02D","Stockage",9900.74001
2009,84,"Auvergne-Rhône-Alpes","74","Haute-Savoie","02D","Encombrants","02Z","Non précisé",541.09
2009,84,"Auvergne-Rhône-Alpes","74","Haute-Savoie","02E","Déblais et gravats","02A","Valorisation matière",15327.45
2009,84,"Auvergne-Rhône-Alpes","74","Haute-Savoie","02E","Déblais et gravats","02D","Stockage",1599.44
2009,84,"Auvergne-Rhône-Alpes","74","Haute-Savoie","02E","Déblais et gravats","02F","Stockage pour inertes",12275.40999
2009,84,"Auvergne-Rhône-Alpes","74","Haute-Savoie","02E","Déblais et gravats","02Z","Non précisé",8341.31999
2009,84,"Auvergne-Rhône-Alpes","74","Haute-Savoie","02F","DEEE","02A","Valorisation matière",2580.20002
2009,84,"Auvergne-Rhône-Alpes","74","Haute-Savoie","02Z","Autres déchets","02A","Valorisation matière",86.44
2009,84,"Auvergne-Rhône-Alpes","74","Haute-Savoie","02Z","Autres déchets","02B","Incinération avec récupération d'énergie",4.87
2009,27,"Bourgogne-Franche-Comté","21","Cote-d'Or","02A","Déchets dangereux","02A","Valorisation matière",23.70125
2009,27,"Bourgogne-Franche-Comté","21","Cote-d'Or","02A","Déchets dangereux","02B","Incinération avec récupération d'énergie",3.23216
2009,27,"Bourgogne-Franche-Comté","21","Cote-d'Or","02A","Déchets dangereux","02F","Stockage pour inertes",10.98
2009,27,"Bourgogne-Franche-Comté","21","Cote-d'Or","02A","Déchets dangereux","02Z","Non précisé",1122.74428
2009,27,"Bourgogne-Franche-Comté","21","Cote-d'Or","02B","Matériaux recyclables","02A","Valorisation matière",5019.49219
2009,27,"Bourgogne-Franche-Comté","21","Cote-d'Or","02B","Matériaux recyclables","02E","Valorisation organique",115.63806
2009,27,"Bourgogne-Franche-Comté","21","Cote-d'Or","02B","Matériaux recyclables","02Z","Non précisé",9463.06187
2009,27,"Bourgogne-Franche-Comté","21","Cote-d'Or","02C","Déchets verts","02E","Valorisation organique",37623.39088
2009,27,"Bourgogne-Franche-Comté","21","Cote-d'Or","02D","Encombrants","02A","Valorisation matière",14
2009,27,"Bourgogne-Franche-Comté","21","Cote-d'Or","02D","Encombrants","02B","Incinération avec récupération d'énergie",5094.74095
2009,27,"Bourgogne-Franche-Comté","21","Cote-d'Or","02D","Encombrants","02D","Stockage",8502.79542
2009,27,"Bourgogne-Franche-Comté","21","Cote-d'Or","02D","Encombrants","02Z","Non précisé",11144.00971
2009,27,"Bourgogne-Franche-Comté","21","Cote-d'Or","02E","Déblais et gravats","02A","Valorisation matière",93.7645
2009,27,"Bourgogne-Franche-Comté","21","Cote-d'Or","02E","Déblais et gravats","02F","Stockage pour inertes",12540.65
2009,27,"Bourgogne-Franche-Comté","21","Cote-d'Or","02E","Déblais et gravats","02Z","Non précisé",21023.87148
2009,27,"Bourgogne-Franche-Comté","21","Cote-d'Or","02F","DEEE","02A","Valorisation matière",14.07488
2009,27,"Bourgogne-Franche-Comté","21","Cote-d'Or","02F","DEEE","02Z","Non précisé",2769.87646
2009,27,"Bourgogne-Franche-Comté","21","Cote-d'Or","02Z","Autres déchets","02A","Valorisation matière",3.06
2009,27,"Bourgogne-Franche-Comté","21","Cote-d'Or","02Z","Autres déchets","02B","Incinération avec récupération d'énergie",0.12727
2009,27,"Bourgogne-Franche-Comté","21","Cote-d'Or","02Z","Autres déchets","02D","Stockage",100.82544
2009,27,"Bourgogne-Franche-Comté","21","Cote-d'Or","02Z","Autres déchets","02Z","Non précisé",15.98
2009,27,"Bourgogne-Franche-Comté","25","Doubs","02A","Déchets dangereux","02A","Valorisation matière",162.46039
2009,27,"Bourgogne-Franche-Comté","25","Doubs","02A","Déchets dangereux","02B","Incinération avec récupération d'énergie",83.87105
2009,27,"Bourgogne-Franche-Comté","25","Doubs","02A","Déchets dangereux","02C","Incinération sans récupération d'énergie",19.013
2009,27,"Bourgogne-Franche-Comté","25","Doubs","02A","Déchets dangereux","02Z","Non précisé",4777.51508
2009,27,"Bourgogne-Franche-Comté","25","Doubs","02B","Matériaux recyclables","02A","Valorisation matière",18086.7083
2009,27,"Bourgogne-Franche-Comté","25","Doubs","02B","Matériaux recyclables","02B","Incinération avec récupération d'énergie",1295
2009,27,"Bourgogne-Franche-Comté","25","Doubs","02B","Matériaux recyclables","02C","Incinération sans récupération d'énergie",0.9
2009,27,"Bourgogne-Franche-Comté","25","Doubs","02B","Matériaux recyclables","02E","Valorisation organique",1037
2009,27,"Bourgogne-Franche-Comté","25","Doubs","02B","Matériaux recyclables","02Z","Non précisé",120.92
2009,27,"Bourgogne-Franche-Comté","25","Doubs","02C","Déchets verts","02A","Valorisation matière",142
2009,27,"Bourgogne-Franche-Comté","25","Doubs","02C","Déchets verts","02E","Valorisation organique",27826.43456
2009,27,"Bourgogne-Franche-Comté","25","Doubs","02C","Déchets verts","02F","Stockage pour inertes",678
2009,27,"Bourgogne-Franche-Comté","25","Doubs","02D","Encombrants","02A","Valorisation matière",127.64
2009,27,"Bourgogne-Franche-Comté","25","Doubs","02D","Encombrants","02B","Incinération avec récupération d'énergie",7416.99
2009,27,"Bourgogne-Franche-Comté","25","Doubs","02D","Encombrants","02D","Stockage",16553.85291
2009,27,"Bourgogne-Franche-Comté","25","Doubs","02D","Encombrants","02Z","Non précisé",2836.71166
2009,27,"Bourgogne-Franche-Comté","25","Doubs","02E","Déblais et gravats","02D","Stockage",10176.10505
2009,27,"Bourgogne-Franche-Comté","25","Doubs","02E","Déblais et gravats","02F","Stockage pour inertes",6197.64614
2009,27,"Bourgogne-Franche-Comté","25","Doubs","02E","Déblais et gravats","02Z","Non précisé",44
2009,27,"Bourgogne-Franche-Comté","25","Doubs","02F","DEEE","02A","Valorisation matière",1012.78817
2009,27,"Bourgogne-Franche-Comté","25","Doubs","02F","DEEE","02Z","Non précisé",1556.42868
2009,27,"Bourgogne-Franche-Comté","25","Doubs","02Z","Autres déchets","02A","Valorisation matière",14.257
2009,27,"Bourgogne-Franche-Comté","25","Doubs","02Z","Autres déchets","02B","Incinération avec récupération d'énergie",21.72245
2009,27,"Bourgogne-Franche-Comté","25","Doubs","02Z","Autres déchets","02C","Incinération sans récupération d'énergie",8
2009,27,"Bourgogne-Franche-Comté","25","Doubs","02Z","Autres déchets","02D","Stockage",128.67
2009,27,"Bourgogne-Franche-Comté","25","Doubs","02Z","Autres déchets","02E","Valorisation organique",2.8
2009,27,"Bourgogne-Franche-Comté","25","Doubs","02Z","Autres déchets","02Z","Non précisé",5.50326
2009,27,"Bourgogne-Franche-Comté","39","Jura","02A","Déchets dangereux","02A","Valorisation matière",222.084
2009,27,"Bourgogne-Franche-Comté","39","Jura","02A","Déchets dangereux","02B","Incinération avec récupération d'énergie",68.179
2009,27,"Bourgogne-Franche-Comté","39","Jura","02A","Déchets dangereux","02C","Incinération sans récupération d'énergie",125.162
2009,27,"Bourgogne-Franche-Comté","39","Jura","02B","Matériaux recyclables","02A","Valorisation matière",12462.255
2009,27,"Bourgogne-Franche-Comté","39","Jura","02C","Déchets verts","02E","Valorisation organique",10564.604
2009,27,"Bourgogne-Franche-Comté","39","Jura","02D","Encombrants","02A","Valorisation matière",1127.21
2009,27,"Bourgogne-Franche-Comté","39","Jura","02D","Encombrants","02D","Stockage",11361.16
2009,27,"Bourgogne-Franche-Comté","39","Jura","02D","Encombrants","02F","Stockage pour inertes",144.98
2009,27,"Bourgogne-Franche-Comté","39","Jura","02E","Déblais et gravats","02F","Stockage pour inertes",7533.36
2009,27,"Bourgogne-Franche-Comté","39","Jura","02F","DEEE","02A","Valorisation matière",1398.797
2009,27,"Bourgogne-Franche-Comté","39","Jura","02F","DEEE","02D","Stockage",48.235
2009,27,"Bourgogne-Franche-Comté","39","Jura","02F","DEEE","02Z","Non précisé",480.527
2009,27,"Bourgogne-Franche-Comté","39","Jura","02Z","Autres déchets","02A","Valorisation matière",11.015
2009,27,"Bourgogne-Franche-Comté","39","Jura","02Z","Autres déchets","02B","Incinération avec récupération d'énergie",722.64
2009,27,"Bourgogne-Franche-Comté","39","Jura","02Z","Autres déchets","02Z","Non précisé",6.544
2009,27,"Bourgogne-Franche-Comté","58","Nièvre","02A","Déchets dangereux","02A","Valorisation matière",268.68912
2009,27,"Bourgogne-Franche-Comté","58","Nièvre","02A","Déchets dangereux","02B","Incinération avec récupération d'énergie",1.663
2009,27,"Bourgogne-Franche-Comté","58","Nièvre","02A","Déchets dangereux","02C","Incinération sans récupération d'énergie",1.81429
2009,27,"Bourgogne-Franche-Comté","58","Nièvre","02A","Déchets dangereux","02D","Stockage",9.69
2009,27,"Bourgogne-Franche-Comté","58","Nièvre","02A","Déchets dangereux","02Z","Non précisé",199.03848
2009,27,"Bourgogne-Franche-Comté","58","Nièvre","02B","Matériaux recyclables","02A","Valorisation matière",6952.29068
2009,27,"Bourgogne-Franche-Comté","58","Nièvre","02B","Matériaux recyclables","02C","Incinération sans récupération d'énergie",0.01955
2009,27,"Bourgogne-Franche-Comté","58","Nièvre","02B","Matériaux recyclables","02D","Stockage",76
2009,27,"Bourgogne-Franche-Comté","58","Nièvre","02B","Matériaux recyclables","02E","Valorisation organique",206.40396
2009,27,"Bourgogne-Franche-Comté","58","Nièvre","02B","Matériaux recyclables","02F","Stockage pour inertes",272.28
2009,27,"Bourgogne-Franche-Comté","58","Nièvre","02B","Matériaux recyclables","02Z","Non précisé",1176.70001
2009,27,"Bourgogne-Franche-Comté","58","Nièvre","02C","Déchets verts","02A","Valorisation matière",217.445
2009,27,"Bourgogne-Franche-Comté","58","Nièvre","02C","Déchets verts","02E","Valorisation organique",15232.87982
2009,27,"Bourgogne-Franche-Comté","58","Nièvre","02D","Encombrants","02A","Valorisation matière",610.92
2009,27,"Bourgogne-Franche-Comté","58","Nièvre","02D","Encombrants","02B","Incinération avec récupération d'énergie",817.15999
2009,27,"Bourgogne-Franche-Comté","58","Nièvre","02D","Encombrants","02D","Stockage",6314.48581
2009,27,"Bourgogne-Franche-Comté","58","Nièvre","02D","Encombrants","02Z","Non précisé",67.42497
2009,27,"Bourgogne-Franche-Comté","58","Nièvre","02E","Déblais et gravats","02A","Valorisation matière",5360.94054
2009,27,"Bourgogne-Franche-Comté","58","Nièvre","02E","Déblais et gravats","02D","Stockage",3280.62754
2009,27,"Bourgogne-Franche-Comté","58","Nièvre","02E","Déblais et gravats","02F","Stockage pour inertes",1851.26
2009,27,"Bourgogne-Franche-Comté","58","Nièvre","02F","DEEE","02A","Valorisation matière",1666.87853
2009,27,"Bourgogne-Franche-Comté","58","Nièvre","02F","DEEE","02Z","Non précisé",91.263
2009,27,"Bourgogne-Franche-Comté","58","Nièvre","02Z","Autres déchets","02A","Valorisation matière",4.34
2009,27,"Bourgogne-Franche-Comté","58","Nièvre","02Z","Autres déchets","02B","Incinération avec récupération d'énergie",537.37428
2009,27,"Bourgogne-Franche-Comté","58","Nièvre","02Z","Autres déchets","02D","Stockage",3530.18422
2009,27,"Bourgogne-Franche-Comté","58","Nièvre","02Z","Autres déchets","02Z","Non précisé",2.61315
2009,27,"Bourgogne-Franche-Comté","70","Haute-Saône","02A","Déchets dangereux","02A","Valorisation matière",582.85172
2009,27,"Bourgogne-Franche-Comté","70","Haute-Saône","02A","Déchets dangereux","02B","Incinération avec récupération d'énergie",1.03895
2009,27,"Bourgogne-Franche-Comté","70","Haute-Saône","02A","Déchets dangereux","02F","Stockage pour inertes",0.36172
2009,27,"Bourgogne-Franche-Comté","70","Haute-Saône","02A","Déchets dangereux","02Z","Non précisé",12.15418
2009,27,"Bourgogne-Franche-Comté","70","Haute-Saône","02B","Matériaux recyclables","02A","Valorisation matière",14112.55476
2009,27,"Bourgogne-Franche-Comté","70","Haute-Saône","02B","Matériaux recyclables","02Z","Non précisé",55.27502
2009,27,"Bourgogne-Franche-Comté","70","Haute-Saône","02C","Déchets verts","02E","Valorisation organique",13598.10279
2009,27,"Bourgogne-Franche-Comté","70","Haute-Saône","02D","Encombrants","02A","Valorisation matière",10.39049
2009,27,"Bourgogne-Franche-Comté","70","Haute-Saône","02D","Encombrants","02B","Incinération avec récupération d'énergie",703.49126
2009,27,"Bourgogne-Franche-Comté","70","Haute-Saône","02D","Encombrants","02D","Stockage",13903.48167
2009,27,"Bourgogne-Franche-Comté","70","Haute-Saône","02D","Encombrants","02Z","Non précisé",257.71863
2009,27,"Bourgogne-Franche-Comté","70","Haute-Saône","02E","Déblais et gravats","02A","Valorisation matière",146.6445
2009,27,"Bourgogne-Franche-Comté","70","Haute-Saône","02E","Déblais et gravats","02D","Stockage",215.89495
2009,27,"Bourgogne-Franche-Comté","70","Haute-Saône","02E","Déblais et gravats","02F","Stockage pour inertes",13105.22516
2009,27,"Bourgogne-Franche-Comté","70","Haute-Saône","02E","Déblais et gravats","02Z","Non précisé",22.42852
2009,27,"Bourgogne-Franche-Comté","70","Haute-Saône","02F","DEEE","02A","Valorisation matière",1861.35941
2009,27,"Bourgogne-Franche-Comté","70","Haute-Saône","02F","DEEE","02Z","Non précisé",20.64484
2009,27,"Bourgogne-Franche-Comté","70","Haute-Saône","02Z","Autres déchets","02A","Valorisation matière",1.14113
2009,27,"Bourgogne-Franche-Comté","70","Haute-Saône","02Z","Autres déchets","02B","Incinération avec récupération d'énergie",0.34556
2009,27,"Bourgogne-Franche-Comté","70","Haute-Saône","02Z","Autres déchets","02Z","Non précisé",42.63673
2009,27,"Bourgogne-Franche-Comté","71","Saône-et-Loire","02A","Déchets dangereux","02A","Valorisation matière",364.86594
2009,27,"Bourgogne-Franche-Comté","71","Saône-et-Loire","02A","Déchets dangereux","02B","Incinération avec récupération d'énergie",628.99124
2009,27,"Bourgogne-Franche-Comté","71","Saône-et-Loire","02A","Déchets dangereux","02D","Stockage",217.10581
2009,27,"Bourgogne-Franche-Comté","71","Saône-et-Loire","02A","Déchets dangereux","02F","Stockage pour inertes",142.96406
2009,27,"Bourgogne-Franche-Comté","71","Saône-et-Loire","02A","Déchets dangereux","02Z","Non précisé",31.39342
2009,27,"Bourgogne-Franche-Comté","71","Saône-et-Loire","02B","Matériaux recyclables","02A","Valorisation matière",21750.18921
2009,27,"Bourgogne-Franche-Comté","71","Saône-et-Loire","02B","Matériaux recyclables","02B","Incinération avec récupération d'énergie",108.523
2009,27,"Bourgogne-Franche-Comté","71","Saône-et-Loire","02B","Matériaux recyclables","02D","Stockage",1853.7981
2009,27,"Bourgogne-Franche-Comté","71","Saône-et-Loire","02B","Matériaux recyclables","02E","Valorisation organique",1951.86194
2009,27,"Bourgogne-Franche-Comté","71","Saône-et-Loire","02B","Matériaux recyclables","02Z","Non précisé",69.02
2009,27,"Bourgogne-Franche-Comté","71","Saône-et-Loire","02C","Déchets verts","02A","Valorisation matière",577.63
2009,27,"Bourgogne-Franche-Comté","71","Saône-et-Loire","02C","Déchets verts","02E","Valorisation organique",45062.97362
2009,27,"Bourgogne-Franche-Comté","71","Saône-et-Loire","02D","Encombrants","02A","Valorisation matière",23.24057
2009,27,"Bourgogne-Franche-Comté","71","Saône-et-Loire","02D","Encombrants","02B","Incinération avec récupération d'énergie",2.25
2009,27,"Bourgogne-Franche-Comté","71","Saône-et-Loire","02D","Encombrants","02D","Stockage",7871.11358
2009,27,"Bourgogne-Franche-Comté","71","Saône-et-Loire","02D","Encombrants","02Z","Non précisé",0.007
2009,27,"Bourgogne-Franche-Comté","71","Saône-et-Loire","02E","Déblais et gravats","02A","Valorisation matière",5508.82642
2009,27,"Bourgogne-Franche-Comté","71","Saône-et-Loire","02E","Déblais et gravats","02D","Stockage",8160.26617
2009,27,"Bourgogne-Franche-Comté","71","Saône-et-Loire","02E","Déblais et gravats","02F","Stockage pour inertes",11671.01372
2009,27,"Bourgogne-Franche-Comté","71","Saône-et-Loire","02E","Déblais et gravats","02Z","Non précisé",30
2009,27,"Bourgogne-Franche-Comté","71","Saône-et-Loire","02F","DEEE","02A","Valorisation matière",3273.16728
2009,27,"Bourgogne-Franche-Comté","71","Saône-et-Loire","02Z","Autres déchets","02A","Valorisation matière",1.87018
2009,27,"Bourgogne-Franche-Comté","71","Saône-et-Loire","02Z","Autres déchets","02B","Incinération avec récupération d'énergie",23.32305
2009,27,"Bourgogne-Franche-Comté","71","Saône-et-Loire","02Z","Autres déchets","02D","Stockage",26499.89465
2009,27,"Bourgogne-Franche-Comté","71","Saône-et-Loire","02Z","Autres déchets","02Z","Non précisé",3.31686
2009,27,"Bourgogne-Franche-Comté","89","Yonne","02A","Déchets dangereux","02A","Valorisation matière",671.20551
2009,27,"Bourgogne-Franche-Comté","89","Yonne","02A","Déchets dangereux","02B","Incinération avec récupération d'énergie",0.114
2009,27,"Bourgogne-Franche-Comté","89","Yonne","02A","Déchets dangereux","02D","Stockage",0.178
2009,27,"Bourgogne-Franche-Comté","89","Yonne","02B","Matériaux recyclables","02A","Valorisation matière",6954.382
2009,27,"Bourgogne-Franche-Comté","89","Yonne","02B","Matériaux recyclables","02E","Valorisation organique",600.28
2009,27,"Bourgogne-Franche-Comté","89","Yonne","02C","Déchets verts","02A","Valorisation matière",975.1
2009,27,"Bourgogne-Franche-Comté","89","Yonne","02C","Déchets verts","02E","Valorisation organique",14927.64001
2009,27,"Bourgogne-Franche-Comté","89","Yonne","02D","Encombrants","02A","Valorisation matière",88.945
2009,27,"Bourgogne-Franche-Comté","89","Yonne","02D","Encombrants","02B","Incinération avec récupération d'énergie",509.93
2009,27,"Bourgogne-Franche-Comté","89","Yonne","02D","Encombrants","02D","Stockage",16020.45
2009,27,"Bourgogne-Franche-Comté","89","Yonne","02E","Déblais et gravats","02A","Valorisation matière",11291.89
2009,27,"Bourgogne-Franche-Comté","89","Yonne","02E","Déblais et gravats","02D","Stockage",2893.41
2009,27,"Bourgogne-Franche-Comté","89","Yonne","02E","Déblais et gravats","02F","Stockage pour inertes",3573.34
2009,27,"Bourgogne-Franche-Comté","89","Yonne","02F","DEEE","02A","Valorisation matière",2347.74099
2009,27,"Bourgogne-Franche-Comté","89","Yonne","02Z","Autres déchets","02A","Valorisation matière",3.697
2009,27,"Bourgogne-Franche-Comté","89","Yonne","02Z","Autres déchets","02B","Incinération avec récupération d'énergie",12.885
2009,27,"Bourgogne-Franche-Comté","90","Territoire-de-Belfort","02A","Déchets dangereux","02A","Valorisation matière",98.52833
2009,27,"Bourgogne-Franche-Comté","90","Territoire-de-Belfort","02A","Déchets dangereux","02Z","Non précisé",32.83801
2009,27,"Bourgogne-Franche-Comté","90","Territoire-de-Belfort","02B","Matériaux recyclables","02A","Valorisation matière",1833.14606
2009,27,"Bourgogne-Franche-Comté","90","Territoire-de-Belfort","02B","Matériaux recyclables","02Z","Non précisé",90.0387
2009,27,"Bourgogne-Franche-Comté","90","Territoire-de-Belfort","02C","Déchets verts","02E","Valorisation organique",3510.11012
2009,27,"Bourgogne-Franche-Comté","90","Territoire-de-Belfort","02D","Encombrants","02A","Valorisation matière",60.29358
2009,27,"Bourgogne-Franche-Comté","90","Territoire-de-Belfort","02D","Encombrants","02B","Incinération avec récupération d'énergie",2815.00914
2009,27,"Bourgogne-Franche-Comté","90","Territoire-de-Belfort","02D","Encombrants","02Z","Non précisé",108
2009,27,"Bourgogne-Franche-Comté","90","Territoire-de-Belfort","02E","Déblais et gravats","02A","Valorisation matière",269.3777
2009,27,"Bourgogne-Franche-Comté","90","Territoire-de-Belfort","02E","Déblais et gravats","02F","Stockage pour inertes",1946.20047
2009,27,"Bourgogne-Franche-Comté","90","Territoire-de-Belfort","02F","DEEE","02A","Valorisation matière",313.95766
2009,27,"Bourgogne-Franche-Comté","90","Territoire-de-Belfort","02Z","Autres déchets","02A","Valorisation matière",4.65614
2009,27,"Bourgogne-Franche-Comté","90","Territoire-de-Belfort","02Z","Autres déchets","02C","Incinération sans récupération d'énergie",0.2
2009,53,"Bretagne","22","Cotes-d'Armor","02A","Déchets dangereux","02A","Valorisation matière",962.69264
2009,53,"Bretagne","22","Cotes-d'Armor","02A","Déchets dangereux","02B","Incinération avec récupération d'énergie",167.39953
2009,53,"Bretagne","22","Cotes-d'Armor","02A","Déchets dangereux","02C","Incinération sans récupération d'énergie",135.07078
2009,53,"Bretagne","22","Cotes-d'Armor","02A","Déchets dangereux","02D","Stockage",103.65
2009,53,"Bretagne","22","Cotes-d'Armor","02A","Déchets dangereux","02E","Valorisation organique",8
2009,53,"Bretagne","22","Cotes-d'Armor","02A","Déchets dangereux","02F","Stockage pour inertes",75
2009,53,"Bretagne","22","Cotes-d'Armor","02A","Déchets dangereux","02Z","Non précisé",2703.91099
2009,53,"Bretagne","22","Cotes-d'Armor","02B","Matériaux recyclables","02A","Valorisation matière",24358.83793
2009,53,"Bretagne","22","Cotes-d'Armor","02B","Matériaux recyclables","02B","Incinération avec récupération d'énergie",663.66
2009,53,"Bretagne","22","Cotes-d'Armor","02B","Matériaux recyclables","02C","Incinération sans récupération d'énergie",1.373
2009,53,"Bretagne","22","Cotes-d'Armor","02B","Matériaux recyclables","02E","Valorisation organique",261.63247
2009,53,"Bretagne","22","Cotes-d'Armor","02B","Matériaux recyclables","02Z","Non précisé",9
2009,53,"Bretagne","22","Cotes-d'Armor","02C","Déchets verts","02A","Valorisation matière",9565.66678
2009,53,"Bretagne","22","Cotes-d'Armor","02C","Déchets verts","02E","Valorisation organique",75574.87131
2009,53,"Bretagne","22","Cotes-d'Armor","02C","Déchets verts","02Z","Non précisé",2063
2009,53,"Bretagne","22","Cotes-d'Armor","02D","Encombrants","02A","Valorisation matière",189.06
2009,53,"Bretagne","22","Cotes-d'Armor","02D","Encombrants","02B","Incinération avec récupération d'énergie",12895.12359
2009,53,"Bretagne","22","Cotes-d'Armor","02D","Encombrants","02C","Incinération sans récupération d'énergie",162
2009,53,"Bretagne","22","Cotes-d'Armor","02D","Encombrants","02D","Stockage",18095.13894
2009,53,"Bretagne","22","Cotes-d'Armor","02D","Encombrants","02F","Stockage pour inertes",722.74
2009,53,"Bretagne","22","Cotes-d'Armor","02D","Encombrants","02Z","Non précisé",2.94015
2009,53,"Bretagne","22","Cotes-d'Armor","02E","Déblais et gravats","02D","Stockage",3797.21669
2009,53,"Bretagne","22","Cotes-d'Armor","02E","Déblais et gravats","02F","Stockage pour inertes",29218.52498
2009,53,"Bretagne","22","Cotes-d'Armor","02E","Déblais et gravats","02Z","Non précisé",2987
2009,53,"Bretagne","22","Cotes-d'Armor","02F","DEEE","02A","Valorisation matière",3255.39909
2009,53,"Bretagne","22","Cotes-d'Armor","02F","DEEE","02Z","Non précisé",248.72424
2009,53,"Bretagne","22","Cotes-d'Armor","02Z","Autres déchets","02A","Valorisation matière",18.32862
2009,53,"Bretagne","22","Cotes-d'Armor","02Z","Autres déchets","02B","Incinération avec récupération d'énergie",0.77912
2009,53,"Bretagne","22","Cotes-d'Armor","02Z","Autres déchets","02C","Incinération sans récupération d'énergie",0.54
2009,53,"Bretagne","22","Cotes-d'Armor","02Z","Autres déchets","02D","Stockage",0.29085
2009,53,"Bretagne","22","Cotes-d'Armor","02Z","Autres déchets","02Z","Non précisé",16.31362
2009,53,"Bretagne","29","Finistère","02A","Déchets dangereux","02A","Valorisation matière",245.5664
2009,53,"Bretagne","29","Finistère","02A","Déchets dangereux","02B","Incinération avec récupération d'énergie",230.7024
2009,53,"Bretagne","29","Finistère","02A","Déchets dangereux","02C","Incinération sans récupération d'énergie",9.461
2009,53,"Bretagne","29","Finistère","02A","Déchets dangereux","02D","Stockage",217
2009,53,"Bretagne","29","Finistère","02A","Déchets dangereux","02E","Valorisation organique",0.26
2009,53,"Bretagne","29","Finistère","02A","Déchets dangereux","02F","Stockage pour inertes",47
2009,53,"Bretagne","29","Finistère","02A","Déchets dangereux","02Z","Non précisé",993.40854
2009,53,"Bretagne","29","Finistère","02B","Matériaux recyclables","02A","Valorisation matière",21765.1601
2009,53,"Bretagne","29","Finistère","02B","Matériaux recyclables","02B","Incinération avec récupération d'énergie",2239.43
2009,53,"Bretagne","29","Finistère","02B","Matériaux recyclables","02C","Incinération sans récupération d'énergie",1.754
2009,53,"Bretagne","29","Finistère","02B","Matériaux recyclables","02D","Stockage",288.46
2009,53,"Bretagne","29","Finistère","02B","Matériaux recyclables","02E","Valorisation organique",393.46
2009,53,"Bretagne","29","Finistère","02B","Matériaux recyclables","02Z","Non précisé",3390.104
2009,53,"Bretagne","29","Finistère","02C","Déchets verts","02A","Valorisation matière",1004
2009,53,"Bretagne","29","Finistère","02C","Déchets verts","02E","Valorisation organique",143002.7508
2009,53,"Bretagne","29","Finistère","02C","Déchets verts","02Z","Non précisé",12586.25
2009,53,"Bretagne","29","Finistère","02D","Encombrants","02A","Valorisation matière",2552.72
2009,53,"Bretagne","29","Finistère","02D","Encombrants","02B","Incinération avec récupération d'énergie",18924.63642
2009,53,"Bretagne","29","Finistère","02D","Encombrants","02D","Stockage",19406.12196
2009,53,"Bretagne","29","Finistère","02D","Encombrants","02Z","Non précisé",23467.12985
2009,53,"Bretagne","29","Finistère","02E","Déblais et gravats","02D","Stockage",4473.58331
2009,53,"Bretagne","29","Finistère","02E","Déblais et gravats","02F","Stockage pour inertes",72837.13268
2009,53,"Bretagne","29","Finistère","02E","Déblais et gravats","02Z","Non précisé",964.78
2009,53,"Bretagne","29","Finistère","02F","DEEE","02A","Valorisation matière",1950.20788
2009,53,"Bretagne","29","Finistère","02F","DEEE","02Z","Non précisé",1341.10576
2009,53,"Bretagne","29","Finistère","02Z","Autres déchets","02A","Valorisation matière",15.867
2009,53,"Bretagne","29","Finistère","02Z","Autres déchets","02B","Incinération avec récupération d'énergie",129.08557
2009,53,"Bretagne","29","Finistère","02Z","Autres déchets","02D","Stockage",1015.8
2009,53,"Bretagne","29","Finistère","02Z","Autres déchets","02E","Valorisation organique",2
2009,53,"Bretagne","29","Finistère","02Z","Autres déchets","02Z","Non précisé",15.74638
2009,53,"Bretagne","35","Ille-et-Vilaine","02A","Déchets dangereux","02A","Valorisation matière",326.79917
2009,53,"Bretagne","35","Ille-et-Vilaine","02A","Déchets dangereux","02B","Incinération avec récupération d'énergie",473.59901
2009,53,"Bretagne","35","Ille-et-Vilaine","02A","Déchets dangereux","02C","Incinération sans récupération d'énergie",85.1607
2009,53,"Bretagne","35","Ille-et-Vilaine","02A","Déchets dangereux","02F","Stockage pour inertes",658
2009,53,"Bretagne","35","Ille-et-Vilaine","02A","Déchets dangereux","02Z","Non précisé",457.52043
2009,53,"Bretagne","35","Ille-et-Vilaine","02B","Matériaux recyclables","02A","Valorisation matière",20904.97567
2009,53,"Bretagne","35","Ille-et-Vilaine","02B","Matériaux recyclables","02B","Incinération avec récupération d'énergie",600.6
2009,53,"Bretagne","35","Ille-et-Vilaine","02B","Matériaux recyclables","02E","Valorisation organique",1274.42187
2009,53,"Bretagne","35","Ille-et-Vilaine","02B","Matériaux recyclables","02Z","Non précisé",724.77847
2009,53,"Bretagne","35","Ille-et-Vilaine","02C","Déchets verts","02A","Valorisation matière",6267.56909
2009,53,"Bretagne","35","Ille-et-Vilaine","02C","Déchets verts","02E","Valorisation organique",63675.85511
2009,53,"Bretagne","35","Ille-et-Vilaine","02C","Déchets verts","02Z","Non précisé",12966.23056
2009,53,"Bretagne","35","Ille-et-Vilaine","02D","Encombrants","02B","Incinération avec récupération d'énergie",8846.82414
2009,53,"Bretagne","35","Ille-et-Vilaine","02D","Encombrants","02D","Stockage",35361.78163
2009,53,"Bretagne","35","Ille-et-Vilaine","02D","Encombrants","02Z","Non précisé",4337.70301
2009,53,"Bretagne","35","Ille-et-Vilaine","02E","Déblais et gravats","02A","Valorisation matière",4419.47289
2009,53,"Bretagne","35","Ille-et-Vilaine","02E","Déblais et gravats","02F","Stockage pour inertes",52413.11822
2009,53,"Bretagne","35","Ille-et-Vilaine","02F","DEEE","02A","Valorisation matière",3287.21511
2009,53,"Bretagne","35","Ille-et-Vilaine","02F","DEEE","02Z","Non précisé",8619.05674
2009,53,"Bretagne","35","Ille-et-Vilaine","02Z","Autres déchets","02A","Valorisation matière",18.64942
2009,53,"Bretagne","35","Ille-et-Vilaine","02Z","Autres déchets","02B","Incinération avec récupération d'énergie",19.28956
2009,53,"Bretagne","35","Ille-et-Vilaine","02Z","Autres déchets","02D","Stockage",3.2562
2009,53,"Bretagne","35","Ille-et-Vilaine","02Z","Autres déchets","02E","Valorisation organique",0.24
2009,53,"Bretagne","35","Ille-et-Vilaine","02Z","Autres déchets","02Z","Non précisé",342.18331
2009,53,"Bretagne","56","Morbihan","02A","Déchets dangereux","02A","Valorisation matière",193.43039
2009,53,"Bretagne","56","Morbihan","02A","Déchets dangereux","02B","Incinération avec récupération d'énergie",40.14955
2009,53,"Bretagne","56","Morbihan","02A","Déchets dangereux","02C","Incinération sans récupération d'énergie",13.21151
2009,53,"Bretagne","56","Morbihan","02A","Déchets dangereux","02D","Stockage",10
2009,53,"Bretagne","56","Morbihan","02A","Déchets dangereux","02Z","Non précisé",448.24447
2009,53,"Bretagne","56","Morbihan","02B","Matériaux recyclables","02A","Valorisation matière",23681.14385
2009,53,"Bretagne","56","Morbihan","02B","Matériaux recyclables","02B","Incinération avec récupération d'énergie",280.4
2009,53,"Bretagne","56","Morbihan","02B","Matériaux recyclables","02E","Valorisation organique",1284.4189
2009,53,"Bretagne","56","Morbihan","02B","Matériaux recyclables","02Z","Non précisé",974.34851
2009,53,"Bretagne","56","Morbihan","02C","Déchets verts","02A","Valorisation matière",5224.05179
2009,53,"Bretagne","56","Morbihan","02C","Déchets verts","02E","Valorisation organique",79121.16014
2009,53,"Bretagne","56","Morbihan","02C","Déchets verts","02Z","Non précisé",444.16707
2009,53,"Bretagne","56","Morbihan","02D","Encombrants","02A","Valorisation matière",9200.65999
2009,53,"Bretagne","56","Morbihan","02D","Encombrants","02B","Incinération avec récupération d'énergie",732
2009,53,"Bretagne","56","Morbihan","02D","Encombrants","02D","Stockage",31065.98116
2009,53,"Bretagne","56","Morbihan","02D","Encombrants","02Z","Non précisé",603.24418
2009,53,"Bretagne","56","Morbihan","02E","Déblais et gravats","02A","Valorisation matière",2562.64
2009,53,"Bretagne","56","Morbihan","02E","Déblais et gravats","02D","Stockage",5346.50283
2009,53,"Bretagne","56","Morbihan","02E","Déblais et gravats","02F","Stockage pour inertes",43670.9391
2009,53,"Bretagne","56","Morbihan","02E","Déblais et gravats","02Z","Non précisé",290
2009,53,"Bretagne","56","Morbihan","02F","DEEE","02A","Valorisation matière",670.01491
2009,53,"Bretagne","56","Morbihan","02F","DEEE","02Z","Non précisé",720.3554
2009,53,"Bretagne","56","Morbihan","02Z","Autres déchets","02A","Valorisation matière",6.35896
2009,53,"Bretagne","56","Morbihan","02Z","Autres déchets","02B","Incinération avec récupération d'énergie",0.30375
2009,53,"Bretagne","56","Morbihan","02Z","Autres déchets","02D","Stockage",0.78396
2009,53,"Bretagne","56","Morbihan","02Z","Autres déchets","02Z","Non précisé",9.959
2009,24,"Centre-Val de Loire","18","Cher","02A","Déchets dangereux","02A","Valorisation matière",92.84602
2009,24,"Centre-Val de Loire","18","Cher","02A","Déchets dangereux","02B","Incinération avec récupération d'énergie",179.47813
2009,24,"Centre-Val de Loire","18","Cher","02A","Déchets dangereux","02C","Incinération sans récupération d'énergie",2.894
2009,24,"Centre-Val de Loire","18","Cher","02A","Déchets dangereux","02Z","Non précisé",129.48236
2009,24,"Centre-Val de Loire","18","Cher","02B","Matériaux recyclables","02A","Valorisation matière",8004.31479
2009,24,"Centre-Val de Loire","18","Cher","02B","Matériaux recyclables","02C","Incinération sans récupération d'énergie",0.18193
2009,24,"Centre-Val de Loire","18","Cher","02B","Matériaux recyclables","02D","Stockage",3.54159
2009,24,"Centre-Val de Loire","18","Cher","02B","Matériaux recyclables","02E","Valorisation organique",398.37604
2009,24,"Centre-Val de Loire","18","Cher","02B","Matériaux recyclables","02Z","Non précisé",758.84
2009,24,"Centre-Val de Loire","18","Cher","02C","Déchets verts","02E","Valorisation organique",21744.58756
2009,24,"Centre-Val de Loire","18","Cher","02D","Encombrants","02A","Valorisation matière",338.8
2009,24,"Centre-Val de Loire","18","Cher","02D","Encombrants","02D","Stockage",16309.34084
2009,24,"Centre-Val de Loire","18","Cher","02D","Encombrants","02Z","Non précisé",229.13503
2009,24,"Centre-Val de Loire","18","Cher","02E","Déblais et gravats","02A","Valorisation matière",4199.49947
2009,24,"Centre-Val de Loire","18","Cher","02E","Déblais et gravats","02D","Stockage",1772.95346
2009,24,"Centre-Val de Loire","18","Cher","02E","Déblais et gravats","02F","Stockage pour inertes",8997.38322
2009,24,"Centre-Val de Loire","18","Cher","02F","DEEE","02A","Valorisation matière",450.00614
2009,24,"Centre-Val de Loire","18","Cher","02Z","Autres déchets","02A","Valorisation matière",4.45
2009,24,"Centre-Val de Loire","18","Cher","02Z","Autres déchets","02B","Incinération avec récupération d'énergie",11.44572
2009,24,"Centre-Val de Loire","18","Cher","02Z","Autres déchets","02D","Stockage",819.67578
2009,24,"Centre-Val de Loire","18","Cher","02Z","Autres déchets","02Z","Non précisé",2.67885
2009,24,"Centre-Val de Loire","28","Eure-et-Loir","02A","Déchets dangereux","02A","Valorisation matière",263.13174
2009,24,"Centre-Val de Loire","28","Eure-et-Loir","02A","Déchets dangereux","02B","Incinération avec récupération d'énergie",29.982
2009,24,"Centre-Val de Loire","28","Eure-et-Loir","02A","Déchets dangereux","02C","Incinération sans récupération d'énergie",0.63
2009,24,"Centre-Val de Loire","28","Eure-et-Loir","02A","Déchets dangereux","02D","Stockage",0.34775
2009,24,"Centre-Val de Loire","28","Eure-et-Loir","02A","Déchets dangereux","02Z","Non précisé",155.23489
2009,24,"Centre-Val de Loire","28","Eure-et-Loir","02B","Matériaux recyclables","02A","Valorisation matière",9027.36836
2009,24,"Centre-Val de Loire","28","Eure-et-Loir","02B","Matériaux recyclables","02B","Incinération avec récupération d'énergie",635.76
2009,24,"Centre-Val de Loire","28","Eure-et-Loir","02C","Déchets verts","02E","Valorisation organique",24165.85
2009,24,"Centre-Val de Loire","28","Eure-et-Loir","02D","Encombrants","02A","Valorisation matière",420.00869
2009,24,"Centre-Val de Loire","28","Eure-et-Loir","02D","Encombrants","02B","Incinération avec récupération d'énergie",202.07563
2009,24,"Centre-Val de Loire","28","Eure-et-Loir","02D","Encombrants","02D","Stockage",21508.28005
2009,24,"Centre-Val de Loire","28","Eure-et-Loir","02E","Déblais et gravats","02A","Valorisation matière",7271.72
2009,24,"Centre-Val de Loire","28","Eure-et-Loir","02E","Déblais et gravats","02D","Stockage",2919.27537
2009,24,"Centre-Val de Loire","28","Eure-et-Loir","02E","Déblais et gravats","02F","Stockage pour inertes",14573.43114
2009,24,"Centre-Val de Loire","28","Eure-et-Loir","02E","Déblais et gravats","02Z","Non précisé",2064.03786
2009,24,"Centre-Val de Loire","28","Eure-et-Loir","02F","DEEE","02A","Valorisation matière",1537.37669
2009,24,"Centre-Val de Loire","28","Eure-et-Loir","02Z","Autres déchets","02B","Incinération avec récupération d'énergie",101.12
2009,24,"Centre-Val de Loire","28","Eure-et-Loir","02Z","Autres déchets","02D","Stockage",1550.32455
2009,24,"Centre-Val de Loire","36","Indre","02A","Déchets dangereux","02A","Valorisation matière",99.62718
2009,24,"Centre-Val de Loire","36","Indre","02A","Déchets dangereux","02B","Incinération avec récupération d'énergie",27.02785
2009,24,"Centre-Val de Loire","36","Indre","02A","Déchets dangereux","02C","Incinération sans récupération d'énergie",41.559
2009,24,"Centre-Val de Loire","36","Indre","02A","Déchets dangereux","02Z","Non précisé",66.53909
2009,24,"Centre-Val de Loire","36","Indre","02B","Matériaux recyclables","02A","Valorisation matière",4849.12272
2009,24,"Centre-Val de Loire","36","Indre","02B","Matériaux recyclables","02C","Incinération sans récupération d'énergie",0.58307
2009,24,"Centre-Val de Loire","36","Indre","02B","Matériaux recyclables","02Z","Non précisé",51.1545
2009,24,"Centre-Val de Loire","36","Indre","02C","Déchets verts","02E","Valorisation organique",14243.02928
2009,24,"Centre-Val de Loire","36","Indre","02D","Encombrants","02A","Valorisation matière",1514.03
2009,24,"Centre-Val de Loire","36","Indre","02D","Encombrants","02D","Stockage",12179.94053
2009,24,"Centre-Val de Loire","36","Indre","02E","Déblais et gravats","02A","Valorisation matière",391.88
2009,24,"Centre-Val de Loire","36","Indre","02E","Déblais et gravats","02D","Stockage",1075.04111
2009,24,"Centre-Val de Loire","36","Indre","02E","Déblais et gravats","02F","Stockage pour inertes",6175.479
2009,24,"Centre-Val de Loire","36","Indre","02F","DEEE","02A","Valorisation matière",828.915
2009,24,"Centre-Val de Loire","36","Indre","02F","DEEE","02Z","Non précisé",8.68
2009,24,"Centre-Val de Loire","36","Indre","02Z","Autres déchets","02Z","Non précisé",3.75
2009,24,"Centre-Val de Loire","37","Indre-et-Loire","02A","Déchets dangereux","02A","Valorisation matière",290.82436
2009,24,"Centre-Val de Loire","37","Indre-et-Loire","02A","Déchets dangereux","02B","Incinération avec récupération d'énergie",248.206
2009,24,"Centre-Val de Loire","37","Indre-et-Loire","02A","Déchets dangereux","02C","Incinération sans récupération d'énergie",219.45573
2009,24,"Centre-Val de Loire","37","Indre-et-Loire","02A","Déchets dangereux","02D","Stockage",33.43
2009,24,"Centre-Val de Loire","37","Indre-et-Loire","02A","Déchets dangereux","02Z","Non précisé",112.7745
2009,24,"Centre-Val de Loire","37","Indre-et-Loire","02B","Matériaux recyclables","02A","Valorisation matière",13460.83429
2009,24,"Centre-Val de Loire","37","Indre-et-Loire","02B","Matériaux recyclables","02B","Incinération avec récupération d'énergie",0.215
2009,24,"Centre-Val de Loire","37","Indre-et-Loire","02B","Matériaux recyclables","02C","Incinération sans récupération d'énergie",1.626
2009,24,"Centre-Val de Loire","37","Indre-et-Loire","02B","Matériaux recyclables","02E","Valorisation organique",0.85607
2009,24,"Centre-Val de Loire","37","Indre-et-Loire","02B","Matériaux recyclables","02Z","Non précisé",138.1585
2009,24,"Centre-Val de Loire","37","Indre-et-Loire","02C","Déchets verts","02A","Valorisation matière",705.64
2009,24,"Centre-Val de Loire","37","Indre-et-Loire","02C","Déchets verts","02E","Valorisation organique",29770.2102
2009,24,"Centre-Val de Loire","37","Indre-et-Loire","02C","Déchets verts","02Z","Non précisé",88
2009,24,"Centre-Val de Loire","37","Indre-et-Loire","02D","Encombrants","02A","Valorisation matière",22.88
2009,24,"Centre-Val de Loire","37","Indre-et-Loire","02D","Encombrants","02B","Incinération avec récupération d'énergie",613.68
2009,24,"Centre-Val de Loire","37","Indre-et-Loire","02D","Encombrants","02D","Stockage",23509.70551
2009,24,"Centre-Val de Loire","37","Indre-et-Loire","02D","Encombrants","02Z","Non précisé",699.75268
2009,24,"Centre-Val de Loire","37","Indre-et-Loire","02E","Déblais et gravats","02A","Valorisation matière",10319.17897
2009,24,"Centre-Val de Loire","37","Indre-et-Loire","02E","Déblais et gravats","02D","Stockage",7625.28
2009,24,"Centre-Val de Loire","37","Indre-et-Loire","02E","Déblais et gravats","02F","Stockage pour inertes",10904.00165
2009,24,"Centre-Val de Loire","37","Indre-et-Loire","02F","DEEE","02A","Valorisation matière",1760.31
2009,24,"Centre-Val de Loire","37","Indre-et-Loire","02F","DEEE","02Z","Non précisé",50
2009,24,"Centre-Val de Loire","37","Indre-et-Loire","02Z","Autres déchets","02A","Valorisation matière",358.41032
2009,24,"Centre-Val de Loire","37","Indre-et-Loire","02Z","Autres déchets","02Z","Non précisé",1.6
2009,24,"Centre-Val de Loire","41","Loir-et-Cher","02A","Déchets dangereux","02A","Valorisation matière",51.95905
2009,24,"Centre-Val de Loire","41","Loir-et-Cher","02A","Déchets dangereux","02B","Incinération avec récupération d'énergie",155.93571
2009,24,"Centre-Val de Loire","41","Loir-et-Cher","02A","Déchets dangereux","02C","Incinération sans récupération d'énergie",85.8236
2009,24,"Centre-Val de Loire","41","Loir-et-Cher","02A","Déchets dangereux","02Z","Non précisé",101.96995
2009,24,"Centre-Val de Loire","41","Loir-et-Cher","02B","Matériaux recyclables","02A","Valorisation matière",7661.61917
2009,24,"Centre-Val de Loire","41","Loir-et-Cher","02B","Matériaux recyclables","02E","Valorisation organique",1249.07446
2009,24,"Centre-Val de Loire","41","Loir-et-Cher","02B","Matériaux recyclables","02Z","Non précisé",14.52286
2009,24,"Centre-Val de Loire","41","Loir-et-Cher","02C","Déchets verts","02E","Valorisation organique",30830.1097
2009,24,"Centre-Val de Loire","41","Loir-et-Cher","02D","Encombrants","02A","Valorisation matière",24.96299
2009,24,"Centre-Val de Loire","41","Loir-et-Cher","02D","Encombrants","02B","Incinération avec récupération d'énergie",2744.60001
2009,24,"Centre-Val de Loire","41","Loir-et-Cher","02D","Encombrants","02D","Stockage",18327.14338
2009,24,"Centre-Val de Loire","41","Loir-et-Cher","02D","Encombrants","02F","Stockage pour inertes",2515.35
2009,24,"Centre-Val de Loire","41","Loir-et-Cher","02D","Encombrants","02Z","Non précisé",6.86073
2009,24,"Centre-Val de Loire","41","Loir-et-Cher","02E","Déblais et gravats","02A","Valorisation matière",145
2009,24,"Centre-Val de Loire","41","Loir-et-Cher","02E","Déblais et gravats","02F","Stockage pour inertes",19360.54444
2009,24,"Centre-Val de Loire","41","Loir-et-Cher","02E","Déblais et gravats","02Z","Non précisé",66.39581
2009,24,"Centre-Val de Loire","41","Loir-et-Cher","02F","DEEE","02A","Valorisation matière",403.619
2009,24,"Centre-Val de Loire","41","Loir-et-Cher","02F","DEEE","02Z","Non précisé",27.87126
2009,24,"Centre-Val de Loire","41","Loir-et-Cher","02Z","Autres déchets","02A","Valorisation matière",2.394
2009,24,"Centre-Val de Loire","41","Loir-et-Cher","02Z","Autres déchets","02B","Incinération avec récupération d'énergie",1.76
2009,24,"Centre-Val de Loire","41","Loir-et-Cher","02Z","Autres déchets","02C","Incinération sans récupération d'énergie",0.00002
2009,24,"Centre-Val de Loire","41","Loir-et-Cher","02Z","Autres déchets","02Z","Non précisé",1.82
2009,24,"Centre-Val de Loire","45","Loiret","02A","Déchets dangereux","02A","Valorisation matière",311.15424
2009,24,"Centre-Val de Loire","45","Loiret","02A","Déchets dangereux","02B","Incinération avec récupération d'énergie",269.0511
2009,24,"Centre-Val de Loire","45","Loiret","02A","Déchets dangereux","02C","Incinération sans récupération d'énergie",255.73684
2009,24,"Centre-Val de Loire","45","Loiret","02A","Déchets dangereux","02Z","Non précisé",22.22792
2009,24,"Centre-Val de Loire","45","Loiret","02B","Matériaux recyclables","02A","Valorisation matière",27880.35481
2009,24,"Centre-Val de Loire","45","Loiret","02B","Matériaux recyclables","02B","Incinération avec récupération d'énergie",1.24
2009,24,"Centre-Val de Loire","45","Loiret","02B","Matériaux recyclables","02C","Incinération sans récupération d'énergie",0.90584
2009,24,"Centre-Val de Loire","45","Loiret","02B","Matériaux recyclables","02Z","Non précisé",2274.485
2009,24,"Centre-Val de Loire","45","Loiret","02C","Déchets verts","02E","Valorisation organique",49964.34341
2009,24,"Centre-Val de Loire","45","Loiret","02D","Encombrants","02A","Valorisation matière",36.054
2009,24,"Centre-Val de Loire","45","Loiret","02D","Encombrants","02B","Incinération avec récupération d'énergie",3090.96899
2009,24,"Centre-Val de Loire","45","Loiret","02D","Encombrants","02D","Stockage",32619.2993
2009,24,"Centre-Val de Loire","45","Loiret","02E","Déblais et gravats","02D","Stockage",7301.2285
2009,24,"Centre-Val de Loire","45","Loiret","02E","Déblais et gravats","02F","Stockage pour inertes",28152.76114
2009,24,"Centre-Val de Loire","45","Loiret","02F","DEEE","02A","Valorisation matière",2123.30599
2009,24,"Centre-Val de Loire","45","Loiret","02Z","Autres déchets","02A","Valorisation matière",3.08
2009,24,"Centre-Val de Loire","45","Loiret","02Z","Autres déchets","02B","Incinération avec récupération d'énergie",3.144
2009,24,"Centre-Val de Loire","45","Loiret","02Z","Autres déchets","02C","Incinération sans récupération d'énergie",1.28813
2009,24,"Centre-Val de Loire","45","Loiret","02Z","Autres déchets","02D","Stockage",1573.67545
2009,94,"Corse","2A","Corse-du-Sud","02A","Déchets dangereux","02A","Valorisation matière",21.857
2009,94,"Corse","2A","Corse-du-Sud","02A","Déchets dangereux","02B","Incinération avec récupération d'énergie",10.56701
2009,94,"Corse","2A","Corse-du-Sud","02A","Déchets dangereux","02Z","Non précisé",1.55
2009,94,"Corse","2A","Corse-du-Sud","02B","Matériaux recyclables","02A","Valorisation matière",3865.38314
2009,94,"Corse","2A","Corse-du-Sud","02C","Déchets verts","02E","Valorisation organique",1371.252
2009,94,"Corse","2A","Corse-du-Sud","02D","Encombrants","02A","Valorisation matière",0.852
2009,94,"Corse","2A","Corse-du-Sud","02D","Encombrants","02D","Stockage",3325.37
2009,94,"Corse","2A","Corse-du-Sud","02E","Déblais et gravats","02D","Stockage",1469.14
2009,94,"Corse","2A","Corse-du-Sud","02E","Déblais et gravats","02F","Stockage pour inertes",7758.75
2009,94,"Corse","2A","Corse-du-Sud","02F","DEEE","02A","Valorisation matière",836.45746
2009,94,"Corse","2A","Corse-du-Sud","02Z","Autres déchets","02A","Valorisation matière",10.49
2009,94,"Corse","2B","Haute-Corse","02A","Déchets dangereux","02A","Valorisation matière",7.66
2009,94,"Corse","2B","Haute-Corse","02A","Déchets dangereux","02C","Incinération sans récupération d'énergie",2.3
2009,94,"Corse","2B","Haute-Corse","02B","Matériaux recyclables","02A","Valorisation matière",5001.41685
2009,94,"Corse","2B","Haute-Corse","02B","Matériaux recyclables","02E","Valorisation organique",94
2009,94,"Corse","2B","Haute-Corse","02C","Déchets verts","02E","Valorisation organique",4083.33799
2009,94,"Corse","2B","Haute-Corse","02D","Encombrants","02D","Stockage",6659
2009,94,"Corse","2B","Haute-Corse","02E","Déblais et gravats","02F","Stockage pour inertes",7599.342
2009,94,"Corse","2B","Haute-Corse","02F","DEEE","02A","Valorisation matière",195.60253
2009,94,"Corse","2B","Haute-Corse","02Z","Autres déchets","02A","Valorisation matière",1.73
2009,97,"Dom-Com","971","Guadeloupe","02A","Déchets dangereux","02A","Valorisation matière",57.36
2009,97,"Dom-Com","971","Guadeloupe","02A","Déchets dangereux","02Z","Non précisé",0.9
2009,97,"Dom-Com","971","Guadeloupe","02B","Matériaux recyclables","02A","Valorisation matière",504.11001
2009,97,"Dom-Com","971","Guadeloupe","02C","Déchets verts","02E","Valorisation organique",1008.45
2009,97,"Dom-Com","971","Guadeloupe","02D","Encombrants","02D","Stockage",848.24
2009,97,"Dom-Com","971","Guadeloupe","02E","Déblais et gravats","02D","Stockage",213.33
2009,97,"Dom-Com","971","Guadeloupe","02F","DEEE","02A","Valorisation matière",213.34
2009,97,"Dom-Com","971","Guadeloupe","02Z","Autres déchets","02A","Valorisation matière",1
2009,97,"Dom-Com","972","Martinique","02A","Déchets dangereux","02A","Valorisation matière",28.9
2009,97,"Dom-Com","972","Martinique","02B","Matériaux recyclables","02A","Valorisation matière",1480.9
2009,97,"Dom-Com","972","Martinique","02B","Matériaux recyclables","02E","Valorisation organique",48.2
2009,97,"Dom-Com","972","Martinique","02C","Déchets verts","02E","Valorisation organique",1311.1
2009,97,"Dom-Com","972","Martinique","02D","Encombrants","02A","Valorisation matière",23.06
2009,97,"Dom-Com","972","Martinique","02D","Encombrants","02D","Stockage",2665
2009,97,"Dom-Com","972","Martinique","02E","Déblais et gravats","02D","Stockage",410
2009,97,"Dom-Com","972","Martinique","02E","Déblais et gravats","02F","Stockage pour inertes",175.44
2009,97,"Dom-Com","972","Martinique","02F","DEEE","02A","Valorisation matière",228.4
2009,97,"Dom-Com","972","Martinique","02Z","Autres déchets","02D","Stockage",267.01
2009,97,"Dom-Com","973","Guyane","02A","Déchets dangereux","02A","Valorisation matière",7.916
2009,97,"Dom-Com","973","Guyane","02A","Déchets dangereux","02Z","Non précisé",0.19499
2009,97,"Dom-Com","973","Guyane","02B","Matériaux recyclables","02A","Valorisation matière",371.179
2009,97,"Dom-Com","973","Guyane","02B","Matériaux recyclables","02D","Stockage",25.81
2009,97,"Dom-Com","973","Guyane","02C","Déchets verts","02E","Valorisation organique",140.94999
2009,97,"Dom-Com","973","Guyane","02D","Encombrants","02A","Valorisation matière",43.08999
2009,97,"Dom-Com","973","Guyane","02D","Encombrants","02D","Stockage",1069.547
2009,97,"Dom-Com","973","Guyane","02E","Déblais et gravats","02D","Stockage",251.16
2009,97,"Dom-Com","973","Guyane","02F","DEEE","02A","Valorisation matière",29.94
2009,97,"Dom-Com","974","Réunion","02A","Déchets dangereux","02A","Valorisation matière",21.42435
2009,97,"Dom-Com","974","Réunion","02A","Déchets dangereux","02B","Incinération avec récupération d'énergie",1332.655
2009,97,"Dom-Com","974","Réunion","02B","Matériaux recyclables","02A","Valorisation matière",5259.66
2009,97,"Dom-Com","974","Réunion","02C","Déchets verts","02A","Valorisation matière",3486
2009,97,"Dom-Com","974","Réunion","02C","Déchets verts","02E","Valorisation organique",5251.51
2009,97,"Dom-Com","974","Réunion","02D","Encombrants","02D","Stockage",13303.89
2009,97,"Dom-Com","974","Réunion","02E","Déblais et gravats","02A","Valorisation matière",2594.34
2009,97,"Dom-Com","974","Réunion","02E","Déblais et gravats","02D","Stockage",1258.2
2009,97,"Dom-Com","974","Réunion","02E","Déblais et gravats","02F","Stockage pour inertes",1661
2009,97,"Dom-Com","974","Réunion","02F","DEEE","02A","Valorisation matière",409.75
2009,97,"Dom-Com","977","Saint-Barthélemy","02A","Déchets dangereux","02Z","Non précisé",134.9
2009,97,"Dom-Com","977","Saint-Barthélemy","02B","Matériaux recyclables","02A","Valorisation matière",67
2009,97,"Dom-Com","977","Saint-Barthélemy","02B","Matériaux recyclables","02B","Incinération avec récupération d'énergie",765
2009,97,"Dom-Com","977","Saint-Barthélemy","02B","Matériaux recyclables","02Z","Non précisé",1935
2009,97,"Dom-Com","977","Saint-Barthélemy","02C","Déchets verts","02B","Incinération avec récupération d'énergie",955
2009,97,"Dom-Com","977","Saint-Barthélemy","02Z","Autres déchets","02Z","Non précisé",127
2009,44,"Grand-Est","08","Ardennes","02A","Déchets dangereux","02A","Valorisation matière",20.87599
2009,44,"Grand-Est","08","Ardennes","02A","Déchets dangereux","02C","Incinération sans récupération d'énergie",101.41699
2009,44,"Grand-Est","08","Ardennes","02A","Déchets dangereux","02D","Stockage",10
2009,44,"Grand-Est","08","Ardennes","02A","Déchets dangereux","02Z","Non précisé",169.945
2009,44,"Grand-Est","08","Ardennes","02B","Matériaux recyclables","02A","Valorisation matière",4212.29999
2009,44,"Grand-Est","08","Ardennes","02B","Matériaux recyclables","02C","Incinération sans récupération d'énergie",0.137
2009,44,"Grand-Est","08","Ardennes","02B","Matériaux recyclables","02E","Valorisation organique",2817.69
2009,44,"Grand-Est","08","Ardennes","02B","Matériaux recyclables","02Z","Non précisé",0.672
2009,44,"Grand-Est","08","Ardennes","02C","Déchets verts","02E","Valorisation organique",10178.17
2009,44,"Grand-Est","08","Ardennes","02D","Encombrants","02A","Valorisation matière",5.3
2009,44,"Grand-Est","08","Ardennes","02D","Encombrants","02D","Stockage",14151.52
2009,44,"Grand-Est","08","Ardennes","02E","Déblais et gravats","02A","Valorisation matière",3639
2009,44,"Grand-Est","08","Ardennes","02E","Déblais et gravats","02D","Stockage",1176.7
2009,44,"Grand-Est","08","Ardennes","02E","Déblais et gravats","02F","Stockage pour inertes",4786.07999
2009,44,"Grand-Est","08","Ardennes","02F","DEEE","02A","Valorisation matière",729.12
2009,44,"Grand-Est","08","Ardennes","02F","DEEE","02D","Stockage",288.82
2009,44,"Grand-Est","08","Ardennes","02F","DEEE","02Z","Non précisé",309.3
2009,44,"Grand-Est","08","Ardennes","02Z","Autres déchets","02A","Valorisation matière",0.6
2009,44,"Grand-Est","08","Ardennes","02Z","Autres déchets","02C","Incinération sans récupération d'énergie",1.372
2009,44,"Grand-Est","08","Ardennes","02Z","Autres déchets","02D","Stockage",92.85
2009,44,"Grand-Est","08","Ardennes","02Z","Autres déchets","02Z","Non précisé",9.468
2009,44,"Grand-Est","10","Aube","02A","Déchets dangereux","02A","Valorisation matière",111.4316
2009,44,"Grand-Est","10","Aube","02A","Déchets dangereux","02B","Incinération avec récupération d'énergie",108.9558
2009,44,"Grand-Est","10","Aube","02A","Déchets dangereux","02C","Incinération sans récupération d'énergie",378.73956
2009,44,"Grand-Est","10","Aube","02A","Déchets dangereux","02Z","Non précisé",16.47492
2009,44,"Grand-Est","10","Aube","02B","Matériaux recyclables","02A","Valorisation matière",4358.16138
2009,44,"Grand-Est","10","Aube","02B","Matériaux recyclables","02B","Incinération avec récupération d'énergie",0.59485
2009,44,"Grand-Est","10","Aube","02B","Matériaux recyclables","02C","Incinération sans récupération d'énergie",1.3075
2009,44,"Grand-Est","10","Aube","02B","Matériaux recyclables","02E","Valorisation organique",23.36
2009,44,"Grand-Est","10","Aube","02B","Matériaux recyclables","02Z","Non précisé",33.034
2009,44,"Grand-Est","10","Aube","02C","Déchets verts","02A","Valorisation matière",653.55011
2009,44,"Grand-Est","10","Aube","02C","Déchets verts","02D","Stockage",125
2009,44,"Grand-Est","10","Aube","02C","Déchets verts","02E","Valorisation organique",11709.06
2009,44,"Grand-Est","10","Aube","02D","Encombrants","02A","Valorisation matière",2941.56224
2009,44,"Grand-Est","10","Aube","02D","Encombrants","02D","Stockage",9893.4354
2009,44,"Grand-Est","10","Aube","02D","Encombrants","02Z","Non précisé",2.42
2009,44,"Grand-Est","10","Aube","02E","Déblais et gravats","02D","Stockage",3240.09553
2009,44,"Grand-Est","10","Aube","02E","Déblais et gravats","02E","Valorisation organique",594.34
2009,44,"Grand-Est","10","Aube","02E","Déblais et gravats","02F","Stockage pour inertes",8447.13
2009,44,"Grand-Est","10","Aube","02E","Déblais et gravats","02Z","Non précisé",231.18
2009,44,"Grand-Est","10","Aube","02F","DEEE","02A","Valorisation matière",757.82
2009,44,"Grand-Est","10","Aube","02F","DEEE","02Z","Non précisé",102.4371
2009,44,"Grand-Est","10","Aube","02Z","Autres déchets","02A","Valorisation matière",382.312
2009,44,"Grand-Est","10","Aube","02Z","Autres déchets","02B","Incinération avec récupération d'énergie",0.09594
2009,44,"Grand-Est","10","Aube","02Z","Autres déchets","02D","Stockage",1179.9
2009,44,"Grand-Est","10","Aube","02Z","Autres déchets","02Z","Non précisé",8.34
2009,44,"Grand-Est","51","Marne","02A","Déchets dangereux","02A","Valorisation matière",64.58786
2009,44,"Grand-Est","51","Marne","02A","Déchets dangereux","02B","Incinération avec récupération d'énergie",0.9882
2009,44,"Grand-Est","51","Marne","02A","Déchets dangereux","02C","Incinération sans récupération d'énergie",409.56
2009,44,"Grand-Est","51","Marne","02A","Déchets dangereux","02D","Stockage",63
2009,44,"Grand-Est","51","Marne","02A","Déchets dangereux","02Z","Non précisé",298.96522
2009,44,"Grand-Est","51","Marne","02B","Matériaux recyclables","02A","Valorisation matière",9047.75515
2009,44,"Grand-Est","51","Marne","02B","Matériaux recyclables","02D","Stockage",51.10122
2009,44,"Grand-Est","51","Marne","02C","Déchets verts","02E","Valorisation organique",22887.91788
2009,44,"Grand-Est","51","Marne","02D","Encombrants","02A","Valorisation matière",69.32
2009,44,"Grand-Est","51","Marne","02D","Encombrants","02B","Incinération avec récupération d'énergie",2562.22932
2009,44,"Grand-Est","51","Marne","02D","Encombrants","02D","Stockage",31759.99274
2009,44,"Grand-Est","51","Marne","02D","Encombrants","02F","Stockage pour inertes",1510.68
2009,44,"Grand-Est","51","Marne","02E","Déblais et gravats","02A","Valorisation matière",17373.29
2009,44,"Grand-Est","51","Marne","02E","Déblais et gravats","02D","Stockage",4462.92048
2009,44,"Grand-Est","51","Marne","02E","Déblais et gravats","02F","Stockage pour inertes",292.54217
2009,44,"Grand-Est","51","Marne","02E","Déblais et gravats","02Z","Non précisé",5.23165
2009,44,"Grand-Est","51","Marne","02F","DEEE","02A","Valorisation matière",1651.99
2009,44,"Grand-Est","51","Marne","02Z","Autres déchets","02B","Incinération avec récupération d'énergie",2.7012
2009,44,"Grand-Est","51","Marne","02Z","Autres déchets","02C","Incinération sans récupération d'énergie",0.7
2009,44,"Grand-Est","51","Marne","02Z","Autres déchets","02D","Stockage",20.01707
2009,44,"Grand-Est","52","Haute-Marne","02A","Déchets dangereux","02A","Valorisation matière",39.7183
2009,44,"Grand-Est","52","Haute-Marne","02A","Déchets dangereux","02F","Stockage pour inertes",99.25827
2009,44,"Grand-Est","52","Haute-Marne","02A","Déchets dangereux","02Z","Non précisé",182.73314
2009,44,"Grand-Est","52","Haute-Marne","02B","Matériaux recyclables","02A","Valorisation matière",2821.12635
2009,44,"Grand-Est","52","Haute-Marne","02B","Matériaux recyclables","02E","Valorisation organique",0.69777
2009,44,"Grand-Est","52","Haute-Marne","02B","Matériaux recyclables","02Z","Non précisé",14.23913
2009,44,"Grand-Est","52","Haute-Marne","02C","Déchets verts","02E","Valorisation organique",8246.00192
2009,44,"Grand-Est","52","Haute-Marne","02D","Encombrants","02A","Valorisation matière",81.11021
2009,44,"Grand-Est","52","Haute-Marne","02D","Encombrants","02B","Incinération avec récupération d'énergie",9606.90863
2009,44,"Grand-Est","52","Haute-Marne","02D","Encombrants","02D","Stockage",2.28386
2009,44,"Grand-Est","52","Haute-Marne","02E","Déblais et gravats","02F","Stockage pour inertes",7024.43934
2009,44,"Grand-Est","52","Haute-Marne","02E","Déblais et gravats","02Z","Non précisé",0.6381
2009,44,"Grand-Est","52","Haute-Marne","02F","DEEE","02A","Valorisation matière",861.62613
2009,44,"Grand-Est","52","Haute-Marne","02F","DEEE","02Z","Non précisé",0.15704
2009,44,"Grand-Est","52","Haute-Marne","02Z","Autres déchets","02A","Valorisation matière",0.00796
2009,44,"Grand-Est","54","Meurthe-et-Moselle","02A","Déchets dangereux","02A","Valorisation matière",182.29771
2009,44,"Grand-Est","54","Meurthe-et-Moselle","02A","Déchets dangereux","02C","Incinération sans récupération d'énergie",381.15837
2009,44,"Grand-Est","54","Meurthe-et-Moselle","02A","Déchets dangereux","02D","Stockage",15.90144
2009,44,"Grand-Est","54","Meurthe-et-Moselle","02A","Déchets dangereux","02F","Stockage pour inertes",13
2009,44,"Grand-Est","54","Meurthe-et-Moselle","02A","Déchets dangereux","02Z","Non précisé",184.30885
2009,44,"Grand-Est","54","Meurthe-et-Moselle","02B","Matériaux recyclables","02A","Valorisation matière",9215.76065
2009,44,"Grand-Est","54","Meurthe-et-Moselle","02B","Matériaux recyclables","02B","Incinération avec récupération d'énergie",7087.70294
2009,44,"Grand-Est","54","Meurthe-et-Moselle","02B","Matériaux recyclables","02E","Valorisation organique",2174.7502
2009,44,"Grand-Est","54","Meurthe-et-Moselle","02B","Matériaux recyclables","02Z","Non précisé",1982.08938
2009,44,"Grand-Est","54","Meurthe-et-Moselle","02C","Déchets verts","02E","Valorisation organique",17865.21908
2009,44,"Grand-Est","54","Meurthe-et-Moselle","02C","Déchets verts","02Z","Non précisé",570.5
2009,44,"Grand-Est","54","Meurthe-et-Moselle","02D","Encombrants","02A","Valorisation matière",1172.98
2009,44,"Grand-Est","54","Meurthe-et-Moselle","02D","Encombrants","02B","Incinération avec récupération d'énergie",3.93426
2009,44,"Grand-Est","54","Meurthe-et-Moselle","02D","Encombrants","02D","Stockage",33520.4847
2009,44,"Grand-Est","54","Meurthe-et-Moselle","02D","Encombrants","02Z","Non précisé",47.42012
2009,44,"Grand-Est","54","Meurthe-et-Moselle","02E","Déblais et gravats","02A","Valorisation matière",1836.34651
2009,44,"Grand-Est","54","Meurthe-et-Moselle","02E","Déblais et gravats","02D","Stockage",1000
2009,44,"Grand-Est","54","Meurthe-et-Moselle","02E","Déblais et gravats","02F","Stockage pour inertes",8301.50557
2009,44,"Grand-Est","54","Meurthe-et-Moselle","02E","Déblais et gravats","02Z","Non précisé",19589.8019
2009,44,"Grand-Est","54","Meurthe-et-Moselle","02F","DEEE","02A","Valorisation matière",1028.79494
2009,44,"Grand-Est","54","Meurthe-et-Moselle","02F","DEEE","02Z","Non précisé",2254.05996
2009,44,"Grand-Est","54","Meurthe-et-Moselle","02Z","Autres déchets","02A","Valorisation matière",0.5
2009,44,"Grand-Est","54","Meurthe-et-Moselle","02Z","Autres déchets","02B","Incinération avec récupération d'énergie",0.069
2009,44,"Grand-Est","54","Meurthe-et-Moselle","02Z","Autres déchets","02Z","Non précisé",13.18716
2009,44,"Grand-Est","55","Meuse","02A","Déchets dangereux","02A","Valorisation matière",3.71615
2009,44,"Grand-Est","55","Meuse","02A","Déchets dangereux","02B","Incinération avec récupération d'énergie",4.31
2009,44,"Grand-Est","55","Meuse","02A","Déchets dangereux","02C","Incinération sans récupération d'énergie",14.08904
2009,44,"Grand-Est","55","Meuse","02A","Déchets dangereux","02Z","Non précisé",148.45689
2009,44,"Grand-Est","55","Meuse","02B","Matériaux recyclables","02A","Valorisation matière",1831.04597
2009,44,"Grand-Est","55","Meuse","02B","Matériaux recyclables","02B","Incinération avec récupération d'énergie",31.51707
2009,44,"Grand-Est","55","Meuse","02B","Matériaux recyclables","02E","Valorisation organique",171.94
2009,44,"Grand-Est","55","Meuse","02B","Matériaux recyclables","02Z","Non précisé",587.07
2009,44,"Grand-Est","55","Meuse","02C","Déchets verts","02E","Valorisation organique",5018.76529
2009,44,"Grand-Est","55","Meuse","02C","Déchets verts","02Z","Non précisé",1023.52
2009,44,"Grand-Est","55","Meuse","02D","Encombrants","02A","Valorisation matière",17.42
2009,44,"Grand-Est","55","Meuse","02D","Encombrants","02D","Stockage",8778.76566
2009,44,"Grand-Est","55","Meuse","02D","Encombrants","02Z","Non précisé",2533.60805
2009,44,"Grand-Est","55","Meuse","02E","Déblais et gravats","02D","Stockage",74
2009,44,"Grand-Est","55","Meuse","02E","Déblais et gravats","02F","Stockage pour inertes",2101.10392
2009,44,"Grand-Est","55","Meuse","02E","Déblais et gravats","02Z","Non précisé",2087.94999
2009,44,"Grand-Est","55","Meuse","02F","DEEE","02A","Valorisation matière",102.54268
2009,44,"Grand-Est","55","Meuse","02F","DEEE","02B","Incinération avec récupération d'énergie",53.607
2009,44,"Grand-Est","55","Meuse","02F","DEEE","02Z","Non précisé",430.603
2009,44,"Grand-Est","55","Meuse","02Z","Autres déchets","02C","Incinération sans récupération d'énergie",6.21
2009,44,"Grand-Est","55","Meuse","02Z","Autres déchets","02E","Valorisation organique",1
2009,44,"Grand-Est","55","Meuse","02Z","Autres déchets","02Z","Non précisé",197.73815
2009,44,"Grand-Est","57","Moselle","02A","Déchets dangereux","02A","Valorisation matière",87.71183
2009,44,"Grand-Est","57","Moselle","02A","Déchets dangereux","02B","Incinération avec récupération d'énergie",5.729
2009,44,"Grand-Est","57","Moselle","02A","Déchets dangereux","02C","Incinération sans récupération d'énergie",752.13513
2009,44,"Grand-Est","57","Moselle","02A","Déchets dangereux","02Z","Non précisé",1216.81611
2009,44,"Grand-Est","57","Moselle","02B","Matériaux recyclables","02A","Valorisation matière",18908.72873
2009,44,"Grand-Est","57","Moselle","02B","Matériaux recyclables","02B","Incinération avec récupération d'énergie",1218.36
2009,44,"Grand-Est","57","Moselle","02B","Matériaux recyclables","02C","Incinération sans récupération d'énergie",103.76
2009,44,"Grand-Est","57","Moselle","02B","Matériaux recyclables","02E","Valorisation organique",7427.81436
2009,44,"Grand-Est","57","Moselle","02B","Matériaux recyclables","02Z","Non précisé",3047.77506
2009,44,"Grand-Est","57","Moselle","02C","Déchets verts","02A","Valorisation matière",410
2009,44,"Grand-Est","57","Moselle","02C","Déchets verts","02E","Valorisation organique",41978.9333
2009,44,"Grand-Est","57","Moselle","02C","Déchets verts","02Z","Non précisé",353.88
2009,44,"Grand-Est","57","Moselle","02D","Encombrants","02A","Valorisation matière",36.00761
2009,44,"Grand-Est","57","Moselle","02D","Encombrants","02B","Incinération avec récupération d'énergie",5100.08573
2009,44,"Grand-Est","57","Moselle","02D","Encombrants","02D","Stockage",45350.83303
2009,44,"Grand-Est","57","Moselle","02D","Encombrants","02Z","Non précisé",754.16205
2009,44,"Grand-Est","57","Moselle","02E","Déblais et gravats","02A","Valorisation matière",5076.00899
2009,44,"Grand-Est","57","Moselle","02E","Déblais et gravats","02D","Stockage",1796.26
2009,44,"Grand-Est","57","Moselle","02E","Déblais et gravats","02F","Stockage pour inertes",51030.51087
2009,44,"Grand-Est","57","Moselle","02E","Déblais et gravats","02Z","Non précisé",6842.3533
2009,44,"Grand-Est","57","Moselle","02F","DEEE","02A","Valorisation matière",2483.2644
2009,44,"Grand-Est","57","Moselle","02F","DEEE","02Z","Non précisé",1306.82562
2009,44,"Grand-Est","57","Moselle","02Z","Autres déchets","02A","Valorisation matière",3.406
2009,44,"Grand-Est","57","Moselle","02Z","Autres déchets","02C","Incinération sans récupération d'énergie",1.733
2009,44,"Grand-Est","57","Moselle","02Z","Autres déchets","02Z","Non précisé",30.78239
2009,44,"Grand-Est","67","Bas-Rhin","02A","Déchets dangereux","02A","Valorisation matière",112.4856
2009,44,"Grand-Est","67","Bas-Rhin","02A","Déchets dangereux","02B","Incinération avec récupération d'énergie",131.62894
2009,44,"Grand-Est","67","Bas-Rhin","02A","Déchets dangereux","02C","Incinération sans récupération d'énergie",35.57176
2009,44,"Grand-Est","67","Bas-Rhin","02A","Déchets dangereux","02D","Stockage",28.35
2009,44,"Grand-Est","67","Bas-Rhin","02A","Déchets dangereux","02Z","Non précisé",728.8867
2009,44,"Grand-Est","67","Bas-Rhin","02B","Matériaux recyclables","02A","Valorisation matière",20411.93643
2009,44,"Grand-Est","67","Bas-Rhin","02B","Matériaux recyclables","02E","Valorisation organique",14271.50292
2009,44,"Grand-Est","67","Bas-Rhin","02B","Matériaux recyclables","02Z","Non précisé",7775.18879
2009,44,"Grand-Est","67","Bas-Rhin","02C","Déchets verts","02E","Valorisation organique",41126.66285
2009,44,"Grand-Est","67","Bas-Rhin","02D","Encombrants","02A","Valorisation matière",0.45239
2009,44,"Grand-Est","67","Bas-Rhin","02D","Encombrants","02B","Incinération avec récupération d'énergie",27282.14582
2009,44,"Grand-Est","67","Bas-Rhin","02D","Encombrants","02D","Stockage",19655.50516
2009,44,"Grand-Est","67","Bas-Rhin","02D","Encombrants","02Z","Non précisé",1978.05499
2009,44,"Grand-Est","67","Bas-Rhin","02E","Déblais et gravats","02A","Valorisation matière",7121.04278
2009,44,"Grand-Est","67","Bas-Rhin","02E","Déblais et gravats","02D","Stockage",298.44
2009,44,"Grand-Est","67","Bas-Rhin","02E","Déblais et gravats","02F","Stockage pour inertes",40.04901
2009,44,"Grand-Est","67","Bas-Rhin","02E","Déblais et gravats","02Z","Non précisé",42593.14521
2009,44,"Grand-Est","67","Bas-Rhin","02F","DEEE","02A","Valorisation matière",844.54025
2009,44,"Grand-Est","67","Bas-Rhin","02F","DEEE","02Z","Non précisé",5422.2976
2009,44,"Grand-Est","67","Bas-Rhin","02Z","Autres déchets","02A","Valorisation matière",10.69795
2009,44,"Grand-Est","67","Bas-Rhin","02Z","Autres déchets","02Z","Non précisé",67.87278
2009,44,"Grand-Est","68","Haut-Rhin","02A","Déchets dangereux","02A","Valorisation matière",815.89927
2009,44,"Grand-Est","68","Haut-Rhin","02A","Déchets dangereux","02B","Incinération avec récupération d'énergie",150.07106
2009,44,"Grand-Est","68","Haut-Rhin","02A","Déchets dangereux","02D","Stockage",17
2009,44,"Grand-Est","68","Haut-Rhin","02A","Déchets dangereux","02Z","Non précisé",14.14338
2009,44,"Grand-Est","68","Haut-Rhin","02B","Matériaux recyclables","02A","Valorisation matière",26785.96351
2009,44,"Grand-Est","68","Haut-Rhin","02B","Matériaux recyclables","02E","Valorisation organique",2339.31272
2009,44,"Grand-Est","68","Haut-Rhin","02B","Matériaux recyclables","02Z","Non précisé",75.42152
2009,44,"Grand-Est","68","Haut-Rhin","02C","Déchets verts","02E","Valorisation organique",28576.32238
2009,44,"Grand-Est","68","Haut-Rhin","02D","Encombrants","02A","Valorisation matière",2295.82772
2009,44,"Grand-Est","68","Haut-Rhin","02D","Encombrants","02B","Incinération avec récupération d'énergie",19420.78421
2009,44,"Grand-Est","68","Haut-Rhin","02D","Encombrants","02D","Stockage",13415.06818
2009,44,"Grand-Est","68","Haut-Rhin","02D","Encombrants","02Z","Non précisé",42.40099
2009,44,"Grand-Est","68","Haut-Rhin","02E","Déblais et gravats","02A","Valorisation matière",41170.40603
2009,44,"Grand-Est","68","Haut-Rhin","02E","Déblais et gravats","02D","Stockage",496
2009,44,"Grand-Est","68","Haut-Rhin","02E","Déblais et gravats","02F","Stockage pour inertes",434.4529
2009,44,"Grand-Est","68","Haut-Rhin","02E","Déblais et gravats","02Z","Non précisé",93.96833
2009,44,"Grand-Est","68","Haut-Rhin","02F","DEEE","02A","Valorisation matière",3642.09501
2009,44,"Grand-Est","68","Haut-Rhin","02F","DEEE","02Z","Non précisé",11.95849
2009,44,"Grand-Est","68","Haut-Rhin","02Z","Autres déchets","02A","Valorisation matière",66.8748
2009,44,"Grand-Est","68","Haut-Rhin","02Z","Autres déchets","02B","Incinération avec récupération d'énergie",1.61
2009,44,"Grand-Est","68","Haut-Rhin","02Z","Autres déchets","02Z","Non précisé",0.21852
2009,44,"Grand-Est","88","Vosges","02A","Déchets dangereux","02A","Valorisation matière",0.00616
2009,44,"Grand-Est","88","Vosges","02A","Déchets dangereux","02C","Incinération sans récupération d'énergie",19.6232
2009,44,"Grand-Est","88","Vosges","02A","Déchets dangereux","02D","Stockage",0.09856
2009,44,"Grand-Est","88","Vosges","02A","Déchets dangereux","02F","Stockage pour inertes",4.5
2009,44,"Grand-Est","88","Vosges","02A","Déchets dangereux","02Z","Non précisé",462.53228
2009,44,"Grand-Est","88","Vosges","02B","Matériaux recyclables","02A","Valorisation matière",5493.71667
2009,44,"Grand-Est","88","Vosges","02B","Matériaux recyclables","02B","Incinération avec récupération d'énergie",836.1
2009,44,"Grand-Est","88","Vosges","02B","Matériaux recyclables","02E","Valorisation organique",3891.27203
2009,44,"Grand-Est","88","Vosges","02B","Matériaux recyclables","02Z","Non précisé",6420.2105
2009,44,"Grand-Est","88","Vosges","02C","Déchets verts","02E","Valorisation organique",16760.0417
2009,44,"Grand-Est","88","Vosges","02C","Déchets verts","02Z","Non précisé",847.89999
2009,44,"Grand-Est","88","Vosges","02D","Encombrants","02B","Incinération avec récupération d'énergie",2149.2
2009,44,"Grand-Est","88","Vosges","02D","Encombrants","02D","Stockage",12436.79942
2009,44,"Grand-Est","88","Vosges","02D","Encombrants","02Z","Non précisé",2110.82279
2009,44,"Grand-Est","88","Vosges","02E","Déblais et gravats","02A","Valorisation matière",566.42348
2009,44,"Grand-Est","88","Vosges","02E","Déblais et gravats","02D","Stockage",529.6
2009,44,"Grand-Est","88","Vosges","02E","Déblais et gravats","02F","Stockage pour inertes",6163.07062
2009,44,"Grand-Est","88","Vosges","02E","Déblais et gravats","02Z","Non précisé",6131.22317
2009,44,"Grand-Est","88","Vosges","02F","DEEE","02A","Valorisation matière",207.0004
2009,44,"Grand-Est","88","Vosges","02F","DEEE","02Z","Non précisé",1992.67727
2009,32,"Hauts-de-France","02","Aisne","02A","Déchets dangereux","02A","Valorisation matière",123.133
2009,32,"Hauts-de-France","02","Aisne","02A","Déchets dangereux","02Z","Non précisé",425.79999
2009,32,"Hauts-de-France","02","Aisne","02B","Matériaux recyclables","02A","Valorisation matière",9428.49299
2009,32,"Hauts-de-France","02","Aisne","02B","Matériaux recyclables","02E","Valorisation organique",993.6
2009,32,"Hauts-de-France","02","Aisne","02B","Matériaux recyclables","02Z","Non précisé",120.25
2009,32,"Hauts-de-France","02","Aisne","02C","Déchets verts","02E","Valorisation organique",24382.18001
2009,32,"Hauts-de-France","02","Aisne","02C","Déchets verts","02Z","Non précisé",156.86
2009,32,"Hauts-de-France","02","Aisne","02D","Encombrants","02A","Valorisation matière",65.835
2009,32,"Hauts-de-France","02","Aisne","02D","Encombrants","02D","Stockage",31317.94
2009,32,"Hauts-de-France","02","Aisne","02D","Encombrants","02Z","Non précisé",208.95
2009,32,"Hauts-de-France","02","Aisne","02E","Déblais et gravats","02A","Valorisation matière",15501.76
2009,32,"Hauts-de-France","02","Aisne","02E","Déblais et gravats","02D","Stockage",4853
2009,32,"Hauts-de-France","02","Aisne","02E","Déblais et gravats","02F","Stockage pour inertes",2312.6
2009,32,"Hauts-de-France","02","Aisne","02E","Déblais et gravats","02Z","Non précisé",1712.37
2009,32,"Hauts-de-France","02","Aisne","02F","DEEE","02A","Valorisation matière",444.64199
2009,32,"Hauts-de-France","02","Aisne","02F","DEEE","02Z","Non précisé",23.06
2009,32,"Hauts-de-France","02","Aisne","02Z","Autres déchets","02A","Valorisation matière",157.71
2009,32,"Hauts-de-France","02","Aisne","02Z","Autres déchets","02Z","Non précisé",5.51
2009,32,"Hauts-de-France","59","Nord","02A","Déchets dangereux","02A","Valorisation matière",1625.68501
2009,32,"Hauts-de-France","59","Nord","02A","Déchets dangereux","02B","Incinération avec récupération d'énergie",29.34
2009,32,"Hauts-de-France","59","Nord","02A","Déchets dangereux","02C","Incinération sans récupération d'énergie",385.291
2009,32,"Hauts-de-France","59","Nord","02A","Déchets dangereux","02D","Stockage",2250.78734
2009,32,"Hauts-de-France","59","Nord","02A","Déchets dangereux","02Z","Non précisé",1647.28273
2009,32,"Hauts-de-France","59","Nord","02B","Matériaux recyclables","02A","Valorisation matière",37721.74744
2009,32,"Hauts-de-France","59","Nord","02B","Matériaux recyclables","02E","Valorisation organique",725
2009,32,"Hauts-de-France","59","Nord","02B","Matériaux recyclables","02Z","Non précisé",4833.425
2009,32,"Hauts-de-France","59","Nord","02C","Déchets verts","02A","Valorisation matière",3839.42
2009,32,"Hauts-de-France","59","Nord","02C","Déchets verts","02E","Valorisation organique",74786.1104
2009,32,"Hauts-de-France","59","Nord","02D","Encombrants","02A","Valorisation matière",44931.62668
2009,32,"Hauts-de-France","59","Nord","02D","Encombrants","02B","Incinération avec récupération d'énergie",13601.02
2009,32,"Hauts-de-France","59","Nord","02D","Encombrants","02D","Stockage",25313.26178
2009,32,"Hauts-de-France","59","Nord","02D","Encombrants","02Z","Non précisé",22.11
2009,32,"Hauts-de-France","59","Nord","02E","Déblais et gravats","02A","Valorisation matière",111860.712
2009,32,"Hauts-de-France","59","Nord","02E","Déblais et gravats","02D","Stockage",7847.62
2009,32,"Hauts-de-France","59","Nord","02E","Déblais et gravats","02F","Stockage pour inertes",29974.76
2009,32,"Hauts-de-France","59","Nord","02E","Déblais et gravats","02Z","Non précisé",1377
2009,32,"Hauts-de-France","59","Nord","02F","DEEE","02A","Valorisation matière",5006.773
2009,32,"Hauts-de-France","59","Nord","02F","DEEE","02Z","Non précisé",109.351
2009,32,"Hauts-de-France","59","Nord","02Z","Autres déchets","02A","Valorisation matière",14.11413
2009,32,"Hauts-de-France","59","Nord","02Z","Autres déchets","02B","Incinération avec récupération d'énergie",287.23
2009,32,"Hauts-de-France","59","Nord","02Z","Autres déchets","02D","Stockage",10314.9
2009,32,"Hauts-de-France","59","Nord","02Z","Autres déchets","02Z","Non précisé",28.8779
2009,32,"Hauts-de-France","60","Oise","02A","Déchets dangereux","02A","Valorisation matière",266.282
2009,32,"Hauts-de-France","60","Oise","02A","Déchets dangereux","02D","Stockage",104.33626
2009,32,"Hauts-de-France","60","Oise","02A","Déchets dangereux","02Z","Non précisé",1074.72004
2009,32,"Hauts-de-France","60","Oise","02B","Matériaux recyclables","02A","Valorisation matière",14922.64004
2009,32,"Hauts-de-France","60","Oise","02B","Matériaux recyclables","02E","Valorisation organique",2274.65368
2009,32,"Hauts-de-France","60","Oise","02C","Déchets verts","02E","Valorisation organique",39529.77064
2009,32,"Hauts-de-France","60","Oise","02D","Encombrants","02A","Valorisation matière",127.565
2009,32,"Hauts-de-France","60","Oise","02D","Encombrants","02B","Incinération avec récupération d'énergie",8610.64
2009,32,"Hauts-de-France","60","Oise","02D","Encombrants","02D","Stockage",36664.03744
2009,32,"Hauts-de-France","60","Oise","02D","Encombrants","02Z","Non précisé",3.06
2009,32,"Hauts-de-France","60","Oise","02E","Déblais et gravats","02A","Valorisation matière",33397.21
2009,32,"Hauts-de-France","60","Oise","02E","Déblais et gravats","02D","Stockage",3516.78866
2009,32,"Hauts-de-France","60","Oise","02E","Déblais et gravats","02F","Stockage pour inertes",10644.18
2009,32,"Hauts-de-France","60","Oise","02F","DEEE","02A","Valorisation matière",2122.63585
2009,32,"Hauts-de-France","60","Oise","02Z","Autres déchets","02A","Valorisation matière",113.95
2009,32,"Hauts-de-France","60","Oise","02Z","Autres déchets","02Z","Non précisé",93.38
2009,32,"Hauts-de-France","62","Pas-de-Calais","02A","Déchets dangereux","02A","Valorisation matière",336.39858
2009,32,"Hauts-de-France","62","Pas-de-Calais","02A","Déchets dangereux","02B","Incinération avec récupération d'énergie",44
2009,32,"Hauts-de-France","62","Pas-de-Calais","02A","Déchets dangereux","02C","Incinération sans récupération d'énergie",177.607
2009,32,"Hauts-de-France","62","Pas-de-Calais","02A","Déchets dangereux","02D","Stockage",1450.98264
2009,32,"Hauts-de-France","62","Pas-de-Calais","02A","Déchets dangereux","02Z","Non précisé",664.70931
2009,32,"Hauts-de-France","62","Pas-de-Calais","02B","Matériaux recyclables","02A","Valorisation matière",25754.51996
2009,32,"Hauts-de-France","62","Pas-de-Calais","02B","Matériaux recyclables","02B","Incinération avec récupération d'énergie",62.09
2009,32,"Hauts-de-France","62","Pas-de-Calais","02B","Matériaux recyclables","02D","Stockage",543
2009,32,"Hauts-de-France","62","Pas-de-Calais","02B","Matériaux recyclables","02E","Valorisation organique",223
2009,32,"Hauts-de-France","62","Pas-de-Calais","02B","Matériaux recyclables","02Z","Non précisé",7176.71982
2009,32,"Hauts-de-France","62","Pas-de-Calais","02C","Déchets verts","02A","Valorisation matière",1173
2009,32,"Hauts-de-France","62","Pas-de-Calais","02C","Déchets verts","02E","Valorisation organique",65228.28005
2009,32,"Hauts-de-France","62","Pas-de-Calais","02D","Encombrants","02A","Valorisation matière",22258.12732
2009,32,"Hauts-de-France","62","Pas-de-Calais","02D","Encombrants","02B","Incinération avec récupération d'énergie",6420.9
2009,32,"Hauts-de-France","62","Pas-de-Calais","02D","Encombrants","02D","Stockage",41866.27066
2009,32,"Hauts-de-France","62","Pas-de-Calais","02D","Encombrants","02Z","Non précisé",66
2009,32,"Hauts-de-France","62","Pas-de-Calais","02E","Déblais et gravats","02A","Valorisation matière",32116.80701
2009,32,"Hauts-de-France","62","Pas-de-Calais","02E","Déblais et gravats","02F","Stockage pour inertes",32903
2009,32,"Hauts-de-France","62","Pas-de-Calais","02E","Déblais et gravats","02Z","Non précisé",7259
2009,32,"Hauts-de-France","62","Pas-de-Calais","02F","DEEE","02A","Valorisation matière",3757.25221
2009,32,"Hauts-de-France","62","Pas-de-Calais","02Z","Autres déchets","02A","Valorisation matière",5.35361
2009,32,"Hauts-de-France","62","Pas-de-Calais","02Z","Autres déchets","02B","Incinération avec récupération d'énergie",17.538
2009,32,"Hauts-de-France","62","Pas-de-Calais","02Z","Autres déchets","02E","Valorisation organique",12.56
2009,32,"Hauts-de-France","62","Pas-de-Calais","02Z","Autres déchets","02Z","Non précisé",4.2451
2009,32,"Hauts-de-France","80","Somme","02A","Déchets dangereux","02A","Valorisation matière",86.99338
2009,32,"Hauts-de-France","80","Somme","02A","Déchets dangereux","02B","Incinération avec récupération d'énergie",52.15849
2009,32,"Hauts-de-France","80","Somme","02A","Déchets dangereux","02D","Stockage",259.8819
2009,32,"Hauts-de-France","80","Somme","02A","Déchets dangereux","02Z","Non précisé",343.95379
2009,32,"Hauts-de-France","80","Somme","02B","Matériaux recyclables","02A","Valorisation matière",12188.5757
2009,32,"Hauts-de-France","80","Somme","02B","Matériaux recyclables","02E","Valorisation organique",71.71223
2009,32,"Hauts-de-France","80","Somme","02B","Matériaux recyclables","02Z","Non précisé",1.46116
2009,32,"Hauts-de-France","80","Somme","02C","Déchets verts","02A","Valorisation matière",1078.8
2009,32,"Hauts-de-France","80","Somme","02C","Déchets verts","02E","Valorisation organique",32930.12646
2009,32,"Hauts-de-France","80","Somme","02D","Encombrants","02A","Valorisation matière",39.463
2009,32,"Hauts-de-France","80","Somme","02D","Encombrants","02D","Stockage",40976.46968
2009,32,"Hauts-de-France","80","Somme","02E","Déblais et gravats","02A","Valorisation matière",6782.54093
2009,32,"Hauts-de-France","80","Somme","02E","Déblais et gravats","02D","Stockage",22310.88703
2009,32,"Hauts-de-France","80","Somme","02E","Déblais et gravats","02E","Valorisation organique",522.2
2009,32,"Hauts-de-France","80","Somme","02E","Déblais et gravats","02F","Stockage pour inertes",911.91
2009,32,"Hauts-de-France","80","Somme","02F","DEEE","02A","Valorisation matière",868.11955
2009,32,"Hauts-de-France","80","Somme","02Z","Autres déchets","02A","Valorisation matière",6.46226
2009,32,"Hauts-de-France","80","Somme","02Z","Autres déchets","02Z","Non précisé",4
2009,11,"Ile-de-France","75","Paris","02A","Déchets dangereux","02A","Valorisation matière",6.99501
2009,11,"Ile-de-France","75","Paris","02A","Déchets dangereux","02Z","Non précisé",59.61086
2009,11,"Ile-de-France","75","Paris","02B","Matériaux recyclables","02A","Valorisation matière",2019.4711
2009,11,"Ile-de-France","75","Paris","02C","Déchets verts","02E","Valorisation organique",128.70553
2009,11,"Ile-de-France","75","Paris","02D","Encombrants","02B","Incinération avec récupération d'énergie",409.33407
2009,11,"Ile-de-France","75","Paris","02D","Encombrants","02D","Stockage",7963.08716
2009,11,"Ile-de-France","75","Paris","02E","Déblais et gravats","02F","Stockage pour inertes",5397.55682
2009,11,"Ile-de-France","75","Paris","02F","DEEE","02A","Valorisation matière",99.93606
2009,11,"Ile-de-France","75","Paris","02F","DEEE","02Z","Non précisé",111.5448
2009,11,"Ile-de-France","75","Paris","02Z","Autres déchets","02Z","Non précisé",0.39419
2009,11,"Ile-de-France","77","Seine-et-Marne","02A","Déchets dangereux","02A","Valorisation matière",775.06236
2009,11,"Ile-de-France","77","Seine-et-Marne","02A","Déchets dangereux","02B","Incinération avec récupération d'énergie",4.79347
2009,11,"Ile-de-France","77","Seine-et-Marne","02A","Déchets dangereux","02C","Incinération sans récupération d'énergie",0.57713
2009,11,"Ile-de-France","77","Seine-et-Marne","02A","Déchets dangereux","02Z","Non précisé",1004.68355
2009,11,"Ile-de-France","77","Seine-et-Marne","02B","Matériaux recyclables","02A","Valorisation matière",9372.23119
2009,11,"Ile-de-France","77","Seine-et-Marne","02B","Matériaux recyclables","02B","Incinération avec récupération d'énergie",0.02515
2009,11,"Ile-de-France","77","Seine-et-Marne","02B","Matériaux recyclables","02C","Incinération sans récupération d'énergie",0.02872
2009,11,"Ile-de-France","77","Seine-et-Marne","02B","Matériaux recyclables","02D","Stockage",0.27878
2009,11,"Ile-de-France","77","Seine-et-Marne","02B","Matériaux recyclables","02E","Valorisation organique",940
2009,11,"Ile-de-France","77","Seine-et-Marne","02B","Matériaux recyclables","02Z","Non précisé",1500.58
2009,11,"Ile-de-France","77","Seine-et-Marne","02C","Déchets verts","02A","Valorisation matière",27.62989
2009,11,"Ile-de-France","77","Seine-et-Marne","02C","Déchets verts","02E","Valorisation organique",39346.27807
2009,11,"Ile-de-France","77","Seine-et-Marne","02D","Encombrants","02A","Valorisation matière",1545.20707
2009,11,"Ile-de-France","77","Seine-et-Marne","02D","Encombrants","02B","Incinération avec récupération d'énergie",5736.2614
2009,11,"Ile-de-France","77","Seine-et-Marne","02D","Encombrants","02C","Incinération sans récupération d'énergie",113.6
2009,11,"Ile-de-France","77","Seine-et-Marne","02D","Encombrants","02D","Stockage",24979.7525
2009,11,"Ile-de-France","77","Seine-et-Marne","02D","Encombrants","02Z","Non précisé",3448.46
2009,11,"Ile-de-France","77","Seine-et-Marne","02E","Déblais et gravats","02D","Stockage",1671.72345
2009,11,"Ile-de-France","77","Seine-et-Marne","02E","Déblais et gravats","02F","Stockage pour inertes",58027.95961
2009,11,"Ile-de-France","77","Seine-et-Marne","02E","Déblais et gravats","02Z","Non précisé",8428.37835
2009,11,"Ile-de-France","77","Seine-et-Marne","02F","DEEE","02A","Valorisation matière",1427.5016
2009,11,"Ile-de-France","77","Seine-et-Marne","02F","DEEE","02Z","Non précisé",902.3709
2009,11,"Ile-de-France","77","Seine-et-Marne","02Z","Autres déchets","02B","Incinération avec récupération d'énergie",3306.35285
2009,11,"Ile-de-France","77","Seine-et-Marne","02Z","Autres déchets","02C","Incinération sans récupération d'énergie",0.03585
2009,11,"Ile-de-France","77","Seine-et-Marne","02Z","Autres déchets","02D","Stockage",27051.68294
2009,11,"Ile-de-France","78","Yvelines","02A","Déchets dangereux","02A","Valorisation matière",562.81754
2009,11,"Ile-de-France","78","Yvelines","02A","Déchets dangereux","02B","Incinération avec récupération d'énergie",57.3412
2009,11,"Ile-de-France","78","Yvelines","02A","Déchets dangereux","02C","Incinération sans récupération d'énergie",17.89
2009,11,"Ile-de-France","78","Yvelines","02A","Déchets dangereux","02F","Stockage pour inertes",1.93903
2009,11,"Ile-de-France","78","Yvelines","02A","Déchets dangereux","02Z","Non précisé",264.42382
2009,11,"Ile-de-France","78","Yvelines","02B","Matériaux recyclables","02A","Valorisation matière",8537.25646
2009,11,"Ile-de-France","78","Yvelines","02B","Matériaux recyclables","02B","Incinération avec récupération d'énergie",1526.14973
2009,11,"Ile-de-France","78","Yvelines","02B","Matériaux recyclables","02E","Valorisation organique",275.12
2009,11,"Ile-de-France","78","Yvelines","02B","Matériaux recyclables","02Z","Non précisé",614.456
2009,11,"Ile-de-France","78","Yvelines","02C","Déchets verts","02E","Valorisation organique",19819.12325
2009,11,"Ile-de-France","78","Yvelines","02D","Encombrants","02A","Valorisation matière",9388.81011
2009,11,"Ile-de-France","78","Yvelines","02D","Encombrants","02B","Incinération avec récupération d'énergie",1562.12853
2009,11,"Ile-de-France","78","Yvelines","02D","Encombrants","02D","Stockage",12466.02372
2009,11,"Ile-de-France","78","Yvelines","02D","Encombrants","02Z","Non précisé",1545.88001
2009,11,"Ile-de-France","78","Yvelines","02E","Déblais et gravats","02A","Valorisation matière",4559.16633
2009,11,"Ile-de-France","78","Yvelines","02E","Déblais et gravats","02D","Stockage",11399.94213
2009,11,"Ile-de-France","78","Yvelines","02E","Déblais et gravats","02F","Stockage pour inertes",16681.37212
2009,11,"Ile-de-France","78","Yvelines","02E","Déblais et gravats","02Z","Non précisé",3403.20214
2009,11,"Ile-de-France","78","Yvelines","02F","DEEE","02A","Valorisation matière",1001.24909
2009,11,"Ile-de-France","78","Yvelines","02F","DEEE","02Z","Non précisé",318.96036
2009,11,"Ile-de-France","78","Yvelines","02Z","Autres déchets","02D","Stockage",1396.47994
2009,11,"Ile-de-France","78","Yvelines","02Z","Autres déchets","02Z","Non précisé",0.02135
2009,11,"Ile-de-France","91","Essonne","02A","Déchets dangereux","02A","Valorisation matière",963.64213
2009,11,"Ile-de-France","91","Essonne","02A","Déchets dangereux","02B","Incinération avec récupération d'énergie",0.05773
2009,11,"Ile-de-France","91","Essonne","02A","Déchets dangereux","02C","Incinération sans récupération d'énergie",0.00845
2009,11,"Ile-de-France","91","Essonne","02A","Déchets dangereux","02Z","Non précisé",93.57564
2009,11,"Ile-de-France","91","Essonne","02B","Matériaux recyclables","02A","Valorisation matière",8936.26612
2009,11,"Ile-de-France","91","Essonne","02B","Matériaux recyclables","02B","Incinération avec récupération d'énergie",1323.33515
2009,11,"Ile-de-France","91","Essonne","02B","Matériaux recyclables","02C","Incinération sans récupération d'énergie",0.00044
2009,11,"Ile-de-France","91","Essonne","02C","Déchets verts","02E","Valorisation organique",16007.49166
2009,11,"Ile-de-France","91","Essonne","02D","Encombrants","02A","Valorisation matière",3554.17009
2009,11,"Ile-de-France","91","Essonne","02D","Encombrants","02B","Incinération avec récupération d'énergie",1539.96829
2009,11,"Ile-de-France","91","Essonne","02D","Encombrants","02D","Stockage",32198.31392
2009,11,"Ile-de-France","91","Essonne","02E","Déblais et gravats","02D","Stockage",31877.58538
2009,11,"Ile-de-France","91","Essonne","02E","Déblais et gravats","02F","Stockage pour inertes",8712.41815
2009,11,"Ile-de-France","91","Essonne","02F","DEEE","02A","Valorisation matière",2043.29011
2009,11,"Ile-de-France","91","Essonne","02F","DEEE","02Z","Non précisé",13.2482
2009,11,"Ile-de-France","92","Hauts-de-seine","02A","Déchets dangereux","02A","Valorisation matière",140.1038
2009,11,"Ile-de-France","92","Hauts-de-seine","02A","Déchets dangereux","02Z","Non précisé",42.06801
2009,11,"Ile-de-France","92","Hauts-de-seine","02B","Matériaux recyclables","02A","Valorisation matière",2473.57213
2009,11,"Ile-de-France","92","Hauts-de-seine","02B","Matériaux recyclables","02B","Incinération avec récupération d'énergie",733.85024
2009,11,"Ile-de-France","92","Hauts-de-seine","02C","Déchets verts","02E","Valorisation organique",1179.52768
2009,11,"Ile-de-France","92","Hauts-de-seine","02D","Encombrants","02A","Valorisation matière",5898.19336
2009,11,"Ile-de-France","92","Hauts-de-seine","02D","Encombrants","02B","Incinération avec récupération d'énergie",448.2902
2009,11,"Ile-de-France","92","Hauts-de-seine","02D","Encombrants","02D","Stockage",2434.58582
2009,11,"Ile-de-France","92","Hauts-de-seine","02D","Encombrants","02Z","Non précisé",23.578
2009,11,"Ile-de-France","92","Hauts-de-seine","02E","Déblais et gravats","02D","Stockage",5824.47775
2009,11,"Ile-de-France","92","Hauts-de-seine","02E","Déblais et gravats","02F","Stockage pour inertes",4077.20415
2009,11,"Ile-de-France","92","Hauts-de-seine","02E","Déblais et gravats","02Z","Non précisé",1579.15
2009,11,"Ile-de-France","92","Hauts-de-seine","02F","DEEE","02A","Valorisation matière",462.25832
2009,11,"Ile-de-France","92","Hauts-de-seine","02F","DEEE","02Z","Non précisé",32.62927
2009,11,"Ile-de-France","92","Hauts-de-seine","02Z","Autres déchets","02Z","Non précisé",0.11531
2009,11,"Ile-de-France","93","Seine-Saint-Denis","02A","Déchets dangereux","02A","Valorisation matière",101.12097
2009,11,"Ile-de-France","93","Seine-Saint-Denis","02A","Déchets dangereux","02B","Incinération avec récupération d'énergie",36.286
2009,11,"Ile-de-France","93","Seine-Saint-Denis","02A","Déchets dangereux","02D","Stockage",61
2009,11,"Ile-de-France","93","Seine-Saint-Denis","02A","Déchets dangereux","02Z","Non précisé",560.24637
2009,11,"Ile-de-France","93","Seine-Saint-Denis","02B","Matériaux recyclables","02A","Valorisation matière",5111.91491
2009,11,"Ile-de-France","93","Seine-Saint-Denis","02B","Matériaux recyclables","02D","Stockage",415.823
2009,11,"Ile-de-France","93","Seine-Saint-Denis","02B","Matériaux recyclables","02E","Valorisation organique",211
2009,11,"Ile-de-France","93","Seine-Saint-Denis","02B","Matériaux recyclables","02Z","Non précisé",1272.03
2009,11,"Ile-de-France","93","Seine-Saint-Denis","02C","Déchets verts","02D","Stockage",1245.35
2009,11,"Ile-de-France","93","Seine-Saint-Denis","02C","Déchets verts","02E","Valorisation organique",4509.39542
2009,11,"Ile-de-France","93","Seine-Saint-Denis","02C","Déchets verts","02Z","Non précisé",831
2009,11,"Ile-de-France","93","Seine-Saint-Denis","02D","Encombrants","02A","Valorisation matière",844.88
2009,11,"Ile-de-France","93","Seine-Saint-Denis","02D","Encombrants","02B","Incinération avec récupération d'énergie",174.28127
2009,11,"Ile-de-France","93","Seine-Saint-Denis","02D","Encombrants","02D","Stockage",12024.68303
2009,11,"Ile-de-France","93","Seine-Saint-Denis","02D","Encombrants","02Z","Non précisé",10987.5
2009,11,"Ile-de-France","93","Seine-Saint-Denis","02E","Déblais et gravats","02D","Stockage",2594.55
2009,11,"Ile-de-France","93","Seine-Saint-Denis","02E","Déblais et gravats","02F","Stockage pour inertes",8910.54147
2009,11,"Ile-de-France","93","Seine-Saint-Denis","02E","Déblais et gravats","02Z","Non précisé",17424.1
2009,11,"Ile-de-France","93","Seine-Saint-Denis","02F","DEEE","02A","Valorisation matière",42.54956
2009,11,"Ile-de-France","93","Seine-Saint-Denis","02F","DEEE","02Z","Non précisé",622.63519
2009,11,"Ile-de-France","93","Seine-Saint-Denis","02Z","Autres déchets","02Z","Non précisé",7.76884
2009,11,"Ile-de-France","94","Val-de-Marne","02A","Déchets dangereux","02A","Valorisation matière",90.21965
2009,11,"Ile-de-France","94","Val-de-Marne","02A","Déchets dangereux","02B","Incinération avec récupération d'énergie",52
2009,11,"Ile-de-France","94","Val-de-Marne","02A","Déchets dangereux","02Z","Non précisé",287.10663
2009,11,"Ile-de-France","94","Val-de-Marne","02B","Matériaux recyclables","02A","Valorisation matière",4921.69753
2009,11,"Ile-de-France","94","Val-de-Marne","02B","Matériaux recyclables","02Z","Non précisé",3.32
2009,11,"Ile-de-France","94","Val-de-Marne","02C","Déchets verts","02A","Valorisation matière",356.7
2009,11,"Ile-de-France","94","Val-de-Marne","02C","Déchets verts","02E","Valorisation organique",3119.19106
2009,11,"Ile-de-France","94","Val-de-Marne","02D","Encombrants","02A","Valorisation matière",3962.49715
2009,11,"Ile-de-France","94","Val-de-Marne","02D","Encombrants","02B","Incinération avec récupération d'énergie",2217.5223
2009,11,"Ile-de-France","94","Val-de-Marne","02D","Encombrants","02D","Stockage",14435.32536
2009,11,"Ile-de-France","94","Val-de-Marne","02D","Encombrants","02Z","Non précisé",2101.64
2009,11,"Ile-de-France","94","Val-de-Marne","02E","Déblais et gravats","02A","Valorisation matière",2637.43
2009,11,"Ile-de-France","94","Val-de-Marne","02E","Déblais et gravats","02D","Stockage",4901
2009,11,"Ile-de-France","94","Val-de-Marne","02E","Déblais et gravats","02F","Stockage pour inertes",12608.16278
2009,11,"Ile-de-France","94","Val-de-Marne","02F","DEEE","02A","Valorisation matière",429.25304
2009,11,"Ile-de-France","94","Val-de-Marne","02F","DEEE","02Z","Non précisé",119.99419
2009,11,"Ile-de-France","94","Val-de-Marne","02Z","Autres déchets","02Z","Non précisé",0.08232
2009,11,"Ile-de-France","95","Val-d'Oise","02A","Déchets dangereux","02A","Valorisation matière",174.94
2009,11,"Ile-de-France","95","Val-d'Oise","02A","Déchets dangereux","02B","Incinération avec récupération d'énergie",187.42422
2009,11,"Ile-de-France","95","Val-d'Oise","02A","Déchets dangereux","02F","Stockage pour inertes",0.06097
2009,11,"Ile-de-France","95","Val-d'Oise","02A","Déchets dangereux","02Z","Non précisé",491.8907
2009,11,"Ile-de-France","95","Val-d'Oise","02B","Matériaux recyclables","02A","Valorisation matière",4582.78666
2009,11,"Ile-de-France","95","Val-d'Oise","02B","Matériaux recyclables","02B","Incinération avec récupération d'énergie",795.22488
2009,11,"Ile-de-France","95","Val-d'Oise","02B","Matériaux recyclables","02D","Stockage",1101
2009,11,"Ile-de-France","95","Val-d'Oise","02B","Matériaux recyclables","02E","Valorisation organique",1091
2009,11,"Ile-de-France","95","Val-d'Oise","02C","Déchets verts","02E","Valorisation organique",17030.18702
2009,11,"Ile-de-France","95","Val-d'Oise","02D","Encombrants","02A","Valorisation matière",17932
2009,11,"Ile-de-France","95","Val-d'Oise","02D","Encombrants","02B","Incinération avec récupération d'énergie",2692
2009,11,"Ile-de-France","95","Val-d'Oise","02D","Encombrants","02D","Stockage",10448.34913
2009,11,"Ile-de-France","95","Val-d'Oise","02E","Déblais et gravats","02A","Valorisation matière",64.05366
2009,11,"Ile-de-France","95","Val-d'Oise","02E","Déblais et gravats","02D","Stockage",11360.2653
2009,11,"Ile-de-France","95","Val-d'Oise","02E","Déblais et gravats","02F","Stockage pour inertes",30708.65999
2009,11,"Ile-de-France","95","Val-d'Oise","02F","DEEE","02A","Valorisation matière",1389.67657
2009,11,"Ile-de-France","95","Val-d'Oise","02F","DEEE","02Z","Non précisé",205
2009,11,"Ile-de-France","95","Val-d'Oise","02Z","Autres déchets","02D","Stockage",2869.00006
2009,28,"Normandie","14","Calvados","02A","Déchets dangereux","02A","Valorisation matière",526.72646
2009,28,"Normandie","14","Calvados","02A","Déchets dangereux","02B","Incinération avec récupération d'énergie",227.61
2009,28,"Normandie","14","Calvados","02A","Déchets dangereux","02C","Incinération sans récupération d'énergie",0.74685
2009,28,"Normandie","14","Calvados","02A","Déchets dangereux","02F","Stockage pour inertes",192.42
2009,28,"Normandie","14","Calvados","02A","Déchets dangereux","02Z","Non précisé",0.07113
2009,28,"Normandie","14","Calvados","02B","Matériaux recyclables","02A","Valorisation matière",11961.02995
2009,28,"Normandie","14","Calvados","02B","Matériaux recyclables","02B","Incinération avec récupération d'énergie",4368.41692
2009,28,"Normandie","14","Calvados","02B","Matériaux recyclables","02D","Stockage",390
2009,28,"Normandie","14","Calvados","02C","Déchets verts","02A","Valorisation matière",620
2009,28,"Normandie","14","Calvados","02C","Déchets verts","02E","Valorisation organique",59623.02848
2009,28,"Normandie","14","Calvados","02D","Encombrants","02A","Valorisation matière",51.39043
2009,28,"Normandie","14","Calvados","02D","Encombrants","02B","Incinération avec récupération d'énergie",286
2009,28,"Normandie","14","Calvados","02D","Encombrants","02D","Stockage",34869.27842
2009,28,"Normandie","14","Calvados","02E","Déblais et gravats","02A","Valorisation matière",4208.96931
2009,28,"Normandie","14","Calvados","02E","Déblais et gravats","02D","Stockage",5440.82243
2009,28,"Normandie","14","Calvados","02E","Déblais et gravats","02F","Stockage pour inertes",38422.37999
2009,28,"Normandie","14","Calvados","02F","DEEE","02A","Valorisation matière",2233.3824
2009,28,"Normandie","14","Calvados","02F","DEEE","02B","Incinération avec récupération d'énergie",91.93
2009,28,"Normandie","14","Calvados","02F","DEEE","02Z","Non précisé",2.43258
2009,28,"Normandie","14","Calvados","02Z","Autres déchets","02A","Valorisation matière",11.07001
2009,28,"Normandie","14","Calvados","02Z","Autres déchets","02B","Incinération avec récupération d'énergie",3.48
2009,28,"Normandie","14","Calvados","02Z","Autres déchets","02E","Valorisation organique",1400
2009,28,"Normandie","27","Eure","02A","Déchets dangereux","02A","Valorisation matière",166.81888
2009,28,"Normandie","27","Eure","02A","Déchets dangereux","02C","Incinération sans récupération d'énergie",325.55316
2009,28,"Normandie","27","Eure","02A","Déchets dangereux","02D","Stockage",118.76225
2009,28,"Normandie","27","Eure","02A","Déchets dangereux","02Z","Non précisé",436.5189
2009,28,"Normandie","27","Eure","02B","Matériaux recyclables","02A","Valorisation matière",10898.57266
2009,28,"Normandie","27","Eure","02B","Matériaux recyclables","02B","Incinération avec récupération d'énergie",644
2009,28,"Normandie","27","Eure","02B","Matériaux recyclables","02E","Valorisation organique",6264.65
2009,28,"Normandie","27","Eure","02B","Matériaux recyclables","02Z","Non précisé",1115.9288
2009,28,"Normandie","27","Eure","02C","Déchets verts","02D","Stockage",4113.22
2009,28,"Normandie","27","Eure","02C","Déchets verts","02E","Valorisation organique",65784.96735
2009,28,"Normandie","27","Eure","02C","Déchets verts","02Z","Non précisé",6.92
2009,28,"Normandie","27","Eure","02D","Encombrants","02A","Valorisation matière",5594.03955
2009,28,"Normandie","27","Eure","02D","Encombrants","02D","Stockage",18194.78377
2009,28,"Normandie","27","Eure","02D","Encombrants","02F","Stockage pour inertes",9246.02999
2009,28,"Normandie","27","Eure","02D","Encombrants","02Z","Non précisé",2.2
2009,28,"Normandie","27","Eure","02E","Déblais et gravats","02A","Valorisation matière",4860
2009,28,"Normandie","27","Eure","02E","Déblais et gravats","02B","Incinération avec récupération d'énergie",3341.5
2009,28,"Normandie","27","Eure","02E","Déblais et gravats","02D","Stockage",8399.89929
2009,28,"Normandie","27","Eure","02E","Déblais et gravats","02F","Stockage pour inertes",26189.87
2009,28,"Normandie","27","Eure","02F","DEEE","02A","Valorisation matière",2559.71852
2009,28,"Normandie","27","Eure","02F","DEEE","02Z","Non précisé",171.78627
2009,28,"Normandie","27","Eure","02Z","Autres déchets","02A","Valorisation matière",0.365
2009,28,"Normandie","50","Manche","02A","Déchets dangereux","02A","Valorisation matière",244.63849
2009,28,"Normandie","50","Manche","02A","Déchets dangereux","02B","Incinération avec récupération d'énergie",19
2009,28,"Normandie","50","Manche","02A","Déchets dangereux","02C","Incinération sans récupération d'énergie",161.429
2009,28,"Normandie","50","Manche","02A","Déchets dangereux","02D","Stockage",80.29799
2009,28,"Normandie","50","Manche","02A","Déchets dangereux","02F","Stockage pour inertes",8.18
2009,28,"Normandie","50","Manche","02A","Déchets dangereux","02Z","Non précisé",613.61202
2009,28,"Normandie","50","Manche","02B","Matériaux recyclables","02A","Valorisation matière",14487.60999
2009,28,"Normandie","50","Manche","02B","Matériaux recyclables","02B","Incinération avec récupération d'énergie",33.5
2009,28,"Normandie","50","Manche","02B","Matériaux recyclables","02C","Incinération sans récupération d'énergie",0.913
2009,28,"Normandie","50","Manche","02B","Matériaux recyclables","02D","Stockage",478
2009,28,"Normandie","50","Manche","02B","Matériaux recyclables","02E","Valorisation organique",757.29
2009,28,"Normandie","50","Manche","02B","Matériaux recyclables","02Z","Non précisé",1682.50101
2009,28,"Normandie","50","Manche","02C","Déchets verts","02E","Valorisation organique",55787.42
2009,28,"Normandie","50","Manche","02C","Déchets verts","02Z","Non précisé",8224.41
2009,28,"Normandie","50","Manche","02D","Encombrants","02A","Valorisation matière",1339.8
2009,28,"Normandie","50","Manche","02D","Encombrants","02D","Stockage",29250.02
2009,28,"Normandie","50","Manche","02D","Encombrants","02Z","Non précisé",2404.42
2009,28,"Normandie","50","Manche","02E","Déblais et gravats","02A","Valorisation matière",1961.5
2009,28,"Normandie","50","Manche","02E","Déblais et gravats","02D","Stockage",2278.80001
2009,28,"Normandie","50","Manche","02E","Déblais et gravats","02F","Stockage pour inertes",19402.52001
2009,28,"Normandie","50","Manche","02E","Déblais et gravats","02Z","Non précisé",2268.01
2009,28,"Normandie","50","Manche","02F","DEEE","02A","Valorisation matière",1203.788
2009,28,"Normandie","50","Manche","02F","DEEE","02D","Stockage",165
2009,28,"Normandie","50","Manche","02F","DEEE","02Z","Non précisé",374.08701
2009,28,"Normandie","50","Manche","02Z","Autres déchets","02A","Valorisation matière",673.02243
2009,28,"Normandie","50","Manche","02Z","Autres déchets","02B","Incinération avec récupération d'énergie",1.9
2009,28,"Normandie","50","Manche","02Z","Autres déchets","02C","Incinération sans récupération d'énergie",2
2009,28,"Normandie","50","Manche","02Z","Autres déchets","02D","Stockage",149.46
2009,28,"Normandie","50","Manche","02Z","Autres déchets","02Z","Non précisé",2.642
2009,28,"Normandie","61","Orne","02A","Déchets dangereux","02A","Valorisation matière",383.26248
2009,28,"Normandie","61","Orne","02A","Déchets dangereux","02B","Incinération avec récupération d'énergie",1.62
2009,28,"Normandie","61","Orne","02A","Déchets dangereux","02D","Stockage",15.88
2009,28,"Normandie","61","Orne","02A","Déchets dangereux","02Z","Non précisé",79.41379
2009,28,"Normandie","61","Orne","02B","Matériaux recyclables","02A","Valorisation matière",5423.96042
2009,28,"Normandie","61","Orne","02B","Matériaux recyclables","02B","Incinération avec récupération d'énergie",2575.6224
2009,28,"Normandie","61","Orne","02B","Matériaux recyclables","02D","Stockage",527.76
2009,28,"Normandie","61","Orne","02C","Déchets verts","02A","Valorisation matière",13177.40688
2009,28,"Normandie","61","Orne","02C","Déchets verts","02D","Stockage",858.72
2009,28,"Normandie","61","Orne","02C","Déchets verts","02E","Valorisation organique",15539.28405
2009,28,"Normandie","61","Orne","02D","Encombrants","02A","Valorisation matière",19.28957
2009,28,"Normandie","61","Orne","02D","Encombrants","02D","Stockage",18129.73062
2009,28,"Normandie","61","Orne","02E","Déblais et gravats","02A","Valorisation matière",7978.92716
2009,28,"Normandie","61","Orne","02E","Déblais et gravats","02D","Stockage",1458
2009,28,"Normandie","61","Orne","02E","Déblais et gravats","02F","Stockage pour inertes",4305.1626
2009,28,"Normandie","61","Orne","02F","DEEE","02A","Valorisation matière",1326.56739
2009,28,"Normandie","61","Orne","02Z","Autres déchets","02A","Valorisation matière",3.20245
2009,28,"Normandie","76","Seine-Maritime","02A","Déchets dangereux","02A","Valorisation matière",740.36109
2009,28,"Normandie","76","Seine-Maritime","02A","Déchets dangereux","02B","Incinération avec récupération d'énergie",564.68351
2009,28,"Normandie","76","Seine-Maritime","02A","Déchets dangereux","02C","Incinération sans récupération d'énergie",126.441
2009,28,"Normandie","76","Seine-Maritime","02A","Déchets dangereux","02D","Stockage",695.72187
2009,28,"Normandie","76","Seine-Maritime","02A","Déchets dangereux","02F","Stockage pour inertes",191.18
2009,28,"Normandie","76","Seine-Maritime","02A","Déchets dangereux","02Z","Non précisé",1180.11645
2009,28,"Normandie","76","Seine-Maritime","02B","Matériaux recyclables","02A","Valorisation matière",14216.60625
2009,28,"Normandie","76","Seine-Maritime","02B","Matériaux recyclables","02B","Incinération avec récupération d'énergie",7.65
2009,28,"Normandie","76","Seine-Maritime","02B","Matériaux recyclables","02E","Valorisation organique",1281.35409
2009,28,"Normandie","76","Seine-Maritime","02B","Matériaux recyclables","02Z","Non précisé",3583.11119
2009,28,"Normandie","76","Seine-Maritime","02C","Déchets verts","02E","Valorisation organique",99007.38547
2009,28,"Normandie","76","Seine-Maritime","02C","Déchets verts","02Z","Non précisé",316.98
2009,28,"Normandie","76","Seine-Maritime","02D","Encombrants","02A","Valorisation matière",2574.61177
2009,28,"Normandie","76","Seine-Maritime","02D","Encombrants","02B","Incinération avec récupération d'énergie",20055.82
2009,28,"Normandie","76","Seine-Maritime","02D","Encombrants","02C","Incinération sans récupération d'énergie",181.52
2009,28,"Normandie","76","Seine-Maritime","02D","Encombrants","02D","Stockage",42519.52012
2009,28,"Normandie","76","Seine-Maritime","02D","Encombrants","02Z","Non précisé",3315.108
2009,28,"Normandie","76","Seine-Maritime","02E","Déblais et gravats","02A","Valorisation matière",14487.24
2009,28,"Normandie","76","Seine-Maritime","02E","Déblais et gravats","02D","Stockage",10203.01872
2009,28,"Normandie","76","Seine-Maritime","02E","Déblais et gravats","02F","Stockage pour inertes",47790.65
2009,28,"Normandie","76","Seine-Maritime","02E","Déblais et gravats","02Z","Non précisé",2770.64
2009,28,"Normandie","76","Seine-Maritime","02F","DEEE","02A","Valorisation matière",3482.02938
2009,28,"Normandie","76","Seine-Maritime","02F","DEEE","02Z","Non précisé",703.85115
2009,28,"Normandie","76","Seine-Maritime","02Z","Autres déchets","02A","Valorisation matière",13.1521
2009,28,"Normandie","76","Seine-Maritime","02Z","Autres déchets","02B","Incinération avec récupération d'énergie",12431.59
2009,28,"Normandie","76","Seine-Maritime","02Z","Autres déchets","02C","Incinération sans récupération d'énergie",0.5
2009,28,"Normandie","76","Seine-Maritime","02Z","Autres déchets","02D","Stockage",26
2009,28,"Normandie","76","Seine-Maritime","02Z","Autres déchets","02Z","Non précisé",16.258
2009,75,"Nouvelle-Aquitaine","16","Charente","02A","Déchets dangereux","02A","Valorisation matière",68.81
2009,75,"Nouvelle-Aquitaine","16","Charente","02A","Déchets dangereux","02B","Incinération avec récupération d'énergie",531.94
2009,75,"Nouvelle-Aquitaine","16","Charente","02A","Déchets dangereux","02D","Stockage",105.83
2009,75,"Nouvelle-Aquitaine","16","Charente","02A","Déchets dangereux","02F","Stockage pour inertes",53.96
2009,75,"Nouvelle-Aquitaine","16","Charente","02A","Déchets dangereux","02Z","Non précisé",11.66
2009,75,"Nouvelle-Aquitaine","16","Charente","02B","Matériaux recyclables","02A","Valorisation matière",13466.44
2009,75,"Nouvelle-Aquitaine","16","Charente","02B","Matériaux recyclables","02B","Incinération avec récupération d'énergie",5.97
2009,75,"Nouvelle-Aquitaine","16","Charente","02C","Déchets verts","02E","Valorisation organique",29266.78
2009,75,"Nouvelle-Aquitaine","16","Charente","02D","Encombrants","02A","Valorisation matière",39.41
2009,75,"Nouvelle-Aquitaine","16","Charente","02D","Encombrants","02D","Stockage",17483.77
2009,75,"Nouvelle-Aquitaine","16","Charente","02E","Déblais et gravats","02A","Valorisation matière",21824.14
2009,75,"Nouvelle-Aquitaine","16","Charente","02E","Déblais et gravats","02D","Stockage",2666.33
2009,75,"Nouvelle-Aquitaine","16","Charente","02F","DEEE","02A","Valorisation matière",1788.67
2009,75,"Nouvelle-Aquitaine","16","Charente","02Z","Autres déchets","02A","Valorisation matière",15.55
2009,75,"Nouvelle-Aquitaine","17","Charente-Maritime","02A","Déchets dangereux","02A","Valorisation matière",138.7
2009,75,"Nouvelle-Aquitaine","17","Charente-Maritime","02A","Déchets dangereux","02B","Incinération avec récupération d'énergie",52.67
2009,75,"Nouvelle-Aquitaine","17","Charente-Maritime","02A","Déchets dangereux","02C","Incinération sans récupération d'énergie",22.77
2009,75,"Nouvelle-Aquitaine","17","Charente-Maritime","02A","Déchets dangereux","02F","Stockage pour inertes",27.14
2009,75,"Nouvelle-Aquitaine","17","Charente-Maritime","02A","Déchets dangereux","02Z","Non précisé",456.94
2009,75,"Nouvelle-Aquitaine","17","Charente-Maritime","02B","Matériaux recyclables","02A","Valorisation matière",21940.72
2009,75,"Nouvelle-Aquitaine","17","Charente-Maritime","02B","Matériaux recyclables","02B","Incinération avec récupération d'énergie",1130
2009,75,"Nouvelle-Aquitaine","17","Charente-Maritime","02B","Matériaux recyclables","02Z","Non précisé",499.98
2009,75,"Nouvelle-Aquitaine","17","Charente-Maritime","02C","Déchets verts","02E","Valorisation organique",61401.55
2009,75,"Nouvelle-Aquitaine","17","Charente-Maritime","02C","Déchets verts","02F","Stockage pour inertes",225.99
2009,75,"Nouvelle-Aquitaine","17","Charente-Maritime","02D","Encombrants","02A","Valorisation matière",30576
2009,75,"Nouvelle-Aquitaine","17","Charente-Maritime","02D","Encombrants","02B","Incinération avec récupération d'énergie",1574.24
2009,75,"Nouvelle-Aquitaine","17","Charente-Maritime","02D","Encombrants","02C","Incinération sans récupération d'énergie",2538.16
2009,75,"Nouvelle-Aquitaine","17","Charente-Maritime","02D","Encombrants","02D","Stockage",7623.26
2009,75,"Nouvelle-Aquitaine","17","Charente-Maritime","02E","Déblais et gravats","02A","Valorisation matière",7163.28
2009,75,"Nouvelle-Aquitaine","17","Charente-Maritime","02E","Déblais et gravats","02F","Stockage pour inertes",49695.33
2009,75,"Nouvelle-Aquitaine","17","Charente-Maritime","02F","DEEE","02A","Valorisation matière",2556.59
2009,75,"Nouvelle-Aquitaine","17","Charente-Maritime","02Z","Autres déchets","02A","Valorisation matière",36.5
2009,75,"Nouvelle-Aquitaine","17","Charente-Maritime","02Z","Autres déchets","02B","Incinération avec récupération d'énergie",4.23
2009,75,"Nouvelle-Aquitaine","19","Corrèze","02A","Déchets dangereux","02A","Valorisation matière",92.43601
2009,75,"Nouvelle-Aquitaine","19","Corrèze","02A","Déchets dangereux","02B","Incinération avec récupération d'énergie",0.504
2009,75,"Nouvelle-Aquitaine","19","Corrèze","02A","Déchets dangereux","02C","Incinération sans récupération d'énergie",30.62138
2009,75,"Nouvelle-Aquitaine","19","Corrèze","02A","Déchets dangereux","02D","Stockage",22.48839
2009,75,"Nouvelle-Aquitaine","19","Corrèze","02A","Déchets dangereux","02Z","Non précisé",45.83064
2009,75,"Nouvelle-Aquitaine","19","Corrèze","02B","Matériaux recyclables","02A","Valorisation matière",4451.92608
2009,75,"Nouvelle-Aquitaine","19","Corrèze","02B","Matériaux recyclables","02D","Stockage",304
2009,75,"Nouvelle-Aquitaine","19","Corrèze","02B","Matériaux recyclables","02E","Valorisation organique",933.88019
2009,75,"Nouvelle-Aquitaine","19","Corrèze","02B","Matériaux recyclables","02Z","Non précisé",1097.02744
2009,75,"Nouvelle-Aquitaine","19","Corrèze","02C","Déchets verts","02E","Valorisation organique",13170.99395
2009,75,"Nouvelle-Aquitaine","19","Corrèze","02C","Déchets verts","02Z","Non précisé",187.04001
2009,75,"Nouvelle-Aquitaine","19","Corrèze","02D","Encombrants","02A","Valorisation matière",34.78056
2009,75,"Nouvelle-Aquitaine","19","Corrèze","02D","Encombrants","02B","Incinération avec récupération d'énergie",1134.46746
2009,75,"Nouvelle-Aquitaine","19","Corrèze","02D","Encombrants","02D","Stockage",12290.00933
2009,75,"Nouvelle-Aquitaine","19","Corrèze","02D","Encombrants","02F","Stockage pour inertes",310.42
2009,75,"Nouvelle-Aquitaine","19","Corrèze","02D","Encombrants","02Z","Non précisé",161.35125
2009,75,"Nouvelle-Aquitaine","19","Corrèze","02E","Déblais et gravats","02A","Valorisation matière",910.23772
2009,75,"Nouvelle-Aquitaine","19","Corrèze","02E","Déblais et gravats","02D","Stockage",3387.80532
2009,75,"Nouvelle-Aquitaine","19","Corrèze","02E","Déblais et gravats","02F","Stockage pour inertes",4649
2009,75,"Nouvelle-Aquitaine","19","Corrèze","02E","Déblais et gravats","02Z","Non précisé",2012.92
2009,75,"Nouvelle-Aquitaine","19","Corrèze","02F","DEEE","02A","Valorisation matière",344.48315
2009,75,"Nouvelle-Aquitaine","19","Corrèze","02F","DEEE","02Z","Non précisé",414.56
2009,75,"Nouvelle-Aquitaine","19","Corrèze","02Z","Autres déchets","02Z","Non précisé",2.83558
2009,75,"Nouvelle-Aquitaine","23","Creuse","02A","Déchets dangereux","02A","Valorisation matière",127.29003
2009,75,"Nouvelle-Aquitaine","23","Creuse","02A","Déchets dangereux","02C","Incinération sans récupération d'énergie",141.2287
2009,75,"Nouvelle-Aquitaine","23","Creuse","02A","Déchets dangereux","02Z","Non précisé",42.79836
2009,75,"Nouvelle-Aquitaine","23","Creuse","02B","Matériaux recyclables","02A","Valorisation matière",1942.98658
2009,75,"Nouvelle-Aquitaine","23","Creuse","02B","Matériaux recyclables","02C","Incinération sans récupération d'énergie",0.227
2009,75,"Nouvelle-Aquitaine","23","Creuse","02B","Matériaux recyclables","02E","Valorisation organique",840.78992
2009,75,"Nouvelle-Aquitaine","23","Creuse","02B","Matériaux recyclables","02Z","Non précisé",102.20128
2009,75,"Nouvelle-Aquitaine","23","Creuse","02C","Déchets verts","02D","Stockage",257.47
2009,75,"Nouvelle-Aquitaine","23","Creuse","02C","Déchets verts","02E","Valorisation organique",3802.49019
2009,75,"Nouvelle-Aquitaine","23","Creuse","02D","Encombrants","02A","Valorisation matière",349.05443
2009,75,"Nouvelle-Aquitaine","23","Creuse","02D","Encombrants","02D","Stockage",3980.40265
2009,75,"Nouvelle-Aquitaine","23","Creuse","02D","Encombrants","02F","Stockage pour inertes",336.09
2009,75,"Nouvelle-Aquitaine","23","Creuse","02D","Encombrants","02Z","Non précisé",334.43875
2009,75,"Nouvelle-Aquitaine","23","Creuse","02E","Déblais et gravats","02A","Valorisation matière",820.40541
2009,75,"Nouvelle-Aquitaine","23","Creuse","02E","Déblais et gravats","02F","Stockage pour inertes",3109.96
2009,75,"Nouvelle-Aquitaine","23","Creuse","02E","Déblais et gravats","02Z","Non précisé",280.73
2009,75,"Nouvelle-Aquitaine","23","Creuse","02F","DEEE","02A","Valorisation matière",1056.301
2009,75,"Nouvelle-Aquitaine","23","Creuse","02F","DEEE","02Z","Non précisé",11.234
2009,75,"Nouvelle-Aquitaine","23","Creuse","02Z","Autres déchets","02A","Valorisation matière",2.66
2009,75,"Nouvelle-Aquitaine","23","Creuse","02Z","Autres déchets","02C","Incinération sans récupération d'énergie",2
2009,75,"Nouvelle-Aquitaine","23","Creuse","02Z","Autres déchets","02D","Stockage",1030.08
2009,75,"Nouvelle-Aquitaine","24","Dordogne","02A","Déchets dangereux","02A","Valorisation matière",299.84427
2009,75,"Nouvelle-Aquitaine","24","Dordogne","02A","Déchets dangereux","02B","Incinération avec récupération d'énergie",138.98929
2009,75,"Nouvelle-Aquitaine","24","Dordogne","02A","Déchets dangereux","02C","Incinération sans récupération d'énergie",57.38163
2009,75,"Nouvelle-Aquitaine","24","Dordogne","02A","Déchets dangereux","02D","Stockage",25.91005
2009,75,"Nouvelle-Aquitaine","24","Dordogne","02A","Déchets dangereux","02Z","Non précisé",107.72948
2009,75,"Nouvelle-Aquitaine","24","Dordogne","02B","Matériaux recyclables","02A","Valorisation matière",19274.18127
2009,75,"Nouvelle-Aquitaine","24","Dordogne","02B","Matériaux recyclables","02B","Incinération avec récupération d'énergie",1.13198
2009,75,"Nouvelle-Aquitaine","24","Dordogne","02B","Matériaux recyclables","02C","Incinération sans récupération d'énergie",2.069
2009,75,"Nouvelle-Aquitaine","24","Dordogne","02B","Matériaux recyclables","02E","Valorisation organique",19.58738
2009,75,"Nouvelle-Aquitaine","24","Dordogne","02B","Matériaux recyclables","02Z","Non précisé",437.00721
2009,75,"Nouvelle-Aquitaine","24","Dordogne","02C","Déchets verts","02E","Valorisation organique",43968.0381
2009,75,"Nouvelle-Aquitaine","24","Dordogne","02D","Encombrants","02A","Valorisation matière",14404.25667
2009,75,"Nouvelle-Aquitaine","24","Dordogne","02D","Encombrants","02B","Incinération avec récupération d'énergie",18.10972
2009,75,"Nouvelle-Aquitaine","24","Dordogne","02D","Encombrants","02D","Stockage",19505.50278
2009,75,"Nouvelle-Aquitaine","24","Dordogne","02D","Encombrants","02Z","Non précisé",248.7883
2009,75,"Nouvelle-Aquitaine","24","Dordogne","02E","Déblais et gravats","02A","Valorisation matière",3486.7567
2009,75,"Nouvelle-Aquitaine","24","Dordogne","02E","Déblais et gravats","02D","Stockage",4556.7385
2009,75,"Nouvelle-Aquitaine","24","Dordogne","02E","Déblais et gravats","02F","Stockage pour inertes",11989.82435
2009,75,"Nouvelle-Aquitaine","24","Dordogne","02E","Déblais et gravats","02Z","Non précisé",1159.07
2009,75,"Nouvelle-Aquitaine","24","Dordogne","02F","DEEE","02A","Valorisation matière",1784.86685
2009,75,"Nouvelle-Aquitaine","24","Dordogne","02F","DEEE","02Z","Non précisé",166.62631
2009,75,"Nouvelle-Aquitaine","24","Dordogne","02Z","Autres déchets","02A","Valorisation matière",373.66046
2009,75,"Nouvelle-Aquitaine","24","Dordogne","02Z","Autres déchets","02B","Incinération avec récupération d'énergie",3.9
2009,75,"Nouvelle-Aquitaine","24","Dordogne","02Z","Autres déchets","02C","Incinération sans récupération d'énergie",1.38
2009,75,"Nouvelle-Aquitaine","24","Dordogne","02Z","Autres déchets","02Z","Non précisé",1483.00885
2009,75,"Nouvelle-Aquitaine","33","Gironde","02A","Déchets dangereux","02A","Valorisation matière",1155.55412
2009,75,"Nouvelle-Aquitaine","33","Gironde","02A","Déchets dangereux","02B","Incinération avec récupération d'énergie",82.68522
2009,75,"Nouvelle-Aquitaine","33","Gironde","02A","Déchets dangereux","02C","Incinération sans récupération d'énergie",5.10265
2009,75,"Nouvelle-Aquitaine","33","Gironde","02A","Déchets dangereux","02D","Stockage",0.14027
2009,75,"Nouvelle-Aquitaine","33","Gironde","02A","Déchets dangereux","02F","Stockage pour inertes",75
2009,75,"Nouvelle-Aquitaine","33","Gironde","02A","Déchets dangereux","02Z","Non précisé",920.60612
2009,75,"Nouvelle-Aquitaine","33","Gironde","02B","Matériaux recyclables","02A","Valorisation matière",42295.02504
2009,75,"Nouvelle-Aquitaine","33","Gironde","02B","Matériaux recyclables","02B","Incinération avec récupération d'énergie",0.127
2009,75,"Nouvelle-Aquitaine","33","Gironde","02B","Matériaux recyclables","02E","Valorisation organique",2347
2009,75,"Nouvelle-Aquitaine","33","Gironde","02B","Matériaux recyclables","02Z","Non précisé",4374.30603
2009,75,"Nouvelle-Aquitaine","33","Gironde","02C","Déchets verts","02D","Stockage",5541.3
2009,75,"Nouvelle-Aquitaine","33","Gironde","02C","Déchets verts","02E","Valorisation organique",115981.5637
2009,75,"Nouvelle-Aquitaine","33","Gironde","02C","Déchets verts","02Z","Non précisé",534.02
2009,75,"Nouvelle-Aquitaine","33","Gironde","02D","Encombrants","02A","Valorisation matière",13039.48833
2009,75,"Nouvelle-Aquitaine","33","Gironde","02D","Encombrants","02B","Incinération avec récupération d'énergie",13576.69
2009,75,"Nouvelle-Aquitaine","33","Gironde","02D","Encombrants","02D","Stockage",54275.79647
2009,75,"Nouvelle-Aquitaine","33","Gironde","02D","Encombrants","02Z","Non précisé",294
2009,75,"Nouvelle-Aquitaine","33","Gironde","02E","Déblais et gravats","02A","Valorisation matière",4127.54
2009,75,"Nouvelle-Aquitaine","33","Gironde","02E","Déblais et gravats","02F","Stockage pour inertes",70199.6164
2009,75,"Nouvelle-Aquitaine","33","Gironde","02E","Déblais et gravats","02Z","Non précisé",2793.98
2009,75,"Nouvelle-Aquitaine","33","Gironde","02F","DEEE","02A","Valorisation matière",4597.59564
2009,75,"Nouvelle-Aquitaine","33","Gironde","02F","DEEE","02Z","Non précisé",237.2
2009,75,"Nouvelle-Aquitaine","33","Gironde","02Z","Autres déchets","02A","Valorisation matière",20.37902
2009,75,"Nouvelle-Aquitaine","33","Gironde","02Z","Autres déchets","02B","Incinération avec récupération d'énergie",1097.55
2009,75,"Nouvelle-Aquitaine","33","Gironde","02Z","Autres déchets","02Z","Non précisé",456.26517
2009,75,"Nouvelle-Aquitaine","40","Landes","02A","Déchets dangereux","02A","Valorisation matière",664.13074
2009,75,"Nouvelle-Aquitaine","40","Landes","02A","Déchets dangereux","02B","Incinération avec récupération d'énergie",11.23921
2009,75,"Nouvelle-Aquitaine","40","Landes","02A","Déchets dangereux","02C","Incinération sans récupération d'énergie",30.47243
2009,75,"Nouvelle-Aquitaine","40","Landes","02A","Déchets dangereux","02D","Stockage",199.8856
2009,75,"Nouvelle-Aquitaine","40","Landes","02A","Déchets dangereux","02F","Stockage pour inertes",59.09
2009,75,"Nouvelle-Aquitaine","40","Landes","02A","Déchets dangereux","02Z","Non précisé",474.32302
2009,75,"Nouvelle-Aquitaine","40","Landes","02B","Matériaux recyclables","02A","Valorisation matière",24542.13992
2009,75,"Nouvelle-Aquitaine","40","Landes","02B","Matériaux recyclables","02C","Incinération sans récupération d'énergie",0.023
2009,75,"Nouvelle-Aquitaine","40","Landes","02B","Matériaux recyclables","02D","Stockage",6
2009,75,"Nouvelle-Aquitaine","40","Landes","02B","Matériaux recyclables","02E","Valorisation organique",764.18
2009,75,"Nouvelle-Aquitaine","40","Landes","02B","Matériaux recyclables","02Z","Non précisé",2456.04
2009,75,"Nouvelle-Aquitaine","40","Landes","02C","Déchets verts","02E","Valorisation organique",94985.79882
2009,75,"Nouvelle-Aquitaine","40","Landes","02D","Encombrants","02A","Valorisation matière",118.85323
2009,75,"Nouvelle-Aquitaine","40","Landes","02D","Encombrants","02B","Incinération avec récupération d'énergie",3344.1
2009,75,"Nouvelle-Aquitaine","40","Landes","02D","Encombrants","02C","Incinération sans récupération d'énergie",5860.74384
2009,75,"Nouvelle-Aquitaine","40","Landes","02D","Encombrants","02D","Stockage",11317.41406
2009,75,"Nouvelle-Aquitaine","40","Landes","02D","Encombrants","02Z","Non précisé",1277.53
2009,75,"Nouvelle-Aquitaine","40","Landes","02E","Déblais et gravats","02A","Valorisation matière",189.08081
2009,75,"Nouvelle-Aquitaine","40","Landes","02E","Déblais et gravats","02D","Stockage",24993
2009,75,"Nouvelle-Aquitaine","40","Landes","02E","Déblais et gravats","02F","Stockage pour inertes",28596.59599
2009,75,"Nouvelle-Aquitaine","40","Landes","02E","Déblais et gravats","02Z","Non précisé",1508.78
2009,75,"Nouvelle-Aquitaine","40","Landes","02F","DEEE","02A","Valorisation matière",1580.60516
2009,75,"Nouvelle-Aquitaine","40","Landes","02F","DEEE","02Z","Non précisé",334.824
2009,75,"Nouvelle-Aquitaine","40","Landes","02Z","Autres déchets","02A","Valorisation matière",25.92941
2009,75,"Nouvelle-Aquitaine","40","Landes","02Z","Autres déchets","02D","Stockage",1407.74
2009,75,"Nouvelle-Aquitaine","40","Landes","02Z","Autres déchets","02E","Valorisation organique",2.208
2009,75,"Nouvelle-Aquitaine","40","Landes","02Z","Autres déchets","02Z","Non précisé",7.346
2009,75,"Nouvelle-Aquitaine","47","Lot-et-Garonne","02A","Déchets dangereux","02A","Valorisation matière",147.62224
2009,75,"Nouvelle-Aquitaine","47","Lot-et-Garonne","02A","Déchets dangereux","02B","Incinération avec récupération d'énergie",145.69784
2009,75,"Nouvelle-Aquitaine","47","Lot-et-Garonne","02A","Déchets dangereux","02C","Incinération sans récupération d'énergie",7.98
2009,75,"Nouvelle-Aquitaine","47","Lot-et-Garonne","02A","Déchets dangereux","02Z","Non précisé",53.23308
2009,75,"Nouvelle-Aquitaine","47","Lot-et-Garonne","02B","Matériaux recyclables","02A","Valorisation matière",10630.96905
2009,75,"Nouvelle-Aquitaine","47","Lot-et-Garonne","02B","Matériaux recyclables","02B","Incinération avec récupération d'énergie",28
2009,75,"Nouvelle-Aquitaine","47","Lot-et-Garonne","02B","Matériaux recyclables","02E","Valorisation organique",1.56586
2009,75,"Nouvelle-Aquitaine","47","Lot-et-Garonne","02B","Matériaux recyclables","02Z","Non précisé",1.50848
2009,75,"Nouvelle-Aquitaine","47","Lot-et-Garonne","02C","Déchets verts","02A","Valorisation matière",104.8
2009,75,"Nouvelle-Aquitaine","47","Lot-et-Garonne","02C","Déchets verts","02E","Valorisation organique",19893.3439
2009,75,"Nouvelle-Aquitaine","47","Lot-et-Garonne","02D","Encombrants","02A","Valorisation matière",646.74
2009,75,"Nouvelle-Aquitaine","47","Lot-et-Garonne","02D","Encombrants","02B","Incinération avec récupération d'énergie",289.74
2009,75,"Nouvelle-Aquitaine","47","Lot-et-Garonne","02D","Encombrants","02D","Stockage",13038.97672
2009,75,"Nouvelle-Aquitaine","47","Lot-et-Garonne","02D","Encombrants","02Z","Non précisé",3.8317
2009,75,"Nouvelle-Aquitaine","47","Lot-et-Garonne","02E","Déblais et gravats","02A","Valorisation matière",6624.27012
2009,75,"Nouvelle-Aquitaine","47","Lot-et-Garonne","02E","Déblais et gravats","02D","Stockage",111.71
2009,75,"Nouvelle-Aquitaine","47","Lot-et-Garonne","02E","Déblais et gravats","02F","Stockage pour inertes",8864.91974
2009,75,"Nouvelle-Aquitaine","47","Lot-et-Garonne","02F","DEEE","02A","Valorisation matière",1443.66635
2009,75,"Nouvelle-Aquitaine","47","Lot-et-Garonne","02F","DEEE","02Z","Non précisé",0.1487
2009,75,"Nouvelle-Aquitaine","47","Lot-et-Garonne","02Z","Autres déchets","02A","Valorisation matière",7.55999
2009,75,"Nouvelle-Aquitaine","47","Lot-et-Garonne","02Z","Autres déchets","02B","Incinération avec récupération d'énergie",0.609
2009,75,"Nouvelle-Aquitaine","47","Lot-et-Garonne","02Z","Autres déchets","02D","Stockage",0.07829
2009,75,"Nouvelle-Aquitaine","64","Pyrénées-Atlantiques","02A","Déchets dangereux","02A","Valorisation matière",202.09847
2009,75,"Nouvelle-Aquitaine","64","Pyrénées-Atlantiques","02A","Déchets dangereux","02B","Incinération avec récupération d'énergie",234.50582
2009,75,"Nouvelle-Aquitaine","64","Pyrénées-Atlantiques","02A","Déchets dangereux","02C","Incinération sans récupération d'énergie",115.59876
2009,75,"Nouvelle-Aquitaine","64","Pyrénées-Atlantiques","02A","Déchets dangereux","02D","Stockage",8.8444
2009,75,"Nouvelle-Aquitaine","64","Pyrénées-Atlantiques","02A","Déchets dangereux","02Z","Non précisé",5038.76844
2009,75,"Nouvelle-Aquitaine","64","Pyrénées-Atlantiques","02B","Matériaux recyclables","02A","Valorisation matière",17729.71086
2009,75,"Nouvelle-Aquitaine","64","Pyrénées-Atlantiques","02B","Matériaux recyclables","02B","Incinération avec récupération d'énergie",967.39999
2009,75,"Nouvelle-Aquitaine","64","Pyrénées-Atlantiques","02B","Matériaux recyclables","02C","Incinération sans récupération d'énergie",0.107
2009,75,"Nouvelle-Aquitaine","64","Pyrénées-Atlantiques","02B","Matériaux recyclables","02E","Valorisation organique",40.39602
2009,75,"Nouvelle-Aquitaine","64","Pyrénées-Atlantiques","02B","Matériaux recyclables","02Z","Non précisé",1226.401
2009,75,"Nouvelle-Aquitaine","64","Pyrénées-Atlantiques","02C","Déchets verts","02A","Valorisation matière",822
2009,75,"Nouvelle-Aquitaine","64","Pyrénées-Atlantiques","02C","Déchets verts","02E","Valorisation organique",44180.47658
2009,75,"Nouvelle-Aquitaine","64","Pyrénées-Atlantiques","02D","Encombrants","02A","Valorisation matière",1368.59737
2009,75,"Nouvelle-Aquitaine","64","Pyrénées-Atlantiques","02D","Encombrants","02B","Incinération avec récupération d'énergie",2686.4
2009,75,"Nouvelle-Aquitaine","64","Pyrénées-Atlantiques","02D","Encombrants","02C","Incinération sans récupération d'énergie",0.9814
2009,75,"Nouvelle-Aquitaine","64","Pyrénées-Atlantiques","02D","Encombrants","02D","Stockage",20361.35351
2009,75,"Nouvelle-Aquitaine","64","Pyrénées-Atlantiques","02D","Encombrants","02Z","Non précisé",18.29
2009,75,"Nouvelle-Aquitaine","64","Pyrénées-Atlantiques","02E","Déblais et gravats","02A","Valorisation matière",4838.89
2009,75,"Nouvelle-Aquitaine","64","Pyrénées-Atlantiques","02E","Déblais et gravats","02D","Stockage",4855.66001
2009,75,"Nouvelle-Aquitaine","64","Pyrénées-Atlantiques","02E","Déblais et gravats","02E","Valorisation organique",1307.41999
2009,75,"Nouvelle-Aquitaine","64","Pyrénées-Atlantiques","02E","Déblais et gravats","02F","Stockage pour inertes",14068.04521
2009,75,"Nouvelle-Aquitaine","64","Pyrénées-Atlantiques","02E","Déblais et gravats","02Z","Non précisé",255.8
2009,75,"Nouvelle-Aquitaine","64","Pyrénées-Atlantiques","02F","DEEE","02A","Valorisation matière",2624.48816
2009,75,"Nouvelle-Aquitaine","64","Pyrénées-Atlantiques","02F","DEEE","02Z","Non précisé",136.624
2009,75,"Nouvelle-Aquitaine","64","Pyrénées-Atlantiques","02Z","Autres déchets","02A","Valorisation matière",518.32044
2009,75,"Nouvelle-Aquitaine","64","Pyrénées-Atlantiques","02Z","Autres déchets","02B","Incinération avec récupération d'énergie",259.64
2009,75,"Nouvelle-Aquitaine","64","Pyrénées-Atlantiques","02Z","Autres déchets","02C","Incinération sans récupération d'énergie",1.43
2009,75,"Nouvelle-Aquitaine","64","Pyrénées-Atlantiques","02Z","Autres déchets","02D","Stockage",1554.21
2009,75,"Nouvelle-Aquitaine","64","Pyrénées-Atlantiques","02Z","Autres déchets","02E","Valorisation organique",902.34
2009,75,"Nouvelle-Aquitaine","64","Pyrénées-Atlantiques","02Z","Autres déchets","02Z","Non précisé",666.544
2009,75,"Nouvelle-Aquitaine","79","Deux-Sèvres","02A","Déchets dangereux","02A","Valorisation matière",134.32
2009,75,"Nouvelle-Aquitaine","79","Deux-Sèvres","02A","Déchets dangereux","02B","Incinération avec récupération d'énergie",84.31
2009,75,"Nouvelle-Aquitaine","79","Deux-Sèvres","02A","Déchets dangereux","02C","Incinération sans récupération d'énergie",0.19555
2009,75,"Nouvelle-Aquitaine","79","Deux-Sèvres","02A","Déchets dangereux","02F","Stockage pour inertes",14.38
2009,75,"Nouvelle-Aquitaine","79","Deux-Sèvres","02A","Déchets dangereux","02Z","Non précisé",388.49
2009,75,"Nouvelle-Aquitaine","79","Deux-Sèvres","02B","Matériaux recyclables","02A","Valorisation matière",15765.99
2009,75,"Nouvelle-Aquitaine","79","Deux-Sèvres","02B","Matériaux recyclables","02B","Incinération avec récupération d'énergie",140.54
2009,75,"Nouvelle-Aquitaine","79","Deux-Sèvres","02B","Matériaux recyclables","02Z","Non précisé",0.34
2009,75,"Nouvelle-Aquitaine","79","Deux-Sèvres","02C","Déchets verts","02E","Valorisation organique",36984.23
2009,75,"Nouvelle-Aquitaine","79","Deux-Sèvres","02C","Déchets verts","02F","Stockage pour inertes",177.58
2009,75,"Nouvelle-Aquitaine","79","Deux-Sèvres","02D","Encombrants","02A","Valorisation matière",21.5
2009,75,"Nouvelle-Aquitaine","79","Deux-Sèvres","02D","Encombrants","02D","Stockage",16611.32
2009,75,"Nouvelle-Aquitaine","79","Deux-Sèvres","02D","Encombrants","02Z","Non précisé",12.52
2009,75,"Nouvelle-Aquitaine","79","Deux-Sèvres","02E","Déblais et gravats","02A","Valorisation matière",6673.91
2009,75,"Nouvelle-Aquitaine","79","Deux-Sèvres","02E","Déblais et gravats","02E","Valorisation organique",6165
2009,75,"Nouvelle-Aquitaine","79","Deux-Sèvres","02E","Déblais et gravats","02F","Stockage pour inertes",194
2009,75,"Nouvelle-Aquitaine","79","Deux-Sèvres","02E","Déblais et gravats","02Z","Non précisé",2939.8
2009,75,"Nouvelle-Aquitaine","79","Deux-Sèvres","02F","DEEE","02A","Valorisation matière",1803.4
2009,75,"Nouvelle-Aquitaine","79","Deux-Sèvres","02Z","Autres déchets","02A","Valorisation matière",41.8
2009,75,"Nouvelle-Aquitaine","79","Deux-Sèvres","02Z","Autres déchets","02B","Incinération avec récupération d'énergie",0.2
2009,75,"Nouvelle-Aquitaine","86","Vienne","02A","Déchets dangereux","02A","Valorisation matière",64.58
2009,75,"Nouvelle-Aquitaine","86","Vienne","02A","Déchets dangereux","02B","Incinération avec récupération d'énergie",64.73
2009,75,"Nouvelle-Aquitaine","86","Vienne","02A","Déchets dangereux","02F","Stockage pour inertes",10.24
2009,75,"Nouvelle-Aquitaine","86","Vienne","02A","Déchets dangereux","02Z","Non précisé",274.647
2009,75,"Nouvelle-Aquitaine","86","Vienne","02B","Matériaux recyclables","02A","Valorisation matière",14225.89
2009,75,"Nouvelle-Aquitaine","86","Vienne","02B","Matériaux recyclables","02B","Incinération avec récupération d'énergie",962.38
2009,75,"Nouvelle-Aquitaine","86","Vienne","02B","Matériaux recyclables","02E","Valorisation organique",0.31
2009,75,"Nouvelle-Aquitaine","86","Vienne","02B","Matériaux recyclables","02Z","Non précisé",0.51
2009,75,"Nouvelle-Aquitaine","86","Vienne","02C","Déchets verts","02A","Valorisation matière",378
2009,75,"Nouvelle-Aquitaine","86","Vienne","02C","Déchets verts","02D","Stockage",0.34
2009,75,"Nouvelle-Aquitaine","86","Vienne","02C","Déchets verts","02E","Valorisation organique",35114.66
2009,75,"Nouvelle-Aquitaine","86","Vienne","02D","Encombrants","02A","Valorisation matière",21.08
2009,75,"Nouvelle-Aquitaine","86","Vienne","02D","Encombrants","02B","Incinération avec récupération d'énergie",2443.17
2009,75,"Nouvelle-Aquitaine","86","Vienne","02D","Encombrants","02D","Stockage",24868.16
2009,75,"Nouvelle-Aquitaine","86","Vienne","02E","Déblais et gravats","02A","Valorisation matière",20029.76
2009,75,"Nouvelle-Aquitaine","86","Vienne","02E","Déblais et gravats","02D","Stockage",4562.32
2009,75,"Nouvelle-Aquitaine","86","Vienne","02E","Déblais et gravats","02F","Stockage pour inertes",6126.16
2009,75,"Nouvelle-Aquitaine","86","Vienne","02E","Déblais et gravats","02Z","Non précisé",2418.48
2009,75,"Nouvelle-Aquitaine","86","Vienne","02F","DEEE","02A","Valorisation matière",715.16
2009,75,"Nouvelle-Aquitaine","86","Vienne","02Z","Autres déchets","02A","Valorisation matière",5.99
2009,75,"Nouvelle-Aquitaine","86","Vienne","02Z","Autres déchets","02B","Incinération avec récupération d'énergie",0.17
2009,75,"Nouvelle-Aquitaine","86","Vienne","02Z","Autres déchets","02Z","Non précisé",0.09
2009,75,"Nouvelle-Aquitaine","87","Haute-Vienne","02A","Déchets dangereux","02A","Valorisation matière",109.332
2009,75,"Nouvelle-Aquitaine","87","Haute-Vienne","02A","Déchets dangereux","02B","Incinération avec récupération d'énergie",343.796
2009,75,"Nouvelle-Aquitaine","87","Haute-Vienne","02A","Déchets dangereux","02C","Incinération sans récupération d'énergie",46.951
2009,75,"Nouvelle-Aquitaine","87","Haute-Vienne","02A","Déchets dangereux","02Z","Non précisé",2.45
2009,75,"Nouvelle-Aquitaine","87","Haute-Vienne","02B","Matériaux recyclables","02A","Valorisation matière",5220.516
2009,75,"Nouvelle-Aquitaine","87","Haute-Vienne","02B","Matériaux recyclables","02B","Incinération avec récupération d'énergie",4.27
2009,75,"Nouvelle-Aquitaine","87","Haute-Vienne","02B","Matériaux recyclables","02C","Incinération sans récupération d'énergie",1.088
2009,75,"Nouvelle-Aquitaine","87","Haute-Vienne","02B","Matériaux recyclables","02E","Valorisation organique",833.35
2009,75,"Nouvelle-Aquitaine","87","Haute-Vienne","02B","Matériaux recyclables","02Z","Non précisé",208.56
2009,75,"Nouvelle-Aquitaine","87","Haute-Vienne","02C","Déchets verts","02E","Valorisation organique",24959.09001
2009,75,"Nouvelle-Aquitaine","87","Haute-Vienne","02D","Encombrants","02D","Stockage",19829.31001
2009,75,"Nouvelle-Aquitaine","87","Haute-Vienne","02E","Déblais et gravats","02A","Valorisation matière",4136.02
2009,75,"Nouvelle-Aquitaine","87","Haute-Vienne","02E","Déblais et gravats","02F","Stockage pour inertes",618.35
2009,75,"Nouvelle-Aquitaine","87","Haute-Vienne","02E","Déblais et gravats","02Z","Non précisé",4358.00001
2009,75,"Nouvelle-Aquitaine","87","Haute-Vienne","02F","DEEE","02A","Valorisation matière",1937.92399
2009,76,"Occitanie","09","Ariège","02A","Déchets dangereux","02A","Valorisation matière",213.491
2009,76,"Occitanie","09","Ariège","02A","Déchets dangereux","02B","Incinération avec récupération d'énergie",0.99551
2009,76,"Occitanie","09","Ariège","02A","Déchets dangereux","02Z","Non précisé",36.27
2009,76,"Occitanie","09","Ariège","02B","Matériaux recyclables","02A","Valorisation matière",3187.5
2009,76,"Occitanie","09","Ariège","02B","Matériaux recyclables","02B","Incinération avec récupération d'énergie",2567
2009,76,"Occitanie","09","Ariège","02B","Matériaux recyclables","02E","Valorisation organique",1729.46
2009,76,"Occitanie","09","Ariège","02B","Matériaux recyclables","02Z","Non précisé",47.85
2009,76,"Occitanie","09","Ariège","02C","Déchets verts","02A","Valorisation matière",2845.49
2009,76,"Occitanie","09","Ariège","02C","Déchets verts","02D","Stockage",218.9
2009,76,"Occitanie","09","Ariège","02C","Déchets verts","02E","Valorisation organique",7148
2009,76,"Occitanie","09","Ariège","02C","Déchets verts","02Z","Non précisé",124
2009,76,"Occitanie","09","Ariège","02D","Encombrants","02A","Valorisation matière",71.65999
2009,76,"Occitanie","09","Ariège","02D","Encombrants","02D","Stockage",5236.78999
2009,76,"Occitanie","09","Ariège","02D","Encombrants","02Z","Non précisé",95
2009,76,"Occitanie","09","Ariège","02E","Déblais et gravats","02A","Valorisation matière",8094
2009,76,"Occitanie","09","Ariège","02E","Déblais et gravats","02F","Stockage pour inertes",4397.08
2009,76,"Occitanie","09","Ariège","02E","Déblais et gravats","02Z","Non précisé",83
2009,76,"Occitanie","09","Ariège","02F","DEEE","02A","Valorisation matière",629.65
2009,76,"Occitanie","09","Ariège","02F","DEEE","02Z","Non précisé",297.611
2009,76,"Occitanie","09","Ariège","02Z","Autres déchets","02A","Valorisation matière",5.3
2009,76,"Occitanie","09","Ariège","02Z","Autres déchets","02D","Stockage",0.07
2009,76,"Occitanie","09","Ariège","02Z","Autres déchets","02Z","Non précisé",326
2009,76,"Occitanie","11","Aude","02A","Déchets dangereux","02A","Valorisation matière",130.58129
2009,76,"Occitanie","11","Aude","02A","Déchets dangereux","02B","Incinération avec récupération d'énergie",0.00197
2009,76,"Occitanie","11","Aude","02A","Déchets dangereux","02C","Incinération sans récupération d'énergie",90.25746
2009,76,"Occitanie","11","Aude","02A","Déchets dangereux","02Z","Non précisé",35.12514
2009,76,"Occitanie","11","Aude","02B","Matériaux recyclables","02A","Valorisation matière",10607.74717
2009,76,"Occitanie","11","Aude","02B","Matériaux recyclables","02B","Incinération avec récupération d'énergie",0.63025
2009,76,"Occitanie","11","Aude","02B","Matériaux recyclables","02D","Stockage",691.54753
2009,76,"Occitanie","11","Aude","02B","Matériaux recyclables","02E","Valorisation organique",845
2009,76,"Occitanie","11","Aude","02B","Matériaux recyclables","02Z","Non précisé",1334.85225
2009,76,"Occitanie","11","Aude","02C","Déchets verts","02A","Valorisation matière",2194
2009,76,"Occitanie","11","Aude","02C","Déchets verts","02E","Valorisation organique",16725.09985
2009,76,"Occitanie","11","Aude","02C","Déchets verts","02F","Stockage pour inertes",845.83
2009,76,"Occitanie","11","Aude","02C","Déchets verts","02Z","Non précisé",440
2009,76,"Occitanie","11","Aude","02D","Encombrants","02A","Valorisation matière",241
2009,76,"Occitanie","11","Aude","02D","Encombrants","02B","Incinération avec récupération d'énergie",7245.35796
2009,76,"Occitanie","11","Aude","02D","Encombrants","02D","Stockage",22407.32739
2009,76,"Occitanie","11","Aude","02D","Encombrants","02F","Stockage pour inertes",46
2009,76,"Occitanie","11","Aude","02E","Déblais et gravats","02A","Valorisation matière",5600
2009,76,"Occitanie","11","Aude","02E","Déblais et gravats","02D","Stockage",5961.58
2009,76,"Occitanie","11","Aude","02E","Déblais et gravats","02F","Stockage pour inertes",11120.85678
2009,76,"Occitanie","11","Aude","02F","DEEE","02A","Valorisation matière",841.78069
2009,76,"Occitanie","11","Aude","02Z","Autres déchets","02A","Valorisation matière",8
2009,76,"Occitanie","11","Aude","02Z","Autres déchets","02C","Incinération sans récupération d'énergie",0.01464
2009,76,"Occitanie","11","Aude","02Z","Autres déchets","02Z","Non précisé",225.4
2009,76,"Occitanie","12","Aveyron","02A","Déchets dangereux","02A","Valorisation matière",153.03
2009,76,"Occitanie","12","Aveyron","02A","Déchets dangereux","02B","Incinération avec récupération d'énergie",15.508
2009,76,"Occitanie","12","Aveyron","02A","Déchets dangereux","02C","Incinération sans récupération d'énergie",5.04
2009,76,"Occitanie","12","Aveyron","02A","Déchets dangereux","02Z","Non précisé",280.23159
2009,76,"Occitanie","12","Aveyron","02B","Matériaux recyclables","02A","Valorisation matière",5922.032
2009,76,"Occitanie","12","Aveyron","02B","Matériaux recyclables","02B","Incinération avec récupération d'énergie",1305.8
2009,76,"Occitanie","12","Aveyron","02B","Matériaux recyclables","02D","Stockage",205
2009,76,"Occitanie","12","Aveyron","02B","Matériaux recyclables","02E","Valorisation organique",313.18001
2009,76,"Occitanie","12","Aveyron","02B","Matériaux recyclables","02Z","Non précisé",1844.23
2009,76,"Occitanie","12","Aveyron","02C","Déchets verts","02A","Valorisation matière",188
2009,76,"Occitanie","12","Aveyron","02C","Déchets verts","02E","Valorisation organique",10885.31
2009,76,"Occitanie","12","Aveyron","02C","Déchets verts","02Z","Non précisé",32.12
2009,76,"Occitanie","12","Aveyron","02D","Encombrants","02A","Valorisation matière",189.98
2009,76,"Occitanie","12","Aveyron","02D","Encombrants","02D","Stockage",10994.48
2009,76,"Occitanie","12","Aveyron","02D","Encombrants","02Z","Non précisé",1324.64
2009,76,"Occitanie","12","Aveyron","02E","Déblais et gravats","02D","Stockage",1701
2009,76,"Occitanie","12","Aveyron","02E","Déblais et gravats","02F","Stockage pour inertes",5827.45
2009,76,"Occitanie","12","Aveyron","02E","Déblais et gravats","02Z","Non précisé",271.8
2009,76,"Occitanie","12","Aveyron","02F","DEEE","02A","Valorisation matière",1250.413
2009,76,"Occitanie","12","Aveyron","02F","DEEE","02Z","Non précisé",577.116
2009,76,"Occitanie","12","Aveyron","02Z","Autres déchets","02A","Valorisation matière",9.314
2009,76,"Occitanie","12","Aveyron","02Z","Autres déchets","02D","Stockage",244
2009,76,"Occitanie","12","Aveyron","02Z","Autres déchets","02Z","Non précisé",335.92
2009,76,"Occitanie","30","Gard","02A","Déchets dangereux","02A","Valorisation matière",272.35894
2009,76,"Occitanie","30","Gard","02A","Déchets dangereux","02B","Incinération avec récupération d'énergie",8.75
2009,76,"Occitanie","30","Gard","02A","Déchets dangereux","02C","Incinération sans récupération d'énergie",371.18537
2009,76,"Occitanie","30","Gard","02A","Déchets dangereux","02Z","Non précisé",88.10801
2009,76,"Occitanie","30","Gard","02B","Matériaux recyclables","02A","Valorisation matière",28164.79553
2009,76,"Occitanie","30","Gard","02B","Matériaux recyclables","02C","Incinération sans récupération d'énergie",0.126
2009,76,"Occitanie","30","Gard","02B","Matériaux recyclables","02D","Stockage",466.42
2009,76,"Occitanie","30","Gard","02B","Matériaux recyclables","02E","Valorisation organique",1605.43
2009,76,"Occitanie","30","Gard","02B","Matériaux recyclables","02F","Stockage pour inertes",198
2009,76,"Occitanie","30","Gard","02B","Matériaux recyclables","02Z","Non précisé",2178.501
2009,76,"Occitanie","30","Gard","02C","Déchets verts","02A","Valorisation matière",4499
2009,76,"Occitanie","30","Gard","02C","Déchets verts","02E","Valorisation organique",42495.85438
2009,76,"Occitanie","30","Gard","02C","Déchets verts","02Z","Non précisé",6469.87
2009,76,"Occitanie","30","Gard","02D","Encombrants","02A","Valorisation matière",873.73
2009,76,"Occitanie","30","Gard","02D","Encombrants","02B","Incinération avec récupération d'énergie",7819.43975
2009,76,"Occitanie","30","Gard","02D","Encombrants","02D","Stockage",27603.03
2009,76,"Occitanie","30","Gard","02D","Encombrants","02Z","Non précisé",1672.94
2009,76,"Occitanie","30","Gard","02E","Déblais et gravats","02A","Valorisation matière",32791.87147
2009,76,"Occitanie","30","Gard","02E","Déblais et gravats","02D","Stockage",14314.91998
2009,76,"Occitanie","30","Gard","02E","Déblais et gravats","02F","Stockage pour inertes",34211.2
2009,76,"Occitanie","30","Gard","02E","Déblais et gravats","02Z","Non précisé",4419.98797
2009,76,"Occitanie","30","Gard","02F","DEEE","02A","Valorisation matière",1381.36499
2009,76,"Occitanie","30","Gard","02Z","Autres déchets","02A","Valorisation matière",10.80279
2009,76,"Occitanie","30","Gard","02Z","Autres déchets","02D","Stockage",126
2009,76,"Occitanie","30","Gard","02Z","Autres déchets","02Z","Non précisé",241
2009,76,"Occitanie","31","Haute-Garonne","02A","Déchets dangereux","02A","Valorisation matière",413.243
2009,76,"Occitanie","31","Haute-Garonne","02A","Déchets dangereux","02B","Incinération avec récupération d'énergie",13.26443
2009,76,"Occitanie","31","Haute-Garonne","02A","Déchets dangereux","02D","Stockage",41
2009,76,"Occitanie","31","Haute-Garonne","02A","Déchets dangereux","02Z","Non précisé",511.1785
2009,76,"Occitanie","31","Haute-Garonne","02B","Matériaux recyclables","02A","Valorisation matière",22462.69214
2009,76,"Occitanie","31","Haute-Garonne","02B","Matériaux recyclables","02B","Incinération avec récupération d'énergie",78.02407
2009,76,"Occitanie","31","Haute-Garonne","02B","Matériaux recyclables","02D","Stockage",336.55274
2009,76,"Occitanie","31","Haute-Garonne","02B","Matériaux recyclables","02E","Valorisation organique",607
2009,76,"Occitanie","31","Haute-Garonne","02B","Matériaux recyclables","02Z","Non précisé",637.54004
2009,76,"Occitanie","31","Haute-Garonne","02C","Déchets verts","02A","Valorisation matière",6060.04583
2009,76,"Occitanie","31","Haute-Garonne","02C","Déchets verts","02E","Valorisation organique",40514.14093
2009,76,"Occitanie","31","Haute-Garonne","02C","Déchets verts","02Z","Non précisé",3123
2009,76,"Occitanie","31","Haute-Garonne","02D","Encombrants","02A","Valorisation matière",2265.84
2009,76,"Occitanie","31","Haute-Garonne","02D","Encombrants","02B","Incinération avec récupération d'énergie",4819.33427
2009,76,"Occitanie","31","Haute-Garonne","02D","Encombrants","02D","Stockage",18648.14031
2009,76,"Occitanie","31","Haute-Garonne","02D","Encombrants","02Z","Non précisé",1265
2009,76,"Occitanie","31","Haute-Garonne","02E","Déblais et gravats","02A","Valorisation matière",11860.24
2009,76,"Occitanie","31","Haute-Garonne","02E","Déblais et gravats","02D","Stockage",18632.24672
2009,76,"Occitanie","31","Haute-Garonne","02E","Déblais et gravats","02F","Stockage pour inertes",8912.30093
2009,76,"Occitanie","31","Haute-Garonne","02E","Déblais et gravats","02Z","Non précisé",835
2009,76,"Occitanie","31","Haute-Garonne","02F","DEEE","02A","Valorisation matière",3047.89009
2009,76,"Occitanie","31","Haute-Garonne","02F","DEEE","02Z","Non précisé",240.277
2009,76,"Occitanie","31","Haute-Garonne","02Z","Autres déchets","02A","Valorisation matière",387
2009,76,"Occitanie","31","Haute-Garonne","02Z","Autres déchets","02C","Incinération sans récupération d'énergie",1.11339
2009,76,"Occitanie","31","Haute-Garonne","02Z","Autres déchets","02D","Stockage",1483
2009,76,"Occitanie","31","Haute-Garonne","02Z","Autres déchets","02Z","Non précisé",1612.14521
2009,76,"Occitanie","32","Gers","02A","Déchets dangereux","02A","Valorisation matière",72.98151
2009,76,"Occitanie","32","Gers","02A","Déchets dangereux","02B","Incinération avec récupération d'énergie",3.66847
2009,76,"Occitanie","32","Gers","02A","Déchets dangereux","02C","Incinération sans récupération d'énergie",23.05457
2009,76,"Occitanie","32","Gers","02A","Déchets dangereux","02Z","Non précisé",133.786
2009,76,"Occitanie","32","Gers","02B","Matériaux recyclables","02A","Valorisation matière",4915.3439
2009,76,"Occitanie","32","Gers","02B","Matériaux recyclables","02E","Valorisation organique",412
2009,76,"Occitanie","32","Gers","02B","Matériaux recyclables","02Z","Non précisé",153.5
2009,76,"Occitanie","32","Gers","02C","Déchets verts","02A","Valorisation matière",452.24
2009,76,"Occitanie","32","Gers","02C","Déchets verts","02E","Valorisation organique",8725.96106
2009,76,"Occitanie","32","Gers","02D","Encombrants","02A","Valorisation matière",2688.56
2009,76,"Occitanie","32","Gers","02D","Encombrants","02C","Incinération sans récupération d'énergie",98.64476
2009,76,"Occitanie","32","Gers","02D","Encombrants","02D","Stockage",5664.15837
2009,76,"Occitanie","32","Gers","02E","Déblais et gravats","02A","Valorisation matière",2139.50919
2009,76,"Occitanie","32","Gers","02E","Déblais et gravats","02D","Stockage",4131.81
2009,76,"Occitanie","32","Gers","02E","Déblais et gravats","02F","Stockage pour inertes",6687.92285
2009,76,"Occitanie","32","Gers","02E","Déblais et gravats","02Z","Non précisé",1201
2009,76,"Occitanie","32","Gers","02F","DEEE","02A","Valorisation matière",863.05374
2009,76,"Occitanie","32","Gers","02F","DEEE","02Z","Non précisé",348.044
2009,76,"Occitanie","32","Gers","02Z","Autres déchets","02A","Valorisation matière",4.22771
2009,76,"Occitanie","32","Gers","02Z","Autres déchets","02Z","Non précisé",467.84
2009,76,"Occitanie","34","Hérault","02A","Déchets dangereux","02A","Valorisation matière",390.68348
2009,76,"Occitanie","34","Hérault","02A","Déchets dangereux","02C","Incinération sans récupération d'énergie",245.89116
2009,76,"Occitanie","34","Hérault","02A","Déchets dangereux","02Z","Non précisé",6.49
2009,76,"Occitanie","34","Hérault","02B","Matériaux recyclables","02A","Valorisation matière",35755.31988
2009,76,"Occitanie","34","Hérault","02B","Matériaux recyclables","02C","Incinération sans récupération d'énergie",2.66
2009,76,"Occitanie","34","Hérault","02B","Matériaux recyclables","02E","Valorisation organique",7899.88
2009,76,"Occitanie","34","Hérault","02C","Déchets verts","02A","Valorisation matière",22.17786
2009,76,"Occitanie","34","Hérault","02C","Déchets verts","02E","Valorisation organique",72320.74548
2009,76,"Occitanie","34","Hérault","02D","Encombrants","02A","Valorisation matière",10364
2009,76,"Occitanie","34","Hérault","02D","Encombrants","02B","Incinération avec récupération d'énergie",14794.2835
2009,76,"Occitanie","34","Hérault","02D","Encombrants","02D","Stockage",37017.15
2009,76,"Occitanie","34","Hérault","02D","Encombrants","02E","Valorisation organique",1049
2009,76,"Occitanie","34","Hérault","02D","Encombrants","02F","Stockage pour inertes",21047.1
2009,76,"Occitanie","34","Hérault","02E","Déblais et gravats","02A","Valorisation matière",32068.49853
2009,76,"Occitanie","34","Hérault","02E","Déblais et gravats","02D","Stockage",4517
2009,76,"Occitanie","34","Hérault","02E","Déblais et gravats","02F","Stockage pour inertes",70624.18529
2009,76,"Occitanie","34","Hérault","02E","Déblais et gravats","02Z","Non précisé",207.40203
2009,76,"Occitanie","34","Hérault","02F","DEEE","02A","Valorisation matière",1728.65368
2009,76,"Occitanie","34","Hérault","02Z","Autres déchets","02A","Valorisation matière",21.57108
2009,76,"Occitanie","46","Lot","02A","Déchets dangereux","02A","Valorisation matière",3.15519
2009,76,"Occitanie","46","Lot","02A","Déchets dangereux","02B","Incinération avec récupération d'énergie",0.05977
2009,76,"Occitanie","46","Lot","02A","Déchets dangereux","02Z","Non précisé",344
2009,76,"Occitanie","46","Lot","02B","Matériaux recyclables","02A","Valorisation matière",3372.60792
2009,76,"Occitanie","46","Lot","02B","Matériaux recyclables","02E","Valorisation organique",1871.3
2009,76,"Occitanie","46","Lot","02C","Déchets verts","02E","Valorisation organique",10000.00108
2009,76,"Occitanie","46","Lot","02D","Encombrants","02A","Valorisation matière",170
2009,76,"Occitanie","46","Lot","02D","Encombrants","02D","Stockage",9509.37696
2009,76,"Occitanie","46","Lot","02E","Déblais et gravats","02F","Stockage pour inertes",12665
2009,76,"Occitanie","46","Lot","02F","DEEE","02A","Valorisation matière",1599
2009,76,"Occitanie","46","Lot","02Z","Autres déchets","02A","Valorisation matière",27.5
2009,76,"Occitanie","48","Lozère","02A","Déchets dangereux","02A","Valorisation matière",67.21803
2009,76,"Occitanie","48","Lozère","02A","Déchets dangereux","02B","Incinération avec récupération d'énergie",3.972
2009,76,"Occitanie","48","Lozère","02A","Déchets dangereux","02C","Incinération sans récupération d'énergie",60.67927
2009,76,"Occitanie","48","Lozère","02A","Déchets dangereux","02D","Stockage",92.66
2009,76,"Occitanie","48","Lozère","02A","Déchets dangereux","02Z","Non précisé",13.33143
2009,76,"Occitanie","48","Lozère","02B","Matériaux recyclables","02A","Valorisation matière",3377.64692
2009,76,"Occitanie","48","Lozère","02B","Matériaux recyclables","02B","Incinération avec récupération d'énergie",77.8
2009,76,"Occitanie","48","Lozère","02B","Matériaux recyclables","02C","Incinération sans récupération d'énergie",0.7421
2009,76,"Occitanie","48","Lozère","02B","Matériaux recyclables","02Z","Non précisé",51.32
2009,76,"Occitanie","48","Lozère","02C","Déchets verts","02E","Valorisation organique",2288.50548
2009,76,"Occitanie","48","Lozère","02D","Encombrants","02D","Stockage",4751.08509
2009,76,"Occitanie","48","Lozère","02E","Déblais et gravats","02D","Stockage",828.348
2009,76,"Occitanie","48","Lozère","02E","Déblais et gravats","02F","Stockage pour inertes",1545
2009,76,"Occitanie","48","Lozère","02F","DEEE","02A","Valorisation matière",310.694
2009,76,"Occitanie","48","Lozère","02F","DEEE","02Z","Non précisé",34.292
2009,76,"Occitanie","48","Lozère","02Z","Autres déchets","02A","Valorisation matière",444.584
2009,76,"Occitanie","48","Lozère","02Z","Autres déchets","02C","Incinération sans récupération d'énergie",0.529
2009,76,"Occitanie","48","Lozère","02Z","Autres déchets","02Z","Non précisé",0.93807
2009,76,"Occitanie","65","Hautes-Pyrénées","02A","Déchets dangereux","02A","Valorisation matière",278.42301
2009,76,"Occitanie","65","Hautes-Pyrénées","02A","Déchets dangereux","02B","Incinération avec récupération d'énergie",28.39424
2009,76,"Occitanie","65","Hautes-Pyrénées","02A","Déchets dangereux","02C","Incinération sans récupération d'énergie",0.47946
2009,76,"Occitanie","65","Hautes-Pyrénées","02A","Déchets dangereux","02D","Stockage",134.51121
2009,76,"Occitanie","65","Hautes-Pyrénées","02A","Déchets dangereux","02Z","Non précisé",26.47445
2009,76,"Occitanie","65","Hautes-Pyrénées","02B","Matériaux recyclables","02A","Valorisation matière",6571.23234
2009,76,"Occitanie","65","Hautes-Pyrénées","02B","Matériaux recyclables","02B","Incinération avec récupération d'énergie",841.39
2009,76,"Occitanie","65","Hautes-Pyrénées","02B","Matériaux recyclables","02E","Valorisation organique",403.24647
2009,76,"Occitanie","65","Hautes-Pyrénées","02B","Matériaux recyclables","02Z","Non précisé",228.69795
2009,76,"Occitanie","65","Hautes-Pyrénées","02C","Déchets verts","02A","Valorisation matière",1287.28
2009,76,"Occitanie","65","Hautes-Pyrénées","02C","Déchets verts","02E","Valorisation organique",18479.73697
2009,76,"Occitanie","65","Hautes-Pyrénées","02D","Encombrants","02A","Valorisation matière",12.0974
2009,76,"Occitanie","65","Hautes-Pyrénées","02D","Encombrants","02B","Incinération avec récupération d'énergie",0.14282
2009,76,"Occitanie","65","Hautes-Pyrénées","02D","Encombrants","02D","Stockage",13343.88485
2009,76,"Occitanie","65","Hautes-Pyrénées","02E","Déblais et gravats","02A","Valorisation matière",919.56005
2009,76,"Occitanie","65","Hautes-Pyrénées","02E","Déblais et gravats","02D","Stockage",114.30975
2009,76,"Occitanie","65","Hautes-Pyrénées","02E","Déblais et gravats","02F","Stockage pour inertes",15101.08595
2009,76,"Occitanie","65","Hautes-Pyrénées","02E","Déblais et gravats","02Z","Non précisé",446.1
2009,76,"Occitanie","65","Hautes-Pyrénées","02F","DEEE","02A","Valorisation matière",646.65824
2009,76,"Occitanie","65","Hautes-Pyrénées","02F","DEEE","02Z","Non précisé",13.37
2009,76,"Occitanie","65","Hautes-Pyrénées","02Z","Autres déchets","02A","Valorisation matière",12.85943
2009,76,"Occitanie","65","Hautes-Pyrénées","02Z","Autres déchets","02D","Stockage",208.25
2009,76,"Occitanie","65","Hautes-Pyrénées","02Z","Autres déchets","02Z","Non précisé",1.27023
2009,76,"Occitanie","66","Pyrénées-Orientales","02A","Déchets dangereux","02A","Valorisation matière",62.84
2009,76,"Occitanie","66","Pyrénées-Orientales","02A","Déchets dangereux","02B","Incinération avec récupération d'énergie",2.714
2009,76,"Occitanie","66","Pyrénées-Orientales","02A","Déchets dangereux","02C","Incinération sans récupération d'énergie",11.087
2009,76,"Occitanie","66","Pyrénées-Orientales","02A","Déchets dangereux","02D","Stockage",2.46
2009,76,"Occitanie","66","Pyrénées-Orientales","02A","Déchets dangereux","02Z","Non précisé",97.15899
2009,76,"Occitanie","66","Pyrénées-Orientales","02B","Matériaux recyclables","02A","Valorisation matière",8564.50001
2009,76,"Occitanie","66","Pyrénées-Orientales","02B","Matériaux recyclables","02E","Valorisation organique",573.14
2009,76,"Occitanie","66","Pyrénées-Orientales","02B","Matériaux recyclables","02Z","Non précisé",1045.76001
2009,76,"Occitanie","66","Pyrénées-Orientales","02C","Déchets verts","02E","Valorisation organique",14661.99999
2009,76,"Occitanie","66","Pyrénées-Orientales","02C","Déchets verts","02Z","Non précisé",1421.91
2009,76,"Occitanie","66","Pyrénées-Orientales","02D","Encombrants","02A","Valorisation matière",20.83
2009,76,"Occitanie","66","Pyrénées-Orientales","02D","Encombrants","02B","Incinération avec récupération d'énergie",5123.12
2009,76,"Occitanie","66","Pyrénées-Orientales","02D","Encombrants","02D","Stockage",26802.28
2009,76,"Occitanie","66","Pyrénées-Orientales","02D","Encombrants","02Z","Non précisé",2769.263
2009,76,"Occitanie","66","Pyrénées-Orientales","02E","Déblais et gravats","02A","Valorisation matière",1573.7
2009,76,"Occitanie","66","Pyrénées-Orientales","02E","Déblais et gravats","02D","Stockage",7448.90001
2009,76,"Occitanie","66","Pyrénées-Orientales","02E","Déblais et gravats","02F","Stockage pour inertes",33014.08
2009,76,"Occitanie","66","Pyrénées-Orientales","02E","Déblais et gravats","02Z","Non précisé",2034.45999
2009,76,"Occitanie","66","Pyrénées-Orientales","02F","DEEE","02A","Valorisation matière",153.7
2009,76,"Occitanie","66","Pyrénées-Orientales","02F","DEEE","02Z","Non précisé",176.27
2009,76,"Occitanie","66","Pyrénées-Orientales","02Z","Autres déchets","02A","Valorisation matière",42.819
2009,76,"Occitanie","66","Pyrénées-Orientales","02Z","Autres déchets","02B","Incinération avec récupération d'énergie",0.865
2009,76,"Occitanie","66","Pyrénées-Orientales","02Z","Autres déchets","02C","Incinération sans récupération d'énergie",1.528
2009,76,"Occitanie","66","Pyrénées-Orientales","02Z","Autres déchets","02Z","Non précisé",4
2009,76,"Occitanie","81","Tarn","02A","Déchets dangereux","02A","Valorisation matière",526.60883
2009,76,"Occitanie","81","Tarn","02A","Déchets dangereux","02B","Incinération avec récupération d'énergie",134.45536
2009,76,"Occitanie","81","Tarn","02A","Déchets dangereux","02Z","Non précisé",59.69339
2009,76,"Occitanie","81","Tarn","02B","Matériaux recyclables","02A","Valorisation matière",7329.44693
2009,76,"Occitanie","81","Tarn","02B","Matériaux recyclables","02B","Incinération avec récupération d'énergie",694.94568
2009,76,"Occitanie","81","Tarn","02B","Matériaux recyclables","02D","Stockage",5079.89974
2009,76,"Occitanie","81","Tarn","02B","Matériaux recyclables","02Z","Non précisé",18.27772
2009,76,"Occitanie","81","Tarn","02C","Déchets verts","02A","Valorisation matière",9.9663
2009,76,"Occitanie","81","Tarn","02C","Déchets verts","02E","Valorisation organique",17277.68142
2009,76,"Occitanie","81","Tarn","02D","Encombrants","02B","Incinération avec récupération d'énergie",69.60152
2009,76,"Occitanie","81","Tarn","02D","Encombrants","02D","Stockage",14859.00257
2009,76,"Occitanie","81","Tarn","02E","Déblais et gravats","02D","Stockage",4474.18969
2009,76,"Occitanie","81","Tarn","02E","Déblais et gravats","02F","Stockage pour inertes",12972.07701
2009,76,"Occitanie","81","Tarn","02F","DEEE","02A","Valorisation matière",2408.40816
2009,76,"Occitanie","81","Tarn","02Z","Autres déchets","02A","Valorisation matière",17.91213
2009,76,"Occitanie","81","Tarn","02Z","Autres déchets","02C","Incinération sans récupération d'énergie",2.29197
2009,76,"Occitanie","81","Tarn","02Z","Autres déchets","02Z","Non précisé",1.45479
2009,76,"Occitanie","82","Tarn-et-Garonne","02A","Déchets dangereux","02A","Valorisation matière",144.60399
2009,76,"Occitanie","82","Tarn-et-Garonne","02A","Déchets dangereux","02B","Incinération avec récupération d'énergie",99.161
2009,76,"Occitanie","82","Tarn-et-Garonne","02A","Déchets dangereux","02D","Stockage",11
2009,76,"Occitanie","82","Tarn-et-Garonne","02A","Déchets dangereux","02Z","Non précisé",134.6554
2009,76,"Occitanie","82","Tarn-et-Garonne","02B","Matériaux recyclables","02A","Valorisation matière",4337.94597
2009,76,"Occitanie","82","Tarn-et-Garonne","02B","Matériaux recyclables","02B","Incinération avec récupération d'énergie",143
2009,76,"Occitanie","82","Tarn-et-Garonne","02B","Matériaux recyclables","02D","Stockage",295
2009,76,"Occitanie","82","Tarn-et-Garonne","02B","Matériaux recyclables","02E","Valorisation organique",451.43414
2009,76,"Occitanie","82","Tarn-et-Garonne","02B","Matériaux recyclables","02Z","Non précisé",83.91414
2009,76,"Occitanie","82","Tarn-et-Garonne","02C","Déchets verts","02A","Valorisation matière",600
2009,76,"Occitanie","82","Tarn-et-Garonne","02C","Déchets verts","02D","Stockage",1403
2009,76,"Occitanie","82","Tarn-et-Garonne","02C","Déchets verts","02E","Valorisation organique",8118.88027
2009,76,"Occitanie","82","Tarn-et-Garonne","02D","Encombrants","02A","Valorisation matière",57.34
2009,76,"Occitanie","82","Tarn-et-Garonne","02D","Encombrants","02D","Stockage",7543.4
2009,76,"Occitanie","82","Tarn-et-Garonne","02D","Encombrants","02Z","Non précisé",110.35
2009,76,"Occitanie","82","Tarn-et-Garonne","02E","Déblais et gravats","02A","Valorisation matière",882
2009,76,"Occitanie","82","Tarn-et-Garonne","02E","Déblais et gravats","02D","Stockage",162
2009,76,"Occitanie","82","Tarn-et-Garonne","02E","Déblais et gravats","02F","Stockage pour inertes",10030.15527
2009,76,"Occitanie","82","Tarn-et-Garonne","02F","DEEE","02A","Valorisation matière",721.28985
2009,76,"Occitanie","82","Tarn-et-Garonne","02F","DEEE","02Z","Non précisé",226
2009,76,"Occitanie","82","Tarn-et-Garonne","02Z","Autres déchets","02A","Valorisation matière",3.405
2009,76,"Occitanie","82","Tarn-et-Garonne","02Z","Autres déchets","02D","Stockage",250.92171
2009,76,"Occitanie","82","Tarn-et-Garonne","02Z","Autres déchets","02Z","Non précisé",2.19
2009,93,"PACA","04","Alpes-de-Haute-Provence","02A","Déchets dangereux","02A","Valorisation matière",35.8702
2009,93,"PACA","04","Alpes-de-Haute-Provence","02A","Déchets dangereux","02B","Incinération avec récupération d'énergie",0.92361
2009,93,"PACA","04","Alpes-de-Haute-Provence","02A","Déchets dangereux","02C","Incinération sans récupération d'énergie",122.59926
2009,93,"PACA","04","Alpes-de-Haute-Provence","02A","Déchets dangereux","02D","Stockage",0.38
2009,93,"PACA","04","Alpes-de-Haute-Provence","02A","Déchets dangereux","02Z","Non précisé",26.29612
2009,93,"PACA","04","Alpes-de-Haute-Provence","02B","Matériaux recyclables","02A","Valorisation matière",7235.09096
2009,93,"PACA","04","Alpes-de-Haute-Provence","02B","Matériaux recyclables","02E","Valorisation organique",84.66
2009,93,"PACA","04","Alpes-de-Haute-Provence","02B","Matériaux recyclables","02Z","Non précisé",7
2009,93,"PACA","04","Alpes-de-Haute-Provence","02C","Déchets verts","02A","Valorisation matière",1287.43902
2009,93,"PACA","04","Alpes-de-Haute-Provence","02C","Déchets verts","02E","Valorisation organique",6792.07672
2009,93,"PACA","04","Alpes-de-Haute-Provence","02C","Déchets verts","02Z","Non précisé",200
2009,93,"PACA","04","Alpes-de-Haute-Provence","02D","Encombrants","02A","Valorisation matière",1011.19634
2009,93,"PACA","04","Alpes-de-Haute-Provence","02D","Encombrants","02B","Incinération avec récupération d'énergie",15.817
2009,93,"PACA","04","Alpes-de-Haute-Provence","02D","Encombrants","02D","Stockage",7974.79084
2009,93,"PACA","04","Alpes-de-Haute-Provence","02D","Encombrants","02Z","Non précisé",4.19282
2009,93,"PACA","04","Alpes-de-Haute-Provence","02E","Déblais et gravats","02A","Valorisation matière",1359.99
2009,93,"PACA","04","Alpes-de-Haute-Provence","02E","Déblais et gravats","02D","Stockage",1010.7
2009,93,"PACA","04","Alpes-de-Haute-Provence","02E","Déblais et gravats","02F","Stockage pour inertes",8449.07674
2009,93,"PACA","04","Alpes-de-Haute-Provence","02E","Déblais et gravats","02Z","Non précisé",408
2009,93,"PACA","04","Alpes-de-Haute-Provence","02F","DEEE","02A","Valorisation matière",576.6888
2009,93,"PACA","04","Alpes-de-Haute-Provence","02F","DEEE","02Z","Non précisé",39
2009,93,"PACA","04","Alpes-de-Haute-Provence","02Z","Autres déchets","02A","Valorisation matière",0.928
2009,93,"PACA","05","Hautes-Alpes","02A","Déchets dangereux","02A","Valorisation matière",178.59209
2009,93,"PACA","05","Hautes-Alpes","02A","Déchets dangereux","02B","Incinération avec récupération d'énergie",60.79639
2009,93,"PACA","05","Hautes-Alpes","02A","Déchets dangereux","02C","Incinération sans récupération d'énergie",54.77628
2009,93,"PACA","05","Hautes-Alpes","02A","Déchets dangereux","02Z","Non précisé",2.11
2009,93,"PACA","05","Hautes-Alpes","02B","Matériaux recyclables","02A","Valorisation matière",10298.49155
2009,93,"PACA","05","Hautes-Alpes","02B","Matériaux recyclables","02C","Incinération sans récupération d'énergie",46
2009,93,"PACA","05","Hautes-Alpes","02C","Déchets verts","02A","Valorisation matière",1622.21098
2009,93,"PACA","05","Hautes-Alpes","02C","Déchets verts","02D","Stockage",878.66
2009,93,"PACA","05","Hautes-Alpes","02C","Déchets verts","02E","Valorisation organique",3619.87097
2009,93,"PACA","05","Hautes-Alpes","02D","Encombrants","02A","Valorisation matière",240.1269
2009,93,"PACA","05","Hautes-Alpes","02D","Encombrants","02B","Incinération avec récupération d'énergie",2.63717
2009,93,"PACA","05","Hautes-Alpes","02D","Encombrants","02D","Stockage",7695.17806
2009,93,"PACA","05","Hautes-Alpes","02E","Déblais et gravats","02A","Valorisation matière",1792.38
2009,93,"PACA","05","Hautes-Alpes","02E","Déblais et gravats","02F","Stockage pour inertes",6716.44347
2009,93,"PACA","05","Hautes-Alpes","02F","DEEE","02A","Valorisation matière",725.51251
2009,93,"PACA","05","Hautes-Alpes","02Z","Autres déchets","02A","Valorisation matière",23.97
2009,93,"PACA","05","Hautes-Alpes","02Z","Autres déchets","02Z","Non précisé",2
2009,93,"PACA","06","Alpes-Maritimes","02A","Déchets dangereux","02A","Valorisation matière",74.30499
2009,93,"PACA","06","Alpes-Maritimes","02A","Déchets dangereux","02B","Incinération avec récupération d'énergie",74.80001
2009,93,"PACA","06","Alpes-Maritimes","02A","Déchets dangereux","02C","Incinération sans récupération d'énergie",528.13402
2009,93,"PACA","06","Alpes-Maritimes","02A","Déchets dangereux","02Z","Non précisé",339.375
2009,93,"PACA","06","Alpes-Maritimes","02B","Matériaux recyclables","02A","Valorisation matière",28091.62003
2009,93,"PACA","06","Alpes-Maritimes","02B","Matériaux recyclables","02C","Incinération sans récupération d'énergie",1.84001
2009,93,"PACA","06","Alpes-Maritimes","02B","Matériaux recyclables","02Z","Non précisé",449.81
2009,93,"PACA","06","Alpes-Maritimes","02C","Déchets verts","02A","Valorisation matière",604.24
2009,93,"PACA","06","Alpes-Maritimes","02C","Déchets verts","02E","Valorisation organique",49805.18001
2009,93,"PACA","06","Alpes-Maritimes","02D","Encombrants","02A","Valorisation matière",322.74
2009,93,"PACA","06","Alpes-Maritimes","02D","Encombrants","02B","Incinération avec récupération d'énergie",18313
2009,93,"PACA","06","Alpes-Maritimes","02D","Encombrants","02D","Stockage",27094.94
2009,93,"PACA","06","Alpes-Maritimes","02E","Déblais et gravats","02A","Valorisation matière",85
2009,93,"PACA","06","Alpes-Maritimes","02E","Déblais et gravats","02D","Stockage",340.89
2009,93,"PACA","06","Alpes-Maritimes","02E","Déblais et gravats","02F","Stockage pour inertes",63261.55999
2009,93,"PACA","06","Alpes-Maritimes","02F","DEEE","02A","Valorisation matière",2817.74102
2009,93,"PACA","06","Alpes-Maritimes","02F","DEEE","02Z","Non précisé",210
2009,93,"PACA","06","Alpes-Maritimes","02Z","Autres déchets","02A","Valorisation matière",157.96
2009,93,"PACA","06","Alpes-Maritimes","02Z","Autres déchets","02D","Stockage",3492.18
2009,93,"PACA","06","Alpes-Maritimes","02Z","Autres déchets","02Z","Non précisé",1.1
2009,93,"PACA","13","Bouches-du-Rhône","02A","Déchets dangereux","02A","Valorisation matière",173.97498
2009,93,"PACA","13","Bouches-du-Rhône","02A","Déchets dangereux","02B","Incinération avec récupération d'énergie",229.6069
2009,93,"PACA","13","Bouches-du-Rhône","02A","Déchets dangereux","02C","Incinération sans récupération d'énergie",685.73581
2009,93,"PACA","13","Bouches-du-Rhône","02A","Déchets dangereux","02Z","Non précisé",53.27005
2009,93,"PACA","13","Bouches-du-Rhône","02B","Matériaux recyclables","02A","Valorisation matière",46799.2412
2009,93,"PACA","13","Bouches-du-Rhône","02B","Matériaux recyclables","02C","Incinération sans récupération d'énergie",0.209
2009,93,"PACA","13","Bouches-du-Rhône","02B","Matériaux recyclables","02E","Valorisation organique",1152.66
2009,93,"PACA","13","Bouches-du-Rhône","02B","Matériaux recyclables","02Z","Non précisé",232.78
2009,93,"PACA","13","Bouches-du-Rhône","02C","Déchets verts","02A","Valorisation matière",3042
2009,93,"PACA","13","Bouches-du-Rhône","02C","Déchets verts","02E","Valorisation organique",103312.0774
2009,93,"PACA","13","Bouches-du-Rhône","02D","Encombrants","02A","Valorisation matière",33841.91
2009,93,"PACA","13","Bouches-du-Rhône","02D","Encombrants","02D","Stockage",73719.02814
2009,93,"PACA","13","Bouches-du-Rhône","02D","Encombrants","02Z","Non précisé",22.2
2009,93,"PACA","13","Bouches-du-Rhône","02E","Déblais et gravats","02A","Valorisation matière",145981.2726
2009,93,"PACA","13","Bouches-du-Rhône","02E","Déblais et gravats","02D","Stockage",21397.01896
2009,93,"PACA","13","Bouches-du-Rhône","02E","Déblais et gravats","02F","Stockage pour inertes",18964.07
2009,93,"PACA","13","Bouches-du-Rhône","02F","DEEE","02A","Valorisation matière",2230.6995
2009,93,"PACA","13","Bouches-du-Rhône","02Z","Autres déchets","02A","Valorisation matière",10.947
2009,93,"PACA","83","Var","02A","Déchets dangereux","02A","Valorisation matière",71.957
2009,93,"PACA","83","Var","02A","Déchets dangereux","02B","Incinération avec récupération d'énergie",22.373
2009,93,"PACA","83","Var","02A","Déchets dangereux","02C","Incinération sans récupération d'énergie",191.93782
2009,93,"PACA","83","Var","02A","Déchets dangereux","02D","Stockage",12
2009,93,"PACA","83","Var","02A","Déchets dangereux","02Z","Non précisé",194.15895
2009,93,"PACA","83","Var","02B","Matériaux recyclables","02A","Valorisation matière",15126.95587
2009,93,"PACA","83","Var","02B","Matériaux recyclables","02D","Stockage",79.1
2009,93,"PACA","83","Var","02B","Matériaux recyclables","02E","Valorisation organique",124
2009,93,"PACA","83","Var","02B","Matériaux recyclables","02Z","Non précisé",622.06
2009,93,"PACA","83","Var","02C","Déchets verts","02A","Valorisation matière",1459
2009,93,"PACA","83","Var","02C","Déchets verts","02B","Incinération avec récupération d'énergie",4565.18
2009,93,"PACA","83","Var","02C","Déchets verts","02D","Stockage",7208
2009,93,"PACA","83","Var","02C","Déchets verts","02E","Valorisation organique",58281.17313
2009,93,"PACA","83","Var","02C","Déchets verts","02Z","Non précisé",1721.63
2009,93,"PACA","83","Var","02D","Encombrants","02A","Valorisation matière",2380.44051
2009,93,"PACA","83","Var","02D","Encombrants","02B","Incinération avec récupération d'énergie",5213.33
2009,93,"PACA","83","Var","02D","Encombrants","02D","Stockage",44942.69119
2009,93,"PACA","83","Var","02D","Encombrants","02Z","Non précisé",2008.21
2009,93,"PACA","83","Var","02E","Déblais et gravats","02A","Valorisation matière",9361.87
2009,93,"PACA","83","Var","02E","Déblais et gravats","02D","Stockage",6481.49104
2009,93,"PACA","83","Var","02E","Déblais et gravats","02F","Stockage pour inertes",94298.88406
2009,93,"PACA","83","Var","02E","Déblais et gravats","02Z","Non précisé",4076.86
2009,93,"PACA","83","Var","02F","DEEE","02A","Valorisation matière",7044.84234
2009,93,"PACA","83","Var","02F","DEEE","02C","Incinération sans récupération d'énergie",494
2009,93,"PACA","83","Var","02F","DEEE","02D","Stockage",17.83
2009,93,"PACA","83","Var","02F","DEEE","02Z","Non précisé",110.3
2009,93,"PACA","83","Var","02Z","Autres déchets","02A","Valorisation matière",416.217
2009,93,"PACA","83","Var","02Z","Autres déchets","02D","Stockage",1935.27
2009,93,"PACA","83","Var","02Z","Autres déchets","02Z","Non précisé",0.276
2009,93,"PACA","84","Vaucluse","02A","Déchets dangereux","02A","Valorisation matière",56.8274
2009,93,"PACA","84","Vaucluse","02A","Déchets dangereux","02B","Incinération avec récupération d'énergie",57.72796
2009,93,"PACA","84","Vaucluse","02A","Déchets dangereux","02C","Incinération sans récupération d'énergie",170.89158
2009,93,"PACA","84","Vaucluse","02A","Déchets dangereux","02Z","Non précisé",15.93287
2009,93,"PACA","84","Vaucluse","02B","Matériaux recyclables","02A","Valorisation matière",19324.24922
2009,93,"PACA","84","Vaucluse","02B","Matériaux recyclables","02E","Valorisation organique",852.16826
2009,93,"PACA","84","Vaucluse","02B","Matériaux recyclables","02Z","Non précisé",27.2
2009,93,"PACA","84","Vaucluse","02C","Déchets verts","02A","Valorisation matière",2399
2009,93,"PACA","84","Vaucluse","02C","Déchets verts","02E","Valorisation organique",25738.79587
2009,93,"PACA","84","Vaucluse","02D","Encombrants","02A","Valorisation matière",37.08386
2009,93,"PACA","84","Vaucluse","02D","Encombrants","02B","Incinération avec récupération d'énergie",567.74
2009,93,"PACA","84","Vaucluse","02D","Encombrants","02D","Stockage",31414.81803
2009,93,"PACA","84","Vaucluse","02D","Encombrants","02Z","Non précisé",60.1304
2009,93,"PACA","84","Vaucluse","02E","Déblais et gravats","02A","Valorisation matière",13987.38742
2009,93,"PACA","84","Vaucluse","02E","Déblais et gravats","02D","Stockage",1278.64
2009,93,"PACA","84","Vaucluse","02E","Déblais et gravats","02F","Stockage pour inertes",25023.43606
2009,93,"PACA","84","Vaucluse","02E","Déblais et gravats","02Z","Non précisé",53.64161
2009,93,"PACA","84","Vaucluse","02F","DEEE","02A","Valorisation matière",1549.80005
2009,93,"PACA","84","Vaucluse","02F","DEEE","02Z","Non précisé",51.29
2009,93,"PACA","84","Vaucluse","02Z","Autres déchets","02A","Valorisation matière",716.09737
2009,93,"PACA","84","Vaucluse","02Z","Autres déchets","02D","Stockage",1537.88
2009,52,"Pays de la Loire","44","Loire-Atlantique","02A","Déchets dangereux","02A","Valorisation matière",418.18747
2009,52,"Pays de la Loire","44","Loire-Atlantique","02A","Déchets dangereux","02B","Incinération avec récupération d'énergie",0.11655
2009,52,"Pays de la Loire","44","Loire-Atlantique","02A","Déchets dangereux","02C","Incinération sans récupération d'énergie",114.9708
2009,52,"Pays de la Loire","44","Loire-Atlantique","02A","Déchets dangereux","02D","Stockage",432.6
2009,52,"Pays de la Loire","44","Loire-Atlantique","02A","Déchets dangereux","02F","Stockage pour inertes",458.77
2009,52,"Pays de la Loire","44","Loire-Atlantique","02A","Déchets dangereux","02Z","Non précisé",853.69981
2009,52,"Pays de la Loire","44","Loire-Atlantique","02B","Matériaux recyclables","02A","Valorisation matière",34163.10264
2009,52,"Pays de la Loire","44","Loire-Atlantique","02B","Matériaux recyclables","02C","Incinération sans récupération d'énergie",0.00849
2009,52,"Pays de la Loire","44","Loire-Atlantique","02B","Matériaux recyclables","02E","Valorisation organique",3572.19675
2009,52,"Pays de la Loire","44","Loire-Atlantique","02B","Matériaux recyclables","02Z","Non précisé",1629.19336
2009,52,"Pays de la Loire","44","Loire-Atlantique","02C","Déchets verts","02A","Valorisation matière",1526.88233
2009,52,"Pays de la Loire","44","Loire-Atlantique","02C","Déchets verts","02E","Valorisation organique",117252.7258
2009,52,"Pays de la Loire","44","Loire-Atlantique","02C","Déchets verts","02Z","Non précisé",895.92237
2009,52,"Pays de la Loire","44","Loire-Atlantique","02D","Encombrants","02A","Valorisation matière",387
2009,52,"Pays de la Loire","44","Loire-Atlantique","02D","Encombrants","02B","Incinération avec récupération d'énergie",963.84
2009,52,"Pays de la Loire","44","Loire-Atlantique","02D","Encombrants","02D","Stockage",63202.86153
2009,52,"Pays de la Loire","44","Loire-Atlantique","02D","Encombrants","02Z","Non précisé",3805.58282
2009,52,"Pays de la Loire","44","Loire-Atlantique","02E","Déblais et gravats","02A","Valorisation matière",9668.56097
2009,52,"Pays de la Loire","44","Loire-Atlantique","02E","Déblais et gravats","02D","Stockage",28439.59717
2009,52,"Pays de la Loire","44","Loire-Atlantique","02E","Déblais et gravats","02F","Stockage pour inertes",49305.70992
2009,52,"Pays de la Loire","44","Loire-Atlantique","02E","Déblais et gravats","02Z","Non précisé",8899.19
2009,52,"Pays de la Loire","44","Loire-Atlantique","02F","DEEE","02A","Valorisation matière",2735.82808
2009,52,"Pays de la Loire","44","Loire-Atlantique","02F","DEEE","02Z","Non précisé",1044.9426
2009,52,"Pays de la Loire","44","Loire-Atlantique","02Z","Autres déchets","02Z","Non précisé",0.02784
2009,52,"Pays de la Loire","49","Maine-et-Loire","02A","Déchets dangereux","02A","Valorisation matière",336.01014
2009,52,"Pays de la Loire","49","Maine-et-Loire","02A","Déchets dangereux","02B","Incinération avec récupération d'énergie",396.96193
2009,52,"Pays de la Loire","49","Maine-et-Loire","02A","Déchets dangereux","02C","Incinération sans récupération d'énergie",396.26265
2009,52,"Pays de la Loire","49","Maine-et-Loire","02A","Déchets dangereux","02D","Stockage",92.3
2009,52,"Pays de la Loire","49","Maine-et-Loire","02A","Déchets dangereux","02F","Stockage pour inertes",22.3
2009,52,"Pays de la Loire","49","Maine-et-Loire","02A","Déchets dangereux","02Z","Non précisé",101.83328
2009,52,"Pays de la Loire","49","Maine-et-Loire","02B","Matériaux recyclables","02A","Valorisation matière",16639.05006
2009,52,"Pays de la Loire","49","Maine-et-Loire","02B","Matériaux recyclables","02B","Incinération avec récupération d'énergie",60.47
2009,52,"Pays de la Loire","49","Maine-et-Loire","02B","Matériaux recyclables","02C","Incinération sans récupération d'énergie",0.83651
2009,52,"Pays de la Loire","49","Maine-et-Loire","02B","Matériaux recyclables","02E","Valorisation organique",6023.29
2009,52,"Pays de la Loire","49","Maine-et-Loire","02B","Matériaux recyclables","02Z","Non précisé",163.95
2009,52,"Pays de la Loire","49","Maine-et-Loire","02C","Déchets verts","02D","Stockage",193
2009,52,"Pays de la Loire","49","Maine-et-Loire","02C","Déchets verts","02E","Valorisation organique",61802.90835
2009,52,"Pays de la Loire","49","Maine-et-Loire","02D","Encombrants","02A","Valorisation matière",192.87
2009,52,"Pays de la Loire","49","Maine-et-Loire","02D","Encombrants","02B","Incinération avec récupération d'énergie",8971.41
2009,52,"Pays de la Loire","49","Maine-et-Loire","02D","Encombrants","02D","Stockage",26909.14211
2009,52,"Pays de la Loire","49","Maine-et-Loire","02D","Encombrants","02Z","Non précisé",420.67832
2009,52,"Pays de la Loire","49","Maine-et-Loire","02E","Déblais et gravats","02A","Valorisation matière",3766.81006
2009,52,"Pays de la Loire","49","Maine-et-Loire","02E","Déblais et gravats","02D","Stockage",10879.74
2009,52,"Pays de la Loire","49","Maine-et-Loire","02E","Déblais et gravats","02F","Stockage pour inertes",37107.70001
2009,52,"Pays de la Loire","49","Maine-et-Loire","02E","Déblais et gravats","02Z","Non précisé",1838
2009,52,"Pays de la Loire","49","Maine-et-Loire","02F","DEEE","02A","Valorisation matière",3154.98899
2009,52,"Pays de la Loire","49","Maine-et-Loire","02Z","Autres déchets","02A","Valorisation matière",23.75768
2009,52,"Pays de la Loire","49","Maine-et-Loire","02Z","Autres déchets","02B","Incinération avec récupération d'énergie",0.71
2009,52,"Pays de la Loire","49","Maine-et-Loire","02Z","Autres déchets","02C","Incinération sans récupération d'énergie",2.66
2009,52,"Pays de la Loire","49","Maine-et-Loire","02Z","Autres déchets","02D","Stockage",16.36
2009,52,"Pays de la Loire","49","Maine-et-Loire","02Z","Autres déchets","02Z","Non précisé",2.96817
2009,52,"Pays de la Loire","53","Mayenne","02A","Déchets dangereux","02A","Valorisation matière",129.614
2009,52,"Pays de la Loire","53","Mayenne","02A","Déchets dangereux","02B","Incinération avec récupération d'énergie",17.45
2009,52,"Pays de la Loire","53","Mayenne","02A","Déchets dangereux","02C","Incinération sans récupération d'énergie",72.5625
2009,52,"Pays de la Loire","53","Mayenne","02A","Déchets dangereux","02D","Stockage",18.08
2009,52,"Pays de la Loire","53","Mayenne","02A","Déchets dangereux","02Z","Non précisé",260.46705
2009,52,"Pays de la Loire","53","Mayenne","02B","Matériaux recyclables","02A","Valorisation matière",7427.49681
2009,52,"Pays de la Loire","53","Mayenne","02B","Matériaux recyclables","02B","Incinération avec récupération d'énergie",784
2009,52,"Pays de la Loire","53","Mayenne","02B","Matériaux recyclables","02C","Incinération sans récupération d'énergie",1.85
2009,52,"Pays de la Loire","53","Mayenne","02B","Matériaux recyclables","02D","Stockage",190.64
2009,52,"Pays de la Loire","53","Mayenne","02B","Matériaux recyclables","02E","Valorisation organique",10.67149
2009,52,"Pays de la Loire","53","Mayenne","02B","Matériaux recyclables","02Z","Non précisé",6.70996
2009,52,"Pays de la Loire","53","Mayenne","02C","Déchets verts","02D","Stockage",1008
2009,52,"Pays de la Loire","53","Mayenne","02C","Déchets verts","02E","Valorisation organique",27765.32161
2009,52,"Pays de la Loire","53","Mayenne","02C","Déchets verts","02Z","Non précisé",48.94621
2009,52,"Pays de la Loire","53","Mayenne","02D","Encombrants","02A","Valorisation matière",22.95
2009,52,"Pays de la Loire","53","Mayenne","02D","Encombrants","02B","Incinération avec récupération d'énergie",454.65586
2009,52,"Pays de la Loire","53","Mayenne","02D","Encombrants","02D","Stockage",12966.90685
2009,52,"Pays de la Loire","53","Mayenne","02D","Encombrants","02Z","Non précisé",33.86348
2009,52,"Pays de la Loire","53","Mayenne","02E","Déblais et gravats","02A","Valorisation matière",720.52711
2009,52,"Pays de la Loire","53","Mayenne","02E","Déblais et gravats","02D","Stockage",1921.88
2009,52,"Pays de la Loire","53","Mayenne","02E","Déblais et gravats","02F","Stockage pour inertes",16288.58
2009,52,"Pays de la Loire","53","Mayenne","02E","Déblais et gravats","02Z","Non précisé",466.63701
2009,52,"Pays de la Loire","53","Mayenne","02F","DEEE","02A","Valorisation matière",1316.366
2009,52,"Pays de la Loire","53","Mayenne","02F","DEEE","02Z","Non précisé",6.61171
2009,52,"Pays de la Loire","53","Mayenne","02Z","Autres déchets","02A","Valorisation matière",16.237
2009,52,"Pays de la Loire","53","Mayenne","02Z","Autres déchets","02D","Stockage",442.26
2009,52,"Pays de la Loire","53","Mayenne","02Z","Autres déchets","02Z","Non précisé",0.00969
2009,52,"Pays de la Loire","72","Sarthe","02A","Déchets dangereux","02A","Valorisation matière",49.47665
2009,52,"Pays de la Loire","72","Sarthe","02A","Déchets dangereux","02B","Incinération avec récupération d'énergie",130.166
2009,52,"Pays de la Loire","72","Sarthe","02A","Déchets dangereux","02C","Incinération sans récupération d'énergie",48.38568
2009,52,"Pays de la Loire","72","Sarthe","02A","Déchets dangereux","02Z","Non précisé",678.95447
2009,52,"Pays de la Loire","72","Sarthe","02B","Matériaux recyclables","02A","Valorisation matière",6786.18382
2009,52,"Pays de la Loire","72","Sarthe","02B","Matériaux recyclables","02B","Incinération avec récupération d'énergie",108.03068
2009,52,"Pays de la Loire","72","Sarthe","02B","Matériaux recyclables","02E","Valorisation organique",4076.18797
2009,52,"Pays de la Loire","72","Sarthe","02B","Matériaux recyclables","02Z","Non précisé",3680.93784
2009,52,"Pays de la Loire","72","Sarthe","02C","Déchets verts","02A","Valorisation matière",4212.41312
2009,52,"Pays de la Loire","72","Sarthe","02C","Déchets verts","02E","Valorisation organique",26180.49421
2009,52,"Pays de la Loire","72","Sarthe","02C","Déchets verts","02Z","Non précisé",2833.99879
2009,52,"Pays de la Loire","72","Sarthe","02D","Encombrants","02A","Valorisation matière",1221.232
2009,52,"Pays de la Loire","72","Sarthe","02D","Encombrants","02B","Incinération avec récupération d'énergie",5127
2009,52,"Pays de la Loire","72","Sarthe","02D","Encombrants","02D","Stockage",15748.45327
2009,52,"Pays de la Loire","72","Sarthe","02D","Encombrants","02Z","Non précisé",3767.97579
2009,52,"Pays de la Loire","72","Sarthe","02E","Déblais et gravats","02A","Valorisation matière",1177.46353
2009,52,"Pays de la Loire","72","Sarthe","02E","Déblais et gravats","02F","Stockage pour inertes",5022.06956
2009,52,"Pays de la Loire","72","Sarthe","02E","Déblais et gravats","02Z","Non précisé",21303.46618
2009,52,"Pays de la Loire","72","Sarthe","02F","DEEE","02A","Valorisation matière",153.18543
2009,52,"Pays de la Loire","72","Sarthe","02F","DEEE","02Z","Non précisé",2294.89229
2009,52,"Pays de la Loire","72","Sarthe","02Z","Autres déchets","02A","Valorisation matière",0.53755
2009,52,"Pays de la Loire","85","Vendée","02A","Déchets dangereux","02A","Valorisation matière",117.12194
2009,52,"Pays de la Loire","85","Vendée","02A","Déchets dangereux","02B","Incinération avec récupération d'énergie",284.43503
2009,52,"Pays de la Loire","85","Vendée","02A","Déchets dangereux","02C","Incinération sans récupération d'énergie",37.2
2009,52,"Pays de la Loire","85","Vendée","02A","Déchets dangereux","02D","Stockage",157.6
2009,52,"Pays de la Loire","85","Vendée","02A","Déchets dangereux","02F","Stockage pour inertes",1.7
2009,52,"Pays de la Loire","85","Vendée","02A","Déchets dangereux","02Z","Non précisé",788.9
2009,52,"Pays de la Loire","85","Vendée","02B","Matériaux recyclables","02A","Valorisation matière",23178.46285
2009,52,"Pays de la Loire","85","Vendée","02B","Matériaux recyclables","02E","Valorisation organique",3965.7
2009,52,"Pays de la Loire","85","Vendée","02B","Matériaux recyclables","02Z","Non précisé",1301.7
2009,52,"Pays de la Loire","85","Vendée","02C","Déchets verts","02A","Valorisation matière",1803.3
2009,52,"Pays de la Loire","85","Vendée","02C","Déchets verts","02E","Valorisation organique",64794.43289
2009,52,"Pays de la Loire","85","Vendée","02C","Déchets verts","02Z","Non précisé",7988.3
2009,52,"Pays de la Loire","85","Vendée","02D","Encombrants","02A","Valorisation matière",556.9
2009,52,"Pays de la Loire","85","Vendée","02D","Encombrants","02D","Stockage",29404.6508
2009,52,"Pays de la Loire","85","Vendée","02D","Encombrants","02Z","Non précisé",12914.657
2009,52,"Pays de la Loire","85","Vendée","02E","Déblais et gravats","02A","Valorisation matière",10075.3
2009,52,"Pays de la Loire","85","Vendée","02E","Déblais et gravats","02D","Stockage",3570.8
2009,52,"Pays de la Loire","85","Vendée","02E","Déblais et gravats","02F","Stockage pour inertes",7355.06109
2009,52,"Pays de la Loire","85","Vendée","02E","Déblais et gravats","02Z","Non précisé",27332.8
2009,52,"Pays de la Loire","85","Vendée","02F","DEEE","02A","Valorisation matière",3610.70492
2009,52,"Pays de la Loire","85","Vendée","02F","DEEE","02Z","Non précisé",199.1
2011,84,"Auvergne-Rhône-Alpes","01","Ain","02A","Déchets dangereux","02A","Valorisation matière",206.40817
2011,84,"Auvergne-Rhône-Alpes","01","Ain","02A","Déchets dangereux","02B","Incinération avec récupération d'énergie",47.72055
2011,84,"Auvergne-Rhône-Alpes","01","Ain","02A","Déchets dangereux","02D","Stockage",195.12002
2011,84,"Auvergne-Rhône-Alpes","01","Ain","02A","Déchets dangereux","02F","Stockage pour inertes",1.25385
2011,84,"Auvergne-Rhône-Alpes","01","Ain","02A","Déchets dangereux","02Z","Non précisé",1055.88652
2011,84,"Auvergne-Rhône-Alpes","01","Ain","02B","Matériaux recyclables","02A","Valorisation matière",25065.38139
2011,84,"Auvergne-Rhône-Alpes","01","Ain","02B","Matériaux recyclables","02B","Incinération avec récupération d'énergie",2351.71
2011,84,"Auvergne-Rhône-Alpes","01","Ain","02B","Matériaux recyclables","02D","Stockage",102.7287
2011,84,"Auvergne-Rhône-Alpes","01","Ain","02B","Matériaux recyclables","02E","Valorisation organique",2903.37
2011,84,"Auvergne-Rhône-Alpes","01","Ain","02B","Matériaux recyclables","02Z","Non précisé",6.9
2011,84,"Auvergne-Rhône-Alpes","01","Ain","02C","Déchets verts","02E","Valorisation organique",45536.70129
2011,84,"Auvergne-Rhône-Alpes","01","Ain","02D","Encombrants","02A","Valorisation matière",372.35303
2011,84,"Auvergne-Rhône-Alpes","01","Ain","02D","Encombrants","02B","Incinération avec récupération d'énergie",15367.42489
2011,84,"Auvergne-Rhône-Alpes","01","Ain","02D","Encombrants","02D","Stockage",20099.84077
2011,84,"Auvergne-Rhône-Alpes","01","Ain","02D","Encombrants","02Z","Non précisé",660.48
2011,84,"Auvergne-Rhône-Alpes","01","Ain","02E","Déblais et gravats","02A","Valorisation matière",19053.25739
2011,84,"Auvergne-Rhône-Alpes","01","Ain","02E","Déblais et gravats","02D","Stockage",11389.32
2011,84,"Auvergne-Rhône-Alpes","01","Ain","02E","Déblais et gravats","02F","Stockage pour inertes",9427.40964
2011,84,"Auvergne-Rhône-Alpes","01","Ain","02F","DEEE","02A","Valorisation matière",4182.62981
2011,84,"Auvergne-Rhône-Alpes","01","Ain","02Z","Autres déchets","02A","Valorisation matière",4.9
2011,84,"Auvergne-Rhône-Alpes","01","Ain","02Z","Autres déchets","02B","Incinération avec récupération d'énergie",21.19324
2011,84,"Auvergne-Rhône-Alpes","01","Ain","02Z","Autres déchets","02D","Stockage",66.8167
2011,84,"Auvergne-Rhône-Alpes","03","Allier","02A","Déchets dangereux","02A","Valorisation matière",74.08972
2011,84,"Auvergne-Rhône-Alpes","03","Allier","02A","Déchets dangereux","02B","Incinération avec récupération d'énergie",2.79534
2011,84,"Auvergne-Rhône-Alpes","03","Allier","02A","Déchets dangereux","02C","Incinération sans récupération d'énergie",108.22945
2011,84,"Auvergne-Rhône-Alpes","03","Allier","02A","Déchets dangereux","02D","Stockage",25.50529
2011,84,"Auvergne-Rhône-Alpes","03","Allier","02A","Déchets dangereux","02Z","Non précisé",230.791
2011,84,"Auvergne-Rhône-Alpes","03","Allier","02B","Matériaux recyclables","02A","Valorisation matière",6776.27983
2011,84,"Auvergne-Rhône-Alpes","03","Allier","02B","Matériaux recyclables","02D","Stockage",75.04898
2011,84,"Auvergne-Rhône-Alpes","03","Allier","02B","Matériaux recyclables","02E","Valorisation organique",3952.44403
2011,84,"Auvergne-Rhône-Alpes","03","Allier","02C","Déchets verts","02A","Valorisation matière",6162.62257
2011,84,"Auvergne-Rhône-Alpes","03","Allier","02C","Déchets verts","02E","Valorisation organique",11233.71604
2011,84,"Auvergne-Rhône-Alpes","03","Allier","02D","Encombrants","02A","Valorisation matière",238.11008
2011,84,"Auvergne-Rhône-Alpes","03","Allier","02D","Encombrants","02B","Incinération avec récupération d'énergie",1503.95293
2011,84,"Auvergne-Rhône-Alpes","03","Allier","02D","Encombrants","02D","Stockage",11295.32377
2011,84,"Auvergne-Rhône-Alpes","03","Allier","02E","Déblais et gravats","02A","Valorisation matière",105
2011,84,"Auvergne-Rhône-Alpes","03","Allier","02E","Déblais et gravats","02D","Stockage",12029.35273
2011,84,"Auvergne-Rhône-Alpes","03","Allier","02E","Déblais et gravats","02F","Stockage pour inertes",5885.63548
2011,84,"Auvergne-Rhône-Alpes","03","Allier","02F","DEEE","02A","Valorisation matière",2524.98581
2011,84,"Auvergne-Rhône-Alpes","03","Allier","02Z","Autres déchets","02A","Valorisation matière",66
2011,84,"Auvergne-Rhône-Alpes","07","Ardèche","02A","Déchets dangereux","02A","Valorisation matière",112.0619
2011,84,"Auvergne-Rhône-Alpes","07","Ardèche","02A","Déchets dangereux","02B","Incinération avec récupération d'énergie",79.24178
2011,84,"Auvergne-Rhône-Alpes","07","Ardèche","02A","Déchets dangereux","02C","Incinération sans récupération d'énergie",4.414
2011,84,"Auvergne-Rhône-Alpes","07","Ardèche","02A","Déchets dangereux","02D","Stockage",22.37856
2011,84,"Auvergne-Rhône-Alpes","07","Ardèche","02A","Déchets dangereux","02Z","Non précisé",195.93488
2011,84,"Auvergne-Rhône-Alpes","07","Ardèche","02B","Matériaux recyclables","02A","Valorisation matière",10614.11996
2011,84,"Auvergne-Rhône-Alpes","07","Ardèche","02B","Matériaux recyclables","02B","Incinération avec récupération d'énergie",723.20629
2011,84,"Auvergne-Rhône-Alpes","07","Ardèche","02B","Matériaux recyclables","02E","Valorisation organique",609.92355
2011,84,"Auvergne-Rhône-Alpes","07","Ardèche","02B","Matériaux recyclables","02Z","Non précisé",1.48038
2011,84,"Auvergne-Rhône-Alpes","07","Ardèche","02C","Déchets verts","02E","Valorisation organique",10542.714
2011,84,"Auvergne-Rhône-Alpes","07","Ardèche","02D","Encombrants","02A","Valorisation matière",2774.88592
2011,84,"Auvergne-Rhône-Alpes","07","Ardèche","02D","Encombrants","02D","Stockage",15373.91236
2011,84,"Auvergne-Rhône-Alpes","07","Ardèche","02E","Déblais et gravats","02A","Valorisation matière",10106.67863
2011,84,"Auvergne-Rhône-Alpes","07","Ardèche","02E","Déblais et gravats","02D","Stockage",4732.12993
2011,84,"Auvergne-Rhône-Alpes","07","Ardèche","02E","Déblais et gravats","02F","Stockage pour inertes",768.06394
2011,84,"Auvergne-Rhône-Alpes","07","Ardèche","02E","Déblais et gravats","02Z","Non précisé",232.36
2011,84,"Auvergne-Rhône-Alpes","07","Ardèche","02F","DEEE","02A","Valorisation matière",1781.56669
2011,84,"Auvergne-Rhône-Alpes","07","Ardèche","02Z","Autres déchets","02A","Valorisation matière",1.15627
2011,84,"Auvergne-Rhône-Alpes","07","Ardèche","02Z","Autres déchets","02B","Incinération avec récupération d'énergie",6.12532
2011,84,"Auvergne-Rhône-Alpes","15","Cantal","02A","Déchets dangereux","02A","Valorisation matière",29.92482
2011,84,"Auvergne-Rhône-Alpes","15","Cantal","02A","Déchets dangereux","02B","Incinération avec récupération d'énergie",19.72791
2011,84,"Auvergne-Rhône-Alpes","15","Cantal","02A","Déchets dangereux","02C","Incinération sans récupération d'énergie",47.23798
2011,84,"Auvergne-Rhône-Alpes","15","Cantal","02A","Déchets dangereux","02Z","Non précisé",3.27784
2011,84,"Auvergne-Rhône-Alpes","15","Cantal","02B","Matériaux recyclables","02A","Valorisation matière",4994.04843
2011,84,"Auvergne-Rhône-Alpes","15","Cantal","02B","Matériaux recyclables","02E","Valorisation organique",170
2011,84,"Auvergne-Rhône-Alpes","15","Cantal","02B","Matériaux recyclables","02Z","Non précisé",444.78382
2011,84,"Auvergne-Rhône-Alpes","15","Cantal","02C","Déchets verts","02A","Valorisation matière",110
2011,84,"Auvergne-Rhône-Alpes","15","Cantal","02C","Déchets verts","02E","Valorisation organique",5546.86639
2011,84,"Auvergne-Rhône-Alpes","15","Cantal","02C","Déchets verts","02Z","Non précisé",206
2011,84,"Auvergne-Rhône-Alpes","15","Cantal","02D","Encombrants","02A","Valorisation matière",144.42
2011,84,"Auvergne-Rhône-Alpes","15","Cantal","02D","Encombrants","02C","Incinération sans récupération d'énergie",217
2011,84,"Auvergne-Rhône-Alpes","15","Cantal","02D","Encombrants","02D","Stockage",5025.11079
2011,84,"Auvergne-Rhône-Alpes","15","Cantal","02D","Encombrants","02Z","Non précisé",76
2011,84,"Auvergne-Rhône-Alpes","15","Cantal","02E","Déblais et gravats","02A","Valorisation matière",790.4575
2011,84,"Auvergne-Rhône-Alpes","15","Cantal","02E","Déblais et gravats","02D","Stockage",507
2011,84,"Auvergne-Rhône-Alpes","15","Cantal","02E","Déblais et gravats","02F","Stockage pour inertes",2588.53999
2011,84,"Auvergne-Rhône-Alpes","15","Cantal","02E","Déblais et gravats","02Z","Non précisé",316.55322
2011,84,"Auvergne-Rhône-Alpes","15","Cantal","02F","DEEE","02A","Valorisation matière",378.79986
2011,84,"Auvergne-Rhône-Alpes","15","Cantal","02F","DEEE","02Z","Non précisé",85.6315
2011,84,"Auvergne-Rhône-Alpes","15","Cantal","02Z","Autres déchets","02A","Valorisation matière",403.97596
2011,84,"Auvergne-Rhône-Alpes","15","Cantal","02Z","Autres déchets","02C","Incinération sans récupération d'énergie",257
2011,84,"Auvergne-Rhône-Alpes","15","Cantal","02Z","Autres déchets","02D","Stockage",214
2011,84,"Auvergne-Rhône-Alpes","15","Cantal","02Z","Autres déchets","02Z","Non précisé",190
2011,84,"Auvergne-Rhône-Alpes","26","Drôme","02A","Déchets dangereux","02A","Valorisation matière",64.08022
2011,84,"Auvergne-Rhône-Alpes","26","Drôme","02A","Déchets dangereux","02B","Incinération avec récupération d'énergie",78.24242
2011,84,"Auvergne-Rhône-Alpes","26","Drôme","02A","Déchets dangereux","02C","Incinération sans récupération d'énergie",0.64345
2011,84,"Auvergne-Rhône-Alpes","26","Drôme","02A","Déchets dangereux","02D","Stockage",151.45598
2011,84,"Auvergne-Rhône-Alpes","26","Drôme","02A","Déchets dangereux","02Z","Non précisé",353.35866
2011,84,"Auvergne-Rhône-Alpes","26","Drôme","02B","Matériaux recyclables","02A","Valorisation matière",16223.40676
2011,84,"Auvergne-Rhône-Alpes","26","Drôme","02B","Matériaux recyclables","02B","Incinération avec récupération d'énergie",2319.72371
2011,84,"Auvergne-Rhône-Alpes","26","Drôme","02B","Matériaux recyclables","02E","Valorisation organique",793.36762
2011,84,"Auvergne-Rhône-Alpes","26","Drôme","02B","Matériaux recyclables","02Z","Non précisé",0.18968
2011,84,"Auvergne-Rhône-Alpes","26","Drôme","02C","Déchets verts","02A","Valorisation matière",46.84332
2011,84,"Auvergne-Rhône-Alpes","26","Drôme","02C","Déchets verts","02E","Valorisation organique",27194.50235
2011,84,"Auvergne-Rhône-Alpes","26","Drôme","02C","Déchets verts","02Z","Non précisé",80
2011,84,"Auvergne-Rhône-Alpes","26","Drôme","02D","Encombrants","02A","Valorisation matière",354.97273
2011,84,"Auvergne-Rhône-Alpes","26","Drôme","02D","Encombrants","02B","Incinération avec récupération d'énergie",5.61696
2011,84,"Auvergne-Rhône-Alpes","26","Drôme","02D","Encombrants","02D","Stockage",32570.17817
2011,84,"Auvergne-Rhône-Alpes","26","Drôme","02D","Encombrants","02Z","Non précisé",0.11533
2011,84,"Auvergne-Rhône-Alpes","26","Drôme","02E","Déblais et gravats","02A","Valorisation matière",31046.05326
2011,84,"Auvergne-Rhône-Alpes","26","Drôme","02E","Déblais et gravats","02D","Stockage",651.45
2011,84,"Auvergne-Rhône-Alpes","26","Drôme","02E","Déblais et gravats","02F","Stockage pour inertes",3822.48039
2011,84,"Auvergne-Rhône-Alpes","26","Drôme","02E","Déblais et gravats","02Z","Non précisé",526.13059
2011,84,"Auvergne-Rhône-Alpes","26","Drôme","02F","DEEE","02A","Valorisation matière",2772.38159
2011,84,"Auvergne-Rhône-Alpes","26","Drôme","02Z","Autres déchets","02A","Valorisation matière",1
2011,84,"Auvergne-Rhône-Alpes","26","Drôme","02Z","Autres déchets","02B","Incinération avec récupération d'énergie",3.92468
2011,84,"Auvergne-Rhône-Alpes","38","Isère","02A","Déchets dangereux","02A","Valorisation matière",470.96055
2011,84,"Auvergne-Rhône-Alpes","38","Isère","02A","Déchets dangereux","02B","Incinération avec récupération d'énergie",18.1927
2011,84,"Auvergne-Rhône-Alpes","38","Isère","02A","Déchets dangereux","02D","Stockage",368.72554
2011,84,"Auvergne-Rhône-Alpes","38","Isère","02A","Déchets dangereux","02Z","Non précisé",1394.88937
2011,84,"Auvergne-Rhône-Alpes","38","Isère","02B","Matériaux recyclables","02A","Valorisation matière",52078.15652
2011,84,"Auvergne-Rhône-Alpes","38","Isère","02B","Matériaux recyclables","02B","Incinération avec récupération d'énergie",3823.52
2011,84,"Auvergne-Rhône-Alpes","38","Isère","02B","Matériaux recyclables","02D","Stockage",173.26
2011,84,"Auvergne-Rhône-Alpes","38","Isère","02B","Matériaux recyclables","02E","Valorisation organique",1285.27189
2011,84,"Auvergne-Rhône-Alpes","38","Isère","02B","Matériaux recyclables","02Z","Non précisé",0.19
2011,84,"Auvergne-Rhône-Alpes","38","Isère","02C","Déchets verts","02A","Valorisation matière",121.3
2011,84,"Auvergne-Rhône-Alpes","38","Isère","02C","Déchets verts","02E","Valorisation organique",93443.84911
2011,84,"Auvergne-Rhône-Alpes","38","Isère","02D","Encombrants","02A","Valorisation matière",3467.20861
2011,84,"Auvergne-Rhône-Alpes","38","Isère","02D","Encombrants","02B","Incinération avec récupération d'énergie",17420.35717
2011,84,"Auvergne-Rhône-Alpes","38","Isère","02D","Encombrants","02D","Stockage",60676.72146
2011,84,"Auvergne-Rhône-Alpes","38","Isère","02E","Déblais et gravats","02A","Valorisation matière",51910.52223
2011,84,"Auvergne-Rhône-Alpes","38","Isère","02E","Déblais et gravats","02D","Stockage",34901.10772
2011,84,"Auvergne-Rhône-Alpes","38","Isère","02E","Déblais et gravats","02F","Stockage pour inertes",24040.64102
2011,84,"Auvergne-Rhône-Alpes","38","Isère","02E","Déblais et gravats","02Z","Non précisé",16.26941
2011,84,"Auvergne-Rhône-Alpes","38","Isère","02F","DEEE","02A","Valorisation matière",6556.42479
2011,84,"Auvergne-Rhône-Alpes","38","Isère","02Z","Autres déchets","02B","Incinération avec récupération d'énergie",34.33947
2011,84,"Auvergne-Rhône-Alpes","38","Isère","02Z","Autres déchets","02D","Stockage",7254.2
2011,84,"Auvergne-Rhône-Alpes","42","Loire","02A","Déchets dangereux","02A","Valorisation matière",281.95794
2011,84,"Auvergne-Rhône-Alpes","42","Loire","02A","Déchets dangereux","02B","Incinération avec récupération d'énergie",102.50055
2011,84,"Auvergne-Rhône-Alpes","42","Loire","02A","Déchets dangereux","02C","Incinération sans récupération d'énergie",0.19198
2011,84,"Auvergne-Rhône-Alpes","42","Loire","02A","Déchets dangereux","02D","Stockage",110.33
2011,84,"Auvergne-Rhône-Alpes","42","Loire","02A","Déchets dangereux","02Z","Non précisé",642.63276
2011,84,"Auvergne-Rhône-Alpes","42","Loire","02B","Matériaux recyclables","02A","Valorisation matière",23341.81541
2011,84,"Auvergne-Rhône-Alpes","42","Loire","02B","Matériaux recyclables","02B","Incinération avec récupération d'énergie",585.94
2011,84,"Auvergne-Rhône-Alpes","42","Loire","02B","Matériaux recyclables","02D","Stockage",310.66267
2011,84,"Auvergne-Rhône-Alpes","42","Loire","02B","Matériaux recyclables","02Z","Non précisé",0.27029
2011,84,"Auvergne-Rhône-Alpes","42","Loire","02C","Déchets verts","02A","Valorisation matière",377.61077
2011,84,"Auvergne-Rhône-Alpes","42","Loire","02C","Déchets verts","02E","Valorisation organique",37909.06203
2011,84,"Auvergne-Rhône-Alpes","42","Loire","02D","Encombrants","02A","Valorisation matière",41.8672
2011,84,"Auvergne-Rhône-Alpes","42","Loire","02D","Encombrants","02B","Incinération avec récupération d'énergie",69.9
2011,84,"Auvergne-Rhône-Alpes","42","Loire","02D","Encombrants","02D","Stockage",38182.68929
2011,84,"Auvergne-Rhône-Alpes","42","Loire","02E","Déblais et gravats","02A","Valorisation matière",8421.99906
2011,84,"Auvergne-Rhône-Alpes","42","Loire","02E","Déblais et gravats","02D","Stockage",16342.26637
2011,84,"Auvergne-Rhône-Alpes","42","Loire","02E","Déblais et gravats","02F","Stockage pour inertes",17852.99
2011,84,"Auvergne-Rhône-Alpes","42","Loire","02E","Déblais et gravats","02Z","Non précisé",259
2011,84,"Auvergne-Rhône-Alpes","42","Loire","02F","DEEE","02A","Valorisation matière",4280.30016
2011,84,"Auvergne-Rhône-Alpes","42","Loire","02Z","Autres déchets","02A","Valorisation matière",0.92466
2011,84,"Auvergne-Rhône-Alpes","42","Loire","02Z","Autres déchets","02B","Incinération avec récupération d'énergie",10.07
2011,84,"Auvergne-Rhône-Alpes","43","Haute-Loire","02A","Déchets dangereux","02A","Valorisation matière",127.40921
2011,84,"Auvergne-Rhône-Alpes","43","Haute-Loire","02A","Déchets dangereux","02B","Incinération avec récupération d'énergie",22.32213
2011,84,"Auvergne-Rhône-Alpes","43","Haute-Loire","02A","Déchets dangereux","02C","Incinération sans récupération d'énergie",84.65801
2011,84,"Auvergne-Rhône-Alpes","43","Haute-Loire","02A","Déchets dangereux","02D","Stockage",17.82
2011,84,"Auvergne-Rhône-Alpes","43","Haute-Loire","02A","Déchets dangereux","02Z","Non précisé",71.73319
2011,84,"Auvergne-Rhône-Alpes","43","Haute-Loire","02B","Matériaux recyclables","02A","Valorisation matière",6282.21608
2011,84,"Auvergne-Rhône-Alpes","43","Haute-Loire","02B","Matériaux recyclables","02D","Stockage",386.62646
2011,84,"Auvergne-Rhône-Alpes","43","Haute-Loire","02B","Matériaux recyclables","02E","Valorisation organique",2708.14882
2011,84,"Auvergne-Rhône-Alpes","43","Haute-Loire","02B","Matériaux recyclables","02Z","Non précisé",0.25871
2011,84,"Auvergne-Rhône-Alpes","43","Haute-Loire","02C","Déchets verts","02A","Valorisation matière",3204.58923
2011,84,"Auvergne-Rhône-Alpes","43","Haute-Loire","02C","Déchets verts","02E","Valorisation organique",6649.14235
2011,84,"Auvergne-Rhône-Alpes","43","Haute-Loire","02D","Encombrants","02A","Valorisation matière",520.54
2011,84,"Auvergne-Rhône-Alpes","43","Haute-Loire","02D","Encombrants","02D","Stockage",8157.08488
2011,84,"Auvergne-Rhône-Alpes","43","Haute-Loire","02E","Déblais et gravats","02A","Valorisation matière",2116.2578
2011,84,"Auvergne-Rhône-Alpes","43","Haute-Loire","02E","Déblais et gravats","02D","Stockage",2070.65869
2011,84,"Auvergne-Rhône-Alpes","43","Haute-Loire","02E","Déblais et gravats","02F","Stockage pour inertes",7835.54
2011,84,"Auvergne-Rhône-Alpes","43","Haute-Loire","02F","DEEE","02A","Valorisation matière",853.00772
2011,84,"Auvergne-Rhône-Alpes","43","Haute-Loire","02Z","Autres déchets","02A","Valorisation matière",2.81539
2011,84,"Auvergne-Rhône-Alpes","63","Puy-de-Dôme","02A","Déchets dangereux","02A","Valorisation matière",223.54659
2011,84,"Auvergne-Rhône-Alpes","63","Puy-de-Dôme","02A","Déchets dangereux","02B","Incinération avec récupération d'énergie",98.84698
2011,84,"Auvergne-Rhône-Alpes","63","Puy-de-Dôme","02A","Déchets dangereux","02C","Incinération sans récupération d'énergie",414.17413
2011,84,"Auvergne-Rhône-Alpes","63","Puy-de-Dôme","02A","Déchets dangereux","02D","Stockage",88.81
2011,84,"Auvergne-Rhône-Alpes","63","Puy-de-Dôme","02A","Déchets dangereux","02E","Valorisation organique",0.2
2011,84,"Auvergne-Rhône-Alpes","63","Puy-de-Dôme","02A","Déchets dangereux","02Z","Non précisé",298.05365
2011,84,"Auvergne-Rhône-Alpes","63","Puy-de-Dôme","02B","Matériaux recyclables","02A","Valorisation matière",16956.1214
2011,84,"Auvergne-Rhône-Alpes","63","Puy-de-Dôme","02B","Matériaux recyclables","02D","Stockage",98.58509
2011,84,"Auvergne-Rhône-Alpes","63","Puy-de-Dôme","02B","Matériaux recyclables","02E","Valorisation organique",3827.01597
2011,84,"Auvergne-Rhône-Alpes","63","Puy-de-Dôme","02B","Matériaux recyclables","02Z","Non précisé",463.778
2011,84,"Auvergne-Rhône-Alpes","63","Puy-de-Dôme","02C","Déchets verts","02A","Valorisation matière",1.04502
2011,84,"Auvergne-Rhône-Alpes","63","Puy-de-Dôme","02C","Déchets verts","02E","Valorisation organique",34118.96362
2011,84,"Auvergne-Rhône-Alpes","63","Puy-de-Dôme","02D","Encombrants","02A","Valorisation matière",420.74472
2011,84,"Auvergne-Rhône-Alpes","63","Puy-de-Dôme","02D","Encombrants","02B","Incinération avec récupération d'énergie",1.82707
2011,84,"Auvergne-Rhône-Alpes","63","Puy-de-Dôme","02D","Encombrants","02D","Stockage",35377.43125
2011,84,"Auvergne-Rhône-Alpes","63","Puy-de-Dôme","02E","Déblais et gravats","02A","Valorisation matière",5351.27468
2011,84,"Auvergne-Rhône-Alpes","63","Puy-de-Dôme","02E","Déblais et gravats","02D","Stockage",16383.50003
2011,84,"Auvergne-Rhône-Alpes","63","Puy-de-Dôme","02E","Déblais et gravats","02F","Stockage pour inertes",13477.55481
2011,84,"Auvergne-Rhône-Alpes","63","Puy-de-Dôme","02F","DEEE","02A","Valorisation matière",3357.10005
2011,84,"Auvergne-Rhône-Alpes","63","Puy-de-Dôme","02F","DEEE","02B","Incinération avec récupération d'énergie",67.21
2011,84,"Auvergne-Rhône-Alpes","63","Puy-de-Dôme","02Z","Autres déchets","02A","Valorisation matière",6.291
2011,84,"Auvergne-Rhône-Alpes","63","Puy-de-Dôme","02Z","Autres déchets","02E","Valorisation organique",0.64
2011,84,"Auvergne-Rhône-Alpes","63","Puy-de-Dôme","02Z","Autres déchets","02Z","Non précisé",4.366
2011,84,"Auvergne-Rhône-Alpes","69","Rhône","02A","Déchets dangereux","02A","Valorisation matière",395.21146
2011,84,"Auvergne-Rhône-Alpes","69","Rhône","02A","Déchets dangereux","02B","Incinération avec récupération d'énergie",37.12723
2011,84,"Auvergne-Rhône-Alpes","69","Rhône","02A","Déchets dangereux","02D","Stockage",9.53963
2011,84,"Auvergne-Rhône-Alpes","69","Rhône","02A","Déchets dangereux","02Z","Non précisé",1577.75964
2011,84,"Auvergne-Rhône-Alpes","69","Rhône","02B","Matériaux recyclables","02A","Valorisation matière",54831.35879
2011,84,"Auvergne-Rhône-Alpes","69","Rhône","02B","Matériaux recyclables","02B","Incinération avec récupération d'énergie",0.00102
2011,84,"Auvergne-Rhône-Alpes","69","Rhône","02C","Déchets verts","02E","Valorisation organique",57645.89421
2011,84,"Auvergne-Rhône-Alpes","69","Rhône","02D","Encombrants","02A","Valorisation matière",5830.5628
2011,84,"Auvergne-Rhône-Alpes","69","Rhône","02D","Encombrants","02D","Stockage",47243.51301
2011,84,"Auvergne-Rhône-Alpes","69","Rhône","02E","Déblais et gravats","02A","Valorisation matière",21194.20149
2011,84,"Auvergne-Rhône-Alpes","69","Rhône","02E","Déblais et gravats","02D","Stockage",5411.01229
2011,84,"Auvergne-Rhône-Alpes","69","Rhône","02E","Déblais et gravats","02F","Stockage pour inertes",28041.4
2011,84,"Auvergne-Rhône-Alpes","69","Rhône","02F","DEEE","02A","Valorisation matière",8456.54844
2011,84,"Auvergne-Rhône-Alpes","69","Rhône","02Z","Autres déchets","02A","Valorisation matière",0.00391
2011,84,"Auvergne-Rhône-Alpes","69","Rhône","02Z","Autres déchets","02B","Incinération avec récupération d'énergie",13.1
2011,84,"Auvergne-Rhône-Alpes","73","Savoie","02A","Déchets dangereux","02A","Valorisation matière",181.43439
2011,84,"Auvergne-Rhône-Alpes","73","Savoie","02A","Déchets dangereux","02B","Incinération avec récupération d'énergie",361.49995
2011,84,"Auvergne-Rhône-Alpes","73","Savoie","02A","Déchets dangereux","02D","Stockage",211.62446
2011,84,"Auvergne-Rhône-Alpes","73","Savoie","02A","Déchets dangereux","02Z","Non précisé",406.3396
2011,84,"Auvergne-Rhône-Alpes","73","Savoie","02B","Matériaux recyclables","02A","Valorisation matière",28346.41405
2011,84,"Auvergne-Rhône-Alpes","73","Savoie","02B","Matériaux recyclables","02E","Valorisation organique",853.21811
2011,84,"Auvergne-Rhône-Alpes","73","Savoie","02C","Déchets verts","02E","Valorisation organique",33962.94373
2011,84,"Auvergne-Rhône-Alpes","73","Savoie","02D","Encombrants","02A","Valorisation matière",1284.81138
2011,84,"Auvergne-Rhône-Alpes","73","Savoie","02D","Encombrants","02B","Incinération avec récupération d'énergie",14394.04189
2011,84,"Auvergne-Rhône-Alpes","73","Savoie","02D","Encombrants","02D","Stockage",8303.09
2011,84,"Auvergne-Rhône-Alpes","73","Savoie","02E","Déblais et gravats","02A","Valorisation matière",17054.49523
2011,84,"Auvergne-Rhône-Alpes","73","Savoie","02E","Déblais et gravats","02D","Stockage",6449.92
2011,84,"Auvergne-Rhône-Alpes","73","Savoie","02E","Déblais et gravats","02F","Stockage pour inertes",6844.66898
2011,84,"Auvergne-Rhône-Alpes","73","Savoie","02F","DEEE","02A","Valorisation matière",4082.2575
2011,84,"Auvergne-Rhône-Alpes","73","Savoie","02Z","Autres déchets","02A","Valorisation matière",21.51
2011,84,"Auvergne-Rhône-Alpes","73","Savoie","02Z","Autres déchets","02B","Incinération avec récupération d'énergie",4.93054
2011,84,"Auvergne-Rhône-Alpes","74","Haute-Savoie","02A","Déchets dangereux","02A","Valorisation matière",359.178
2011,84,"Auvergne-Rhône-Alpes","74","Haute-Savoie","02A","Déchets dangereux","02B","Incinération avec récupération d'énergie",51.33001
2011,84,"Auvergne-Rhône-Alpes","74","Haute-Savoie","02A","Déchets dangereux","02D","Stockage",22.2
2011,84,"Auvergne-Rhône-Alpes","74","Haute-Savoie","02A","Déchets dangereux","02Z","Non précisé",705.59211
2011,84,"Auvergne-Rhône-Alpes","74","Haute-Savoie","02B","Matériaux recyclables","02A","Valorisation matière",37839.42351
2011,84,"Auvergne-Rhône-Alpes","74","Haute-Savoie","02B","Matériaux recyclables","02B","Incinération avec récupération d'énergie",5262.21999
2011,84,"Auvergne-Rhône-Alpes","74","Haute-Savoie","02B","Matériaux recyclables","02E","Valorisation organique",6115.43
2011,84,"Auvergne-Rhône-Alpes","74","Haute-Savoie","02B","Matériaux recyclables","02Z","Non précisé",0.20001
2011,84,"Auvergne-Rhône-Alpes","74","Haute-Savoie","02C","Déchets verts","02A","Valorisation matière",1695.86
2011,84,"Auvergne-Rhône-Alpes","74","Haute-Savoie","02C","Déchets verts","02E","Valorisation organique",55514.24187
2011,84,"Auvergne-Rhône-Alpes","74","Haute-Savoie","02D","Encombrants","02A","Valorisation matière",5268.00699
2011,84,"Auvergne-Rhône-Alpes","74","Haute-Savoie","02D","Encombrants","02B","Incinération avec récupération d'énergie",21352.59395
2011,84,"Auvergne-Rhône-Alpes","74","Haute-Savoie","02D","Encombrants","02D","Stockage",8048.23999
2011,84,"Auvergne-Rhône-Alpes","74","Haute-Savoie","02D","Encombrants","02Z","Non précisé",5559.34
2011,84,"Auvergne-Rhône-Alpes","74","Haute-Savoie","02E","Déblais et gravats","02A","Valorisation matière",22675.32108
2011,84,"Auvergne-Rhône-Alpes","74","Haute-Savoie","02E","Déblais et gravats","02D","Stockage",4728.39
2011,84,"Auvergne-Rhône-Alpes","74","Haute-Savoie","02E","Déblais et gravats","02F","Stockage pour inertes",10913.35037
2011,84,"Auvergne-Rhône-Alpes","74","Haute-Savoie","02E","Déblais et gravats","02Z","Non précisé",6004
2011,84,"Auvergne-Rhône-Alpes","74","Haute-Savoie","02F","DEEE","02A","Valorisation matière",4984.88121
2011,84,"Auvergne-Rhône-Alpes","74","Haute-Savoie","02Z","Autres déchets","02A","Valorisation matière",2.46
2011,84,"Auvergne-Rhône-Alpes","74","Haute-Savoie","02Z","Autres déchets","02B","Incinération avec récupération d'énergie",123.03812
2011,27,"Bourgogne-Franche-Comté","21","Cote-d'Or","02A","Déchets dangereux","02A","Valorisation matière",222.24207
2011,27,"Bourgogne-Franche-Comté","21","Cote-d'Or","02A","Déchets dangereux","02B","Incinération avec récupération d'énergie",3.93492
2011,27,"Bourgogne-Franche-Comté","21","Cote-d'Or","02A","Déchets dangereux","02D","Stockage",72.91
2011,27,"Bourgogne-Franche-Comté","21","Cote-d'Or","02A","Déchets dangereux","02Z","Non précisé",1015.25082
2011,27,"Bourgogne-Franche-Comté","21","Cote-d'Or","02B","Matériaux recyclables","02A","Valorisation matière",17578.91026
2011,27,"Bourgogne-Franche-Comté","21","Cote-d'Or","02B","Matériaux recyclables","02B","Incinération avec récupération d'énergie",227.22
2011,27,"Bourgogne-Franche-Comté","21","Cote-d'Or","02B","Matériaux recyclables","02E","Valorisation organique",58.00355
2011,27,"Bourgogne-Franche-Comté","21","Cote-d'Or","02C","Déchets verts","02E","Valorisation organique",35274.76333
2011,27,"Bourgogne-Franche-Comté","21","Cote-d'Or","02D","Encombrants","02A","Valorisation matière",299.43868
2011,27,"Bourgogne-Franche-Comté","21","Cote-d'Or","02D","Encombrants","02B","Incinération avec récupération d'énergie",6502.44
2011,27,"Bourgogne-Franche-Comté","21","Cote-d'Or","02D","Encombrants","02D","Stockage",17157.94931
2011,27,"Bourgogne-Franche-Comté","21","Cote-d'Or","02E","Déblais et gravats","02A","Valorisation matière",569.62174
2011,27,"Bourgogne-Franche-Comté","21","Cote-d'Or","02E","Déblais et gravats","02D","Stockage",48.48318
2011,27,"Bourgogne-Franche-Comté","21","Cote-d'Or","02E","Déblais et gravats","02F","Stockage pour inertes",34968.15606
2011,27,"Bourgogne-Franche-Comté","21","Cote-d'Or","02F","DEEE","02A","Valorisation matière",3486.5038
2011,27,"Bourgogne-Franche-Comté","21","Cote-d'Or","02Z","Autres déchets","02A","Valorisation matière",15.73533
2011,27,"Bourgogne-Franche-Comté","21","Cote-d'Or","02Z","Autres déchets","02B","Incinération avec récupération d'énergie",0.12095
2011,27,"Bourgogne-Franche-Comté","21","Cote-d'Or","02Z","Autres déchets","02D","Stockage",92.1195
2011,27,"Bourgogne-Franche-Comté","25","Doubs","02A","Déchets dangereux","02A","Valorisation matière",245.76982
2011,27,"Bourgogne-Franche-Comté","25","Doubs","02A","Déchets dangereux","02B","Incinération avec récupération d'énergie",169.0275
2011,27,"Bourgogne-Franche-Comté","25","Doubs","02A","Déchets dangereux","02C","Incinération sans récupération d'énergie",268.77811
2011,27,"Bourgogne-Franche-Comté","25","Doubs","02A","Déchets dangereux","02Z","Non précisé",134.10375
2011,27,"Bourgogne-Franche-Comté","25","Doubs","02B","Matériaux recyclables","02A","Valorisation matière",22776.54196
2011,27,"Bourgogne-Franche-Comté","25","Doubs","02B","Matériaux recyclables","02B","Incinération avec récupération d'énergie",4799.89
2011,27,"Bourgogne-Franche-Comté","25","Doubs","02B","Matériaux recyclables","02E","Valorisation organique",198
2011,27,"Bourgogne-Franche-Comté","25","Doubs","02B","Matériaux recyclables","02Z","Non précisé",44.34101
2011,27,"Bourgogne-Franche-Comté","25","Doubs","02C","Déchets verts","02B","Incinération avec récupération d'énergie",298.81
2011,27,"Bourgogne-Franche-Comté","25","Doubs","02C","Déchets verts","02D","Stockage",869.4
2011,27,"Bourgogne-Franche-Comté","25","Doubs","02C","Déchets verts","02E","Valorisation organique",24103.03692
2011,27,"Bourgogne-Franche-Comté","25","Doubs","02D","Encombrants","02A","Valorisation matière",511.96709
2011,27,"Bourgogne-Franche-Comté","25","Doubs","02D","Encombrants","02B","Incinération avec récupération d'énergie",3423.69
2011,27,"Bourgogne-Franche-Comté","25","Doubs","02D","Encombrants","02D","Stockage",22102.57272
2011,27,"Bourgogne-Franche-Comté","25","Doubs","02D","Encombrants","02Z","Non précisé",399.81161
2011,27,"Bourgogne-Franche-Comté","25","Doubs","02E","Déblais et gravats","02A","Valorisation matière",354.59355
2011,27,"Bourgogne-Franche-Comté","25","Doubs","02E","Déblais et gravats","02D","Stockage",11482.17656
2011,27,"Bourgogne-Franche-Comté","25","Doubs","02E","Déblais et gravats","02F","Stockage pour inertes",4374.60496
2011,27,"Bourgogne-Franche-Comté","25","Doubs","02E","Déblais et gravats","02Z","Non précisé",6612.3
2011,27,"Bourgogne-Franche-Comté","25","Doubs","02F","DEEE","02A","Valorisation matière",1674.17002
2011,27,"Bourgogne-Franche-Comté","25","Doubs","02F","DEEE","02B","Incinération avec récupération d'énergie",234
2011,27,"Bourgogne-Franche-Comté","25","Doubs","02F","DEEE","02Z","Non précisé",1633.56217
2011,27,"Bourgogne-Franche-Comté","25","Doubs","02Z","Autres déchets","02A","Valorisation matière",33.996
2011,27,"Bourgogne-Franche-Comté","25","Doubs","02Z","Autres déchets","02B","Incinération avec récupération d'énergie",19.30176
2011,27,"Bourgogne-Franche-Comté","25","Doubs","02Z","Autres déchets","02Z","Non précisé",5.11454
2011,27,"Bourgogne-Franche-Comté","39","Jura","02A","Déchets dangereux","02A","Valorisation matière",262.668
2011,27,"Bourgogne-Franche-Comté","39","Jura","02A","Déchets dangereux","02B","Incinération avec récupération d'énergie",114.945
2011,27,"Bourgogne-Franche-Comté","39","Jura","02A","Déchets dangereux","02C","Incinération sans récupération d'énergie",115.702
2011,27,"Bourgogne-Franche-Comté","39","Jura","02A","Déchets dangereux","02Z","Non précisé",2.773
2011,27,"Bourgogne-Franche-Comté","39","Jura","02B","Matériaux recyclables","02A","Valorisation matière",13647.203
2011,27,"Bourgogne-Franche-Comté","39","Jura","02B","Matériaux recyclables","02B","Incinération avec récupération d'énergie",0.739
2011,27,"Bourgogne-Franche-Comté","39","Jura","02B","Matériaux recyclables","02D","Stockage",270
2011,27,"Bourgogne-Franche-Comté","39","Jura","02B","Matériaux recyclables","02Z","Non précisé",150
2011,27,"Bourgogne-Franche-Comté","39","Jura","02C","Déchets verts","02A","Valorisation matière",84
2011,27,"Bourgogne-Franche-Comté","39","Jura","02C","Déchets verts","02E","Valorisation organique",11471.91
2011,27,"Bourgogne-Franche-Comté","39","Jura","02D","Encombrants","02A","Valorisation matière",157.2517
2011,27,"Bourgogne-Franche-Comté","39","Jura","02D","Encombrants","02D","Stockage",11200.42
2011,27,"Bourgogne-Franche-Comté","39","Jura","02D","Encombrants","02F","Stockage pour inertes",224
2011,27,"Bourgogne-Franche-Comté","39","Jura","02E","Déblais et gravats","02D","Stockage",2629.2
2011,27,"Bourgogne-Franche-Comté","39","Jura","02E","Déblais et gravats","02F","Stockage pour inertes",9890.51
2011,27,"Bourgogne-Franche-Comté","39","Jura","02F","DEEE","02A","Valorisation matière",1638.947
2011,27,"Bourgogne-Franche-Comté","39","Jura","02F","DEEE","02D","Stockage",59.417
2011,27,"Bourgogne-Franche-Comté","39","Jura","02F","DEEE","02Z","Non précisé",714.582
2011,27,"Bourgogne-Franche-Comté","39","Jura","02Z","Autres déchets","02A","Valorisation matière",116.925
2011,27,"Bourgogne-Franche-Comté","39","Jura","02Z","Autres déchets","02B","Incinération avec récupération d'énergie",8.88255
2011,27,"Bourgogne-Franche-Comté","58","Nièvre","02A","Déchets dangereux","02A","Valorisation matière",295.99127
2011,27,"Bourgogne-Franche-Comté","58","Nièvre","02A","Déchets dangereux","02B","Incinération avec récupération d'énergie",0.50223
2011,27,"Bourgogne-Franche-Comté","58","Nièvre","02A","Déchets dangereux","02D","Stockage",8.241
2011,27,"Bourgogne-Franche-Comté","58","Nièvre","02A","Déchets dangereux","02Z","Non précisé",235.02364
2011,27,"Bourgogne-Franche-Comté","58","Nièvre","02B","Matériaux recyclables","02A","Valorisation matière",7884.61061
2011,27,"Bourgogne-Franche-Comté","58","Nièvre","02B","Matériaux recyclables","02D","Stockage",197.4
2011,27,"Bourgogne-Franche-Comté","58","Nièvre","02B","Matériaux recyclables","02E","Valorisation organique",720.51343
2011,27,"Bourgogne-Franche-Comté","58","Nièvre","02B","Matériaux recyclables","02Z","Non précisé",1487.427
2011,27,"Bourgogne-Franche-Comté","58","Nièvre","02C","Déchets verts","02A","Valorisation matière",377.01743
2011,27,"Bourgogne-Franche-Comté","58","Nièvre","02C","Déchets verts","02E","Valorisation organique",15266.60043
2011,27,"Bourgogne-Franche-Comté","58","Nièvre","02D","Encombrants","02A","Valorisation matière",313.20864
2011,27,"Bourgogne-Franche-Comté","58","Nièvre","02D","Encombrants","02B","Incinération avec récupération d'énergie",1380.78
2011,27,"Bourgogne-Franche-Comté","58","Nièvre","02D","Encombrants","02D","Stockage",7421.09825
2011,27,"Bourgogne-Franche-Comté","58","Nièvre","02D","Encombrants","02Z","Non précisé",49.04058
2011,27,"Bourgogne-Franche-Comté","58","Nièvre","02E","Déblais et gravats","02A","Valorisation matière",6550.99729
2011,27,"Bourgogne-Franche-Comté","58","Nièvre","02E","Déblais et gravats","02D","Stockage",892.91706
2011,27,"Bourgogne-Franche-Comté","58","Nièvre","02E","Déblais et gravats","02F","Stockage pour inertes",2771.80348
2011,27,"Bourgogne-Franche-Comté","58","Nièvre","02F","DEEE","02A","Valorisation matière",1716.80994
2011,27,"Bourgogne-Franche-Comté","58","Nièvre","02Z","Autres déchets","02A","Valorisation matière",6.268
2011,27,"Bourgogne-Franche-Comté","58","Nièvre","02Z","Autres déchets","02B","Incinération avec récupération d'énergie",479.42444
2011,27,"Bourgogne-Franche-Comté","58","Nièvre","02Z","Autres déchets","02D","Stockage",3279.81631
2011,27,"Bourgogne-Franche-Comté","58","Nièvre","02Z","Autres déchets","02Z","Non précisé",4.24064
2011,27,"Bourgogne-Franche-Comté","70","Haute-Saône","02A","Déchets dangereux","02A","Valorisation matière",638.25545
2011,27,"Bourgogne-Franche-Comté","70","Haute-Saône","02A","Déchets dangereux","02B","Incinération avec récupération d'énergie",0.7365
2011,27,"Bourgogne-Franche-Comté","70","Haute-Saône","02A","Déchets dangereux","02C","Incinération sans récupération d'énergie",2.76186
2011,27,"Bourgogne-Franche-Comté","70","Haute-Saône","02A","Déchets dangereux","02F","Stockage pour inertes",1.01674
2011,27,"Bourgogne-Franche-Comté","70","Haute-Saône","02A","Déchets dangereux","02Z","Non précisé",23.99263
2011,27,"Bourgogne-Franche-Comté","70","Haute-Saône","02B","Matériaux recyclables","02A","Valorisation matière",15260.06253
2011,27,"Bourgogne-Franche-Comté","70","Haute-Saône","02B","Matériaux recyclables","02E","Valorisation organique",8.22422
2011,27,"Bourgogne-Franche-Comté","70","Haute-Saône","02B","Matériaux recyclables","02Z","Non précisé",159.1277
2011,27,"Bourgogne-Franche-Comté","70","Haute-Saône","02C","Déchets verts","02E","Valorisation organique",14973.63517
2011,27,"Bourgogne-Franche-Comté","70","Haute-Saône","02D","Encombrants","02A","Valorisation matière",134.04683
2011,27,"Bourgogne-Franche-Comté","70","Haute-Saône","02D","Encombrants","02B","Incinération avec récupération d'énergie",802.04789
2011,27,"Bourgogne-Franche-Comté","70","Haute-Saône","02D","Encombrants","02D","Stockage",16108.83117
2011,27,"Bourgogne-Franche-Comté","70","Haute-Saône","02D","Encombrants","02Z","Non précisé",263.28839
2011,27,"Bourgogne-Franche-Comté","70","Haute-Saône","02E","Déblais et gravats","02A","Valorisation matière",1179.09307
2011,27,"Bourgogne-Franche-Comté","70","Haute-Saône","02E","Déblais et gravats","02D","Stockage",152.82344
2011,27,"Bourgogne-Franche-Comté","70","Haute-Saône","02E","Déblais et gravats","02F","Stockage pour inertes",11072.34787
2011,27,"Bourgogne-Franche-Comté","70","Haute-Saône","02F","DEEE","02A","Valorisation matière",2180.99931
2011,27,"Bourgogne-Franche-Comté","70","Haute-Saône","02F","DEEE","02Z","Non précisé",20.43783
2011,27,"Bourgogne-Franche-Comté","70","Haute-Saône","02Z","Autres déchets","02A","Valorisation matière",2.39954
2011,27,"Bourgogne-Franche-Comté","70","Haute-Saône","02Z","Autres déchets","02B","Incinération avec récupération d'énergie",0.36825
2011,27,"Bourgogne-Franche-Comté","70","Haute-Saône","02Z","Autres déchets","02Z","Non précisé",46.56546
2011,27,"Bourgogne-Franche-Comté","71","Saône-et-Loire","02A","Déchets dangereux","02A","Valorisation matière",640.95706
2011,27,"Bourgogne-Franche-Comté","71","Saône-et-Loire","02A","Déchets dangereux","02B","Incinération avec récupération d'énergie",362.82801
2011,27,"Bourgogne-Franche-Comté","71","Saône-et-Loire","02A","Déchets dangereux","02D","Stockage",182.28208
2011,27,"Bourgogne-Franche-Comté","71","Saône-et-Loire","02A","Déchets dangereux","02E","Valorisation organique",0.08
2011,27,"Bourgogne-Franche-Comté","71","Saône-et-Loire","02A","Déchets dangereux","02F","Stockage pour inertes",125.27615
2011,27,"Bourgogne-Franche-Comté","71","Saône-et-Loire","02A","Déchets dangereux","02Z","Non précisé",6.94
2011,27,"Bourgogne-Franche-Comté","71","Saône-et-Loire","02B","Matériaux recyclables","02A","Valorisation matière",19939.19929
2011,27,"Bourgogne-Franche-Comté","71","Saône-et-Loire","02B","Matériaux recyclables","02B","Incinération avec récupération d'énergie",0.54098
2011,27,"Bourgogne-Franche-Comté","71","Saône-et-Loire","02B","Matériaux recyclables","02D","Stockage",5722.87349
2011,27,"Bourgogne-Franche-Comté","71","Saône-et-Loire","02B","Matériaux recyclables","02E","Valorisation organique",5204.07645
2011,27,"Bourgogne-Franche-Comté","71","Saône-et-Loire","02C","Déchets verts","02A","Valorisation matière",584.38
2011,27,"Bourgogne-Franche-Comté","71","Saône-et-Loire","02C","Déchets verts","02E","Valorisation organique",43787.1243
2011,27,"Bourgogne-Franche-Comté","71","Saône-et-Loire","02D","Encombrants","02A","Valorisation matière",18.572
2011,27,"Bourgogne-Franche-Comté","71","Saône-et-Loire","02D","Encombrants","02D","Stockage",6523.43963
2011,27,"Bourgogne-Franche-Comté","71","Saône-et-Loire","02E","Déblais et gravats","02A","Valorisation matière",8872.84277
2011,27,"Bourgogne-Franche-Comté","71","Saône-et-Loire","02E","Déblais et gravats","02D","Stockage",8576.99321
2011,27,"Bourgogne-Franche-Comté","71","Saône-et-Loire","02E","Déblais et gravats","02F","Stockage pour inertes",7560.12
2011,27,"Bourgogne-Franche-Comté","71","Saône-et-Loire","02F","DEEE","02A","Valorisation matière",3838.50616
2011,27,"Bourgogne-Franche-Comté","71","Saône-et-Loire","02Z","Autres déchets","02A","Valorisation matière",9.36175
2011,27,"Bourgogne-Franche-Comté","71","Saône-et-Loire","02Z","Autres déchets","02B","Incinération avec récupération d'énergie",24.53671
2011,27,"Bourgogne-Franche-Comté","71","Saône-et-Loire","02Z","Autres déchets","02D","Stockage",21844.9338
2011,27,"Bourgogne-Franche-Comté","89","Yonne","02A","Déchets dangereux","02A","Valorisation matière",845.68699
2011,27,"Bourgogne-Franche-Comté","89","Yonne","02A","Déchets dangereux","02B","Incinération avec récupération d'énergie",7.802
2011,27,"Bourgogne-Franche-Comté","89","Yonne","02A","Déchets dangereux","02C","Incinération sans récupération d'énergie",1.56
2011,27,"Bourgogne-Franche-Comté","89","Yonne","02A","Déchets dangereux","02F","Stockage pour inertes",0.1
2011,27,"Bourgogne-Franche-Comté","89","Yonne","02B","Matériaux recyclables","02A","Valorisation matière",8653.60401
2011,27,"Bourgogne-Franche-Comté","89","Yonne","02B","Matériaux recyclables","02B","Incinération avec récupération d'énergie",82.65
2011,27,"Bourgogne-Franche-Comté","89","Yonne","02B","Matériaux recyclables","02D","Stockage",16.32
2011,27,"Bourgogne-Franche-Comté","89","Yonne","02B","Matériaux recyclables","02E","Valorisation organique",384.52
2011,27,"Bourgogne-Franche-Comté","89","Yonne","02C","Déchets verts","02A","Valorisation matière",2628.07
2011,27,"Bourgogne-Franche-Comté","89","Yonne","02C","Déchets verts","02E","Valorisation organique",16464.91999
2011,27,"Bourgogne-Franche-Comté","89","Yonne","02D","Encombrants","02A","Valorisation matière",152.40999
2011,27,"Bourgogne-Franche-Comté","89","Yonne","02D","Encombrants","02B","Incinération avec récupération d'énergie",530.56
2011,27,"Bourgogne-Franche-Comté","89","Yonne","02D","Encombrants","02C","Incinération sans récupération d'énergie",774
2011,27,"Bourgogne-Franche-Comté","89","Yonne","02D","Encombrants","02D","Stockage",20082.22999
2011,27,"Bourgogne-Franche-Comté","89","Yonne","02E","Déblais et gravats","02A","Valorisation matière",10418.93
2011,27,"Bourgogne-Franche-Comté","89","Yonne","02E","Déblais et gravats","02D","Stockage",1915.16
2011,27,"Bourgogne-Franche-Comté","89","Yonne","02E","Déblais et gravats","02F","Stockage pour inertes",13119.73001
2011,27,"Bourgogne-Franche-Comté","89","Yonne","02F","DEEE","02A","Valorisation matière",2834.04999
2011,27,"Bourgogne-Franche-Comté","89","Yonne","02Z","Autres déchets","02A","Valorisation matière",10.12999
2011,27,"Bourgogne-Franche-Comté","90","Territoire-de-Belfort","02A","Déchets dangereux","02A","Valorisation matière",85.91642
2011,27,"Bourgogne-Franche-Comté","90","Territoire-de-Belfort","02A","Déchets dangereux","02D","Stockage",55.682
2011,27,"Bourgogne-Franche-Comté","90","Territoire-de-Belfort","02A","Déchets dangereux","02Z","Non précisé",36.36045
2011,27,"Bourgogne-Franche-Comté","90","Territoire-de-Belfort","02B","Matériaux recyclables","02A","Valorisation matière",2622.00683
2011,27,"Bourgogne-Franche-Comté","90","Territoire-de-Belfort","02B","Matériaux recyclables","02Z","Non précisé",144.36
2011,27,"Bourgogne-Franche-Comté","90","Territoire-de-Belfort","02C","Déchets verts","02E","Valorisation organique",3997.84874
2011,27,"Bourgogne-Franche-Comté","90","Territoire-de-Belfort","02D","Encombrants","02A","Valorisation matière",72.66931
2011,27,"Bourgogne-Franche-Comté","90","Territoire-de-Belfort","02D","Encombrants","02B","Incinération avec récupération d'énergie",3383.84549
2011,27,"Bourgogne-Franche-Comté","90","Territoire-de-Belfort","02D","Encombrants","02D","Stockage",379.99999
2011,27,"Bourgogne-Franche-Comté","90","Territoire-de-Belfort","02D","Encombrants","02Z","Non précisé",487.66
2011,27,"Bourgogne-Franche-Comté","90","Territoire-de-Belfort","02E","Déblais et gravats","02A","Valorisation matière",727.61366
2011,27,"Bourgogne-Franche-Comté","90","Territoire-de-Belfort","02E","Déblais et gravats","02F","Stockage pour inertes",2482.71163
2011,27,"Bourgogne-Franche-Comté","90","Territoire-de-Belfort","02F","DEEE","02A","Valorisation matière",636.69009
2011,27,"Bourgogne-Franche-Comté","90","Territoire-de-Belfort","02Z","Autres déchets","02A","Valorisation matière",5.0705
2011,27,"Bourgogne-Franche-Comté","90","Territoire-de-Belfort","02Z","Autres déchets","02C","Incinération sans récupération d'énergie",3.2
2011,53,"Bretagne","22","Cotes-d'Armor","02A","Déchets dangereux","02A","Valorisation matière",294.69305
2011,53,"Bretagne","22","Cotes-d'Armor","02A","Déchets dangereux","02B","Incinération avec récupération d'énergie",326.71901
2011,53,"Bretagne","22","Cotes-d'Armor","02A","Déchets dangereux","02C","Incinération sans récupération d'énergie",108.14
2011,53,"Bretagne","22","Cotes-d'Armor","02A","Déchets dangereux","02D","Stockage",6.66771
2011,53,"Bretagne","22","Cotes-d'Armor","02A","Déchets dangereux","02F","Stockage pour inertes",208.2
2011,53,"Bretagne","22","Cotes-d'Armor","02A","Déchets dangereux","02Z","Non précisé",230.87774
2011,53,"Bretagne","22","Cotes-d'Armor","02B","Matériaux recyclables","02A","Valorisation matière",27533.71147
2011,53,"Bretagne","22","Cotes-d'Armor","02B","Matériaux recyclables","02B","Incinération avec récupération d'énergie",917.38554
2011,53,"Bretagne","22","Cotes-d'Armor","02B","Matériaux recyclables","02Z","Non précisé",0.23825
2011,53,"Bretagne","22","Cotes-d'Armor","02C","Déchets verts","02E","Valorisation organique",90552.18552
2011,53,"Bretagne","22","Cotes-d'Armor","02D","Encombrants","02A","Valorisation matière",94.19001
2011,53,"Bretagne","22","Cotes-d'Armor","02D","Encombrants","02B","Incinération avec récupération d'énergie",17877.99066
2011,53,"Bretagne","22","Cotes-d'Armor","02D","Encombrants","02D","Stockage",17064.12431
2011,53,"Bretagne","22","Cotes-d'Armor","02D","Encombrants","02Z","Non précisé",1.55
2011,53,"Bretagne","22","Cotes-d'Armor","02E","Déblais et gravats","02A","Valorisation matière",1674.94
2011,53,"Bretagne","22","Cotes-d'Armor","02E","Déblais et gravats","02D","Stockage",1588.64
2011,53,"Bretagne","22","Cotes-d'Armor","02E","Déblais et gravats","02F","Stockage pour inertes",49812.05122
2011,53,"Bretagne","22","Cotes-d'Armor","02F","DEEE","02A","Valorisation matière",4125.7083
2011,53,"Bretagne","22","Cotes-d'Armor","02Z","Autres déchets","02A","Valorisation matière",2.71573
2011,53,"Bretagne","22","Cotes-d'Armor","02Z","Autres déchets","02Z","Non précisé",0.36
2011,53,"Bretagne","29","Finistère","02A","Déchets dangereux","02A","Valorisation matière",512.94036
2011,53,"Bretagne","29","Finistère","02A","Déchets dangereux","02B","Incinération avec récupération d'énergie",59.31099
2011,53,"Bretagne","29","Finistère","02A","Déchets dangereux","02D","Stockage",212.79229
2011,53,"Bretagne","29","Finistère","02A","Déchets dangereux","02F","Stockage pour inertes",499.78
2011,53,"Bretagne","29","Finistère","02A","Déchets dangereux","02Z","Non précisé",1118.7245
2011,53,"Bretagne","29","Finistère","02B","Matériaux recyclables","02A","Valorisation matière",24955.60682
2011,53,"Bretagne","29","Finistère","02B","Matériaux recyclables","02B","Incinération avec récupération d'énergie",3612.80445
2011,53,"Bretagne","29","Finistère","02B","Matériaux recyclables","02D","Stockage",147.97
2011,53,"Bretagne","29","Finistère","02B","Matériaux recyclables","02E","Valorisation organique",139.61318
2011,53,"Bretagne","29","Finistère","02B","Matériaux recyclables","02Z","Non précisé",4.79
2011,53,"Bretagne","29","Finistère","02C","Déchets verts","02E","Valorisation organique",143345.571
2011,53,"Bretagne","29","Finistère","02D","Encombrants","02A","Valorisation matière",27.04
2011,53,"Bretagne","29","Finistère","02D","Encombrants","02B","Incinération avec récupération d'énergie",16358.81935
2011,53,"Bretagne","29","Finistère","02D","Encombrants","02D","Stockage",50306.60607
2011,53,"Bretagne","29","Finistère","02E","Déblais et gravats","02F","Stockage pour inertes",87569.20255
2011,53,"Bretagne","29","Finistère","02F","DEEE","02A","Valorisation matière",4950.8536
2011,53,"Bretagne","29","Finistère","02Z","Autres déchets","02A","Valorisation matière",14.79
2011,53,"Bretagne","29","Finistère","02Z","Autres déchets","02B","Incinération avec récupération d'énergie",13.13
2011,53,"Bretagne","35","Ille-et-Vilaine","02A","Déchets dangereux","02A","Valorisation matière",387.30122
2011,53,"Bretagne","35","Ille-et-Vilaine","02A","Déchets dangereux","02B","Incinération avec récupération d'énergie",653.0092
2011,53,"Bretagne","35","Ille-et-Vilaine","02A","Déchets dangereux","02C","Incinération sans récupération d'énergie",14.63
2011,53,"Bretagne","35","Ille-et-Vilaine","02A","Déchets dangereux","02D","Stockage",675
2011,53,"Bretagne","35","Ille-et-Vilaine","02A","Déchets dangereux","02F","Stockage pour inertes",43.69999
2011,53,"Bretagne","35","Ille-et-Vilaine","02A","Déchets dangereux","02Z","Non précisé",473.27532
2011,53,"Bretagne","35","Ille-et-Vilaine","02B","Matériaux recyclables","02A","Valorisation matière",25568.68504
2011,53,"Bretagne","35","Ille-et-Vilaine","02B","Matériaux recyclables","02B","Incinération avec récupération d'énergie",121.9
2011,53,"Bretagne","35","Ille-et-Vilaine","02B","Matériaux recyclables","02Z","Non précisé",1.93354
2011,53,"Bretagne","35","Ille-et-Vilaine","02C","Déchets verts","02E","Valorisation organique",74422.20044
2011,53,"Bretagne","35","Ille-et-Vilaine","02D","Encombrants","02A","Valorisation matière",388.24
2011,53,"Bretagne","35","Ille-et-Vilaine","02D","Encombrants","02B","Incinération avec récupération d'énergie",11547.29787
2011,53,"Bretagne","35","Ille-et-Vilaine","02D","Encombrants","02D","Stockage",39855.28345
2011,53,"Bretagne","35","Ille-et-Vilaine","02E","Déblais et gravats","02B","Incinération avec récupération d'énergie",88.4
2011,53,"Bretagne","35","Ille-et-Vilaine","02E","Déblais et gravats","02D","Stockage",5130
2011,53,"Bretagne","35","Ille-et-Vilaine","02E","Déblais et gravats","02F","Stockage pour inertes",50611.1456
2011,53,"Bretagne","35","Ille-et-Vilaine","02F","DEEE","02A","Valorisation matière",5899.83031
2011,53,"Bretagne","35","Ille-et-Vilaine","02Z","Autres déchets","02A","Valorisation matière",13.65129
2011,53,"Bretagne","35","Ille-et-Vilaine","02Z","Autres déchets","02B","Incinération avec récupération d'énergie",11
2011,53,"Bretagne","56","Morbihan","02A","Déchets dangereux","02A","Valorisation matière",12.02065
2011,53,"Bretagne","56","Morbihan","02A","Déchets dangereux","02F","Stockage pour inertes",79.18
2011,53,"Bretagne","56","Morbihan","02A","Déchets dangereux","02Z","Non précisé",1182.65033
2011,53,"Bretagne","56","Morbihan","02B","Matériaux recyclables","02A","Valorisation matière",26687.03098
2011,53,"Bretagne","56","Morbihan","02B","Matériaux recyclables","02D","Stockage",2410.8
2011,53,"Bretagne","56","Morbihan","02B","Matériaux recyclables","02E","Valorisation organique",163.67682
2011,53,"Bretagne","56","Morbihan","02B","Matériaux recyclables","02Z","Non précisé",185.83821
2011,53,"Bretagne","56","Morbihan","02C","Déchets verts","02E","Valorisation organique",81352.10257
2011,53,"Bretagne","56","Morbihan","02D","Encombrants","02A","Valorisation matière",705.5357
2011,53,"Bretagne","56","Morbihan","02D","Encombrants","02D","Stockage",42777.13265
2011,53,"Bretagne","56","Morbihan","02D","Encombrants","02Z","Non précisé",17.64
2011,53,"Bretagne","56","Morbihan","02E","Déblais et gravats","02A","Valorisation matière",3531
2011,53,"Bretagne","56","Morbihan","02E","Déblais et gravats","02D","Stockage",805.4
2011,53,"Bretagne","56","Morbihan","02E","Déblais et gravats","02F","Stockage pour inertes",52894.57496
2011,53,"Bretagne","56","Morbihan","02F","DEEE","02A","Valorisation matière",3564.12466
2011,53,"Bretagne","56","Morbihan","02Z","Autres déchets","02A","Valorisation matière",40.57644
2011,53,"Bretagne","56","Morbihan","02Z","Autres déchets","02Z","Non précisé",106.71
2011,24,"Centre-Val de Loire","18","Cher","02A","Déchets dangereux","02A","Valorisation matière",108.2982
2011,24,"Centre-Val de Loire","18","Cher","02A","Déchets dangereux","02B","Incinération avec récupération d'énergie",158.70177
2011,24,"Centre-Val de Loire","18","Cher","02A","Déchets dangereux","02C","Incinération sans récupération d'énergie",23.43714
2011,24,"Centre-Val de Loire","18","Cher","02A","Déchets dangereux","02D","Stockage",87.06
2011,24,"Centre-Val de Loire","18","Cher","02A","Déchets dangereux","02Z","Non précisé",202.51568
2011,24,"Centre-Val de Loire","18","Cher","02B","Matériaux recyclables","02A","Valorisation matière",11614.29248
2011,24,"Centre-Val de Loire","18","Cher","02B","Matériaux recyclables","02B","Incinération avec récupération d'énergie",111.80413
2011,24,"Centre-Val de Loire","18","Cher","02B","Matériaux recyclables","02D","Stockage",10.49462
2011,24,"Centre-Val de Loire","18","Cher","02B","Matériaux recyclables","02E","Valorisation organique",436.17157
2011,24,"Centre-Val de Loire","18","Cher","02C","Déchets verts","02E","Valorisation organique",18719.46283
2011,24,"Centre-Val de Loire","18","Cher","02D","Encombrants","02A","Valorisation matière",167.20568
2011,24,"Centre-Val de Loire","18","Cher","02D","Encombrants","02D","Stockage",16445.18624
2011,24,"Centre-Val de Loire","18","Cher","02D","Encombrants","02F","Stockage pour inertes",709
2011,24,"Centre-Val de Loire","18","Cher","02D","Encombrants","02Z","Non précisé",8.57742
2011,24,"Centre-Val de Loire","18","Cher","02E","Déblais et gravats","02A","Valorisation matière",4785.33061
2011,24,"Centre-Val de Loire","18","Cher","02E","Déblais et gravats","02D","Stockage",9866.74377
2011,24,"Centre-Val de Loire","18","Cher","02E","Déblais et gravats","02F","Stockage pour inertes",2078.09901
2011,24,"Centre-Val de Loire","18","Cher","02F","DEEE","02A","Valorisation matière",908.13003
2011,24,"Centre-Val de Loire","18","Cher","02F","DEEE","02Z","Non précisé",101.897
2011,24,"Centre-Val de Loire","18","Cher","02Z","Autres déchets","02A","Valorisation matière",6.71
2011,24,"Centre-Val de Loire","18","Cher","02Z","Autres déchets","02B","Incinération avec récupération d'énergie",12.22556
2011,24,"Centre-Val de Loire","18","Cher","02Z","Autres déchets","02D","Stockage",586.08369
2011,24,"Centre-Val de Loire","18","Cher","02Z","Autres déchets","02Z","Non précisé",0.84036
2011,24,"Centre-Val de Loire","28","Eure-et-Loir","02A","Déchets dangereux","02A","Valorisation matière",958.49908
2011,24,"Centre-Val de Loire","28","Eure-et-Loir","02A","Déchets dangereux","02B","Incinération avec récupération d'énergie",0.41
2011,24,"Centre-Val de Loire","28","Eure-et-Loir","02A","Déchets dangereux","02C","Incinération sans récupération d'énergie",0.56
2011,24,"Centre-Val de Loire","28","Eure-et-Loir","02A","Déchets dangereux","02Z","Non précisé",50.82765
2011,24,"Centre-Val de Loire","28","Eure-et-Loir","02B","Matériaux recyclables","02A","Valorisation matière",14515.77232
2011,24,"Centre-Val de Loire","28","Eure-et-Loir","02B","Matériaux recyclables","02B","Incinération avec récupération d'énergie",1348.25541
2011,24,"Centre-Val de Loire","28","Eure-et-Loir","02B","Matériaux recyclables","02E","Valorisation organique",0.01312
2011,24,"Centre-Val de Loire","28","Eure-et-Loir","02B","Matériaux recyclables","02Z","Non précisé",81.46655
2011,24,"Centre-Val de Loire","28","Eure-et-Loir","02C","Déchets verts","02E","Valorisation organique",31083.5116
2011,24,"Centre-Val de Loire","28","Eure-et-Loir","02D","Encombrants","02A","Valorisation matière",9.68
2011,24,"Centre-Val de Loire","28","Eure-et-Loir","02D","Encombrants","02B","Incinération avec récupération d'énergie",90.4949
2011,24,"Centre-Val de Loire","28","Eure-et-Loir","02D","Encombrants","02D","Stockage",29800.12004
2011,24,"Centre-Val de Loire","28","Eure-et-Loir","02E","Déblais et gravats","02A","Valorisation matière",150.68553
2011,24,"Centre-Val de Loire","28","Eure-et-Loir","02E","Déblais et gravats","02D","Stockage",164
2011,24,"Centre-Val de Loire","28","Eure-et-Loir","02E","Déblais et gravats","02F","Stockage pour inertes",28172.73297
2011,24,"Centre-Val de Loire","28","Eure-et-Loir","02E","Déblais et gravats","02Z","Non précisé",151.6759
2011,24,"Centre-Val de Loire","28","Eure-et-Loir","02F","DEEE","02A","Valorisation matière",2468.3308
2011,24,"Centre-Val de Loire","28","Eure-et-Loir","02Z","Autres déchets","02E","Valorisation organique",2
2011,24,"Centre-Val de Loire","36","Indre","02A","Déchets dangereux","02A","Valorisation matière",260.26388
2011,24,"Centre-Val de Loire","36","Indre","02A","Déchets dangereux","02B","Incinération avec récupération d'énergie",9.873
2011,24,"Centre-Val de Loire","36","Indre","02A","Déchets dangereux","02C","Incinération sans récupération d'énergie",25.64178
2011,24,"Centre-Val de Loire","36","Indre","02A","Déchets dangereux","02Z","Non précisé",205.15419
2011,24,"Centre-Val de Loire","36","Indre","02B","Matériaux recyclables","02A","Valorisation matière",5698.57064
2011,24,"Centre-Val de Loire","36","Indre","02B","Matériaux recyclables","02B","Incinération avec récupération d'énergie",225.42587
2011,24,"Centre-Val de Loire","36","Indre","02B","Matériaux recyclables","02E","Valorisation organique",158
2011,24,"Centre-Val de Loire","36","Indre","02B","Matériaux recyclables","02Z","Non précisé",7.68
2011,24,"Centre-Val de Loire","36","Indre","02C","Déchets verts","02A","Valorisation matière",120
2011,24,"Centre-Val de Loire","36","Indre","02C","Déchets verts","02D","Stockage",197.78
2011,24,"Centre-Val de Loire","36","Indre","02C","Déchets verts","02E","Valorisation organique",13902.28366
2011,24,"Centre-Val de Loire","36","Indre","02C","Déchets verts","02Z","Non précisé",1813.95
2011,24,"Centre-Val de Loire","36","Indre","02D","Encombrants","02A","Valorisation matière",1498.79432
2011,24,"Centre-Val de Loire","36","Indre","02D","Encombrants","02D","Stockage",12376.72071
2011,24,"Centre-Val de Loire","36","Indre","02E","Déblais et gravats","02A","Valorisation matière",1468.7021
2011,24,"Centre-Val de Loire","36","Indre","02E","Déblais et gravats","02D","Stockage",1288.91165
2011,24,"Centre-Val de Loire","36","Indre","02E","Déblais et gravats","02F","Stockage pour inertes",7020.60099
2011,24,"Centre-Val de Loire","36","Indre","02E","Déblais et gravats","02Z","Non précisé",236
2011,24,"Centre-Val de Loire","36","Indre","02F","DEEE","02A","Valorisation matière",1315.80879
2011,24,"Centre-Val de Loire","36","Indre","02F","DEEE","02Z","Non précisé",83.03581
2011,24,"Centre-Val de Loire","37","Indre-et-Loire","02A","Déchets dangereux","02A","Valorisation matière",446.07236
2011,24,"Centre-Val de Loire","37","Indre-et-Loire","02A","Déchets dangereux","02B","Incinération avec récupération d'énergie",69.47677
2011,24,"Centre-Val de Loire","37","Indre-et-Loire","02A","Déchets dangereux","02C","Incinération sans récupération d'énergie",187.265
2011,24,"Centre-Val de Loire","37","Indre-et-Loire","02A","Déchets dangereux","02D","Stockage",65.513
2011,24,"Centre-Val de Loire","37","Indre-et-Loire","02A","Déchets dangereux","02Z","Non précisé",76.68786
2011,24,"Centre-Val de Loire","37","Indre-et-Loire","02B","Matériaux recyclables","02A","Valorisation matière",14876.57854
2011,24,"Centre-Val de Loire","37","Indre-et-Loire","02B","Matériaux recyclables","02B","Incinération avec récupération d'énergie",1320.11874
2011,24,"Centre-Val de Loire","37","Indre-et-Loire","02B","Matériaux recyclables","02C","Incinération sans récupération d'énergie",0.935
2011,24,"Centre-Val de Loire","37","Indre-et-Loire","02B","Matériaux recyclables","02E","Valorisation organique",141.39586
2011,24,"Centre-Val de Loire","37","Indre-et-Loire","02B","Matériaux recyclables","02Z","Non précisé",173.089
2011,24,"Centre-Val de Loire","37","Indre-et-Loire","02C","Déchets verts","02E","Valorisation organique",32996.30697
2011,24,"Centre-Val de Loire","37","Indre-et-Loire","02C","Déchets verts","02Z","Non précisé",192.24
2011,24,"Centre-Val de Loire","37","Indre-et-Loire","02D","Encombrants","02A","Valorisation matière",65.864
2011,24,"Centre-Val de Loire","37","Indre-et-Loire","02D","Encombrants","02B","Incinération avec récupération d'énergie",1016.70708
2011,24,"Centre-Val de Loire","37","Indre-et-Loire","02D","Encombrants","02D","Stockage",23753.99673
2011,24,"Centre-Val de Loire","37","Indre-et-Loire","02D","Encombrants","02Z","Non précisé",209.8
2011,24,"Centre-Val de Loire","37","Indre-et-Loire","02E","Déblais et gravats","02A","Valorisation matière",12095.85489
2011,24,"Centre-Val de Loire","37","Indre-et-Loire","02E","Déblais et gravats","02D","Stockage",7725.5
2011,24,"Centre-Val de Loire","37","Indre-et-Loire","02E","Déblais et gravats","02F","Stockage pour inertes",12453.94033
2011,24,"Centre-Val de Loire","37","Indre-et-Loire","02E","Déblais et gravats","02Z","Non précisé",145.6
2011,24,"Centre-Val de Loire","37","Indre-et-Loire","02F","DEEE","02A","Valorisation matière",2339.36347
2011,24,"Centre-Val de Loire","37","Indre-et-Loire","02Z","Autres déchets","02A","Valorisation matière",231.63603
2011,24,"Centre-Val de Loire","37","Indre-et-Loire","02Z","Autres déchets","02D","Stockage",1110
2011,24,"Centre-Val de Loire","41","Loir-et-Cher","02A","Déchets dangereux","02A","Valorisation matière",80.87909
2011,24,"Centre-Val de Loire","41","Loir-et-Cher","02A","Déchets dangereux","02B","Incinération avec récupération d'énergie",162.80864
2011,24,"Centre-Val de Loire","41","Loir-et-Cher","02A","Déchets dangereux","02C","Incinération sans récupération d'énergie",86.227
2011,24,"Centre-Val de Loire","41","Loir-et-Cher","02A","Déchets dangereux","02D","Stockage",0.648
2011,24,"Centre-Val de Loire","41","Loir-et-Cher","02A","Déchets dangereux","02Z","Non précisé",70.873
2011,24,"Centre-Val de Loire","41","Loir-et-Cher","02B","Matériaux recyclables","02A","Valorisation matière",9119.73007
2011,24,"Centre-Val de Loire","41","Loir-et-Cher","02B","Matériaux recyclables","02B","Incinération avec récupération d'énergie",12.46126
2011,24,"Centre-Val de Loire","41","Loir-et-Cher","02B","Matériaux recyclables","02E","Valorisation organique",1309.36
2011,24,"Centre-Val de Loire","41","Loir-et-Cher","02B","Matériaux recyclables","02Z","Non précisé",74
2011,24,"Centre-Val de Loire","41","Loir-et-Cher","02C","Déchets verts","02A","Valorisation matière",2952.31
2011,24,"Centre-Val de Loire","41","Loir-et-Cher","02C","Déchets verts","02E","Valorisation organique",24237.88157
2011,24,"Centre-Val de Loire","41","Loir-et-Cher","02D","Encombrants","02A","Valorisation matière",8.05082
2011,24,"Centre-Val de Loire","41","Loir-et-Cher","02D","Encombrants","02B","Incinération avec récupération d'énergie",3039.72
2011,24,"Centre-Val de Loire","41","Loir-et-Cher","02D","Encombrants","02C","Incinération sans récupération d'énergie",893.18
2011,24,"Centre-Val de Loire","41","Loir-et-Cher","02D","Encombrants","02D","Stockage",20337.61173
2011,24,"Centre-Val de Loire","41","Loir-et-Cher","02D","Encombrants","02Z","Non précisé",31.92
2011,24,"Centre-Val de Loire","41","Loir-et-Cher","02E","Déblais et gravats","02A","Valorisation matière",1848.82023
2011,24,"Centre-Val de Loire","41","Loir-et-Cher","02E","Déblais et gravats","02D","Stockage",102
2011,24,"Centre-Val de Loire","41","Loir-et-Cher","02E","Déblais et gravats","02F","Stockage pour inertes",21713.98523
2011,24,"Centre-Val de Loire","41","Loir-et-Cher","02F","DEEE","02A","Valorisation matière",1263.68979
2011,24,"Centre-Val de Loire","41","Loir-et-Cher","02Z","Autres déchets","02A","Valorisation matière",2.4156
2011,24,"Centre-Val de Loire","41","Loir-et-Cher","02Z","Autres déchets","02B","Incinération avec récupération d'énergie",2.864
2011,24,"Centre-Val de Loire","41","Loir-et-Cher","02Z","Autres déchets","02F","Stockage pour inertes",224
2011,24,"Centre-Val de Loire","41","Loir-et-Cher","02Z","Autres déchets","02Z","Non précisé",1.354
2011,24,"Centre-Val de Loire","45","Loiret","02A","Déchets dangereux","02A","Valorisation matière",832.68586
2011,24,"Centre-Val de Loire","45","Loiret","02A","Déchets dangereux","02B","Incinération avec récupération d'énergie",2.377
2011,24,"Centre-Val de Loire","45","Loiret","02A","Déchets dangereux","02Z","Non précisé",99.83283
2011,24,"Centre-Val de Loire","45","Loiret","02B","Matériaux recyclables","02A","Valorisation matière",21659.79662
2011,24,"Centre-Val de Loire","45","Loiret","02B","Matériaux recyclables","02Z","Non précisé",484.66
2011,24,"Centre-Val de Loire","45","Loiret","02C","Déchets verts","02A","Valorisation matière",795.78
2011,24,"Centre-Val de Loire","45","Loiret","02C","Déchets verts","02E","Valorisation organique",50437.72765
2011,24,"Centre-Val de Loire","45","Loiret","02D","Encombrants","02A","Valorisation matière",3767.25715
2011,24,"Centre-Val de Loire","45","Loiret","02D","Encombrants","02B","Incinération avec récupération d'énergie",4711.69987
2011,24,"Centre-Val de Loire","45","Loiret","02D","Encombrants","02D","Stockage",32816.83281
2011,24,"Centre-Val de Loire","45","Loiret","02E","Déblais et gravats","02A","Valorisation matière",6819.37061
2011,24,"Centre-Val de Loire","45","Loiret","02E","Déblais et gravats","02D","Stockage",5242.81
2011,24,"Centre-Val de Loire","45","Loiret","02E","Déblais et gravats","02E","Valorisation organique",15838.61
2011,24,"Centre-Val de Loire","45","Loiret","02E","Déblais et gravats","02F","Stockage pour inertes",14206.26906
2011,24,"Centre-Val de Loire","45","Loiret","02F","DEEE","02A","Valorisation matière",3798.23278
2011,24,"Centre-Val de Loire","45","Loiret","02Z","Autres déchets","02A","Valorisation matière",6.8585
2011,24,"Centre-Val de Loire","45","Loiret","02Z","Autres déchets","02B","Incinération avec récupération d'énergie",57.67
2011,94,"Corse","2A","Corse-du-Sud","02A","Déchets dangereux","02A","Valorisation matière",20.79001
2011,94,"Corse","2A","Corse-du-Sud","02A","Déchets dangereux","02B","Incinération avec récupération d'énergie",2.5
2011,94,"Corse","2A","Corse-du-Sud","02B","Matériaux recyclables","02A","Valorisation matière",592.5
2011,94,"Corse","2A","Corse-du-Sud","02C","Déchets verts","02E","Valorisation organique",1654.5
2011,94,"Corse","2A","Corse-du-Sud","02D","Encombrants","02D","Stockage",2596
2011,94,"Corse","2A","Corse-du-Sud","02D","Encombrants","02Z","Non précisé",6107
2011,94,"Corse","2A","Corse-du-Sud","02E","Déblais et gravats","02A","Valorisation matière",2995.5
2011,94,"Corse","2A","Corse-du-Sud","02E","Déblais et gravats","02D","Stockage",1171
2011,94,"Corse","2A","Corse-du-Sud","02F","DEEE","02A","Valorisation matière",469.99999
2011,94,"Corse","2A","Corse-du-Sud","02Z","Autres déchets","02A","Valorisation matière",1.3
2011,94,"Corse","2A","Corse-du-Sud","02Z","Autres déchets","02B","Incinération avec récupération d'énergie",3.9
2011,94,"Corse","2B","Haute-Corse","02A","Déchets dangereux","02Z","Non précisé",3.2
2011,94,"Corse","2B","Haute-Corse","02B","Matériaux recyclables","02A","Valorisation matière",5299
2011,94,"Corse","2B","Haute-Corse","02B","Matériaux recyclables","02Z","Non précisé",781.84
2011,94,"Corse","2B","Haute-Corse","02C","Déchets verts","02D","Stockage",691
2011,94,"Corse","2B","Haute-Corse","02C","Déchets verts","02E","Valorisation organique",3845.00001
2011,94,"Corse","2B","Haute-Corse","02C","Déchets verts","02Z","Non précisé",402.34
2011,94,"Corse","2B","Haute-Corse","02D","Encombrants","02A","Valorisation matière",448
2011,94,"Corse","2B","Haute-Corse","02D","Encombrants","02D","Stockage",5300
2011,94,"Corse","2B","Haute-Corse","02D","Encombrants","02Z","Non précisé",609
2011,94,"Corse","2B","Haute-Corse","02E","Déblais et gravats","02A","Valorisation matière",1870
2011,94,"Corse","2B","Haute-Corse","02E","Déblais et gravats","02D","Stockage",6666
2011,94,"Corse","2B","Haute-Corse","02E","Déblais et gravats","02Z","Non précisé",227.64
2011,94,"Corse","2B","Haute-Corse","02F","DEEE","02A","Valorisation matière",1131
2011,94,"Corse","2B","Haute-Corse","02F","DEEE","02Z","Non précisé",276.7
2011,94,"Corse","2B","Haute-Corse","02Z","Autres déchets","02D","Stockage",20
2011,94,"Corse","2B","Haute-Corse","02Z","Autres déchets","02Z","Non précisé",1126.023
2011,97,"Dom-Com","971","Guadeloupe","02A","Déchets dangereux","02A","Valorisation matière",423.26
2011,97,"Dom-Com","971","Guadeloupe","02A","Déchets dangereux","02C","Incinération sans récupération d'énergie",29.8486
2011,97,"Dom-Com","971","Guadeloupe","02B","Matériaux recyclables","02A","Valorisation matière",1079.78
2011,97,"Dom-Com","971","Guadeloupe","02C","Déchets verts","02D","Stockage",2300
2011,97,"Dom-Com","971","Guadeloupe","02C","Déchets verts","02E","Valorisation organique",3205.97
2011,97,"Dom-Com","971","Guadeloupe","02D","Encombrants","02D","Stockage",3302.81
2011,97,"Dom-Com","971","Guadeloupe","02D","Encombrants","02Z","Non précisé",1970.5
2011,97,"Dom-Com","971","Guadeloupe","02E","Déblais et gravats","02D","Stockage",697.67599
2011,97,"Dom-Com","971","Guadeloupe","02E","Déblais et gravats","02F","Stockage pour inertes",24.9
2011,97,"Dom-Com","971","Guadeloupe","02F","DEEE","02A","Valorisation matière",585.45
2011,97,"Dom-Com","971","Guadeloupe","02Z","Autres déchets","02A","Valorisation matière",1
2011,97,"Dom-Com","971","Guadeloupe","02Z","Autres déchets","02C","Incinération sans récupération d'énergie",2
2011,97,"Dom-Com","972","Martinique","02A","Déchets dangereux","02A","Valorisation matière",188.219
2011,97,"Dom-Com","972","Martinique","02A","Déchets dangereux","02B","Incinération avec récupération d'énergie",3.6266
2011,97,"Dom-Com","972","Martinique","02B","Matériaux recyclables","02A","Valorisation matière",1612.403
2011,97,"Dom-Com","972","Martinique","02B","Matériaux recyclables","02D","Stockage",83.72
2011,97,"Dom-Com","972","Martinique","02B","Matériaux recyclables","02E","Valorisation organique",96.66
2011,97,"Dom-Com","972","Martinique","02C","Déchets verts","02E","Valorisation organique",2736.5
2011,97,"Dom-Com","972","Martinique","02D","Encombrants","02A","Valorisation matière",17.72
2011,97,"Dom-Com","972","Martinique","02D","Encombrants","02D","Stockage",4103.13
2011,97,"Dom-Com","972","Martinique","02E","Déblais et gravats","02A","Valorisation matière",44.48
2011,97,"Dom-Com","972","Martinique","02E","Déblais et gravats","02D","Stockage",649.74
2011,97,"Dom-Com","972","Martinique","02F","DEEE","02A","Valorisation matière",736.569
2011,97,"Dom-Com","973","Guyane","02A","Déchets dangereux","02A","Valorisation matière",18.219
2011,97,"Dom-Com","973","Guyane","02A","Déchets dangereux","02C","Incinération sans récupération d'énergie",13.424
2011,97,"Dom-Com","973","Guyane","02B","Matériaux recyclables","02A","Valorisation matière",892.158
2011,97,"Dom-Com","973","Guyane","02B","Matériaux recyclables","02C","Incinération sans récupération d'énergie",1.492
2011,97,"Dom-Com","973","Guyane","02B","Matériaux recyclables","02D","Stockage",940.72
2011,97,"Dom-Com","973","Guyane","02C","Déchets verts","02E","Valorisation organique",540.29
2011,97,"Dom-Com","973","Guyane","02D","Encombrants","02A","Valorisation matière",16.997
2011,97,"Dom-Com","973","Guyane","02D","Encombrants","02D","Stockage",533.74
2011,97,"Dom-Com","973","Guyane","02E","Déblais et gravats","02D","Stockage",393.5
2011,97,"Dom-Com","973","Guyane","02F","DEEE","02A","Valorisation matière",210.9
2011,97,"Dom-Com","974","Réunion","02A","Déchets dangereux","02A","Valorisation matière",1799.43839
2011,97,"Dom-Com","974","Réunion","02A","Déchets dangereux","02B","Incinération avec récupération d'énergie",29.015
2011,97,"Dom-Com","974","Réunion","02B","Matériaux recyclables","02A","Valorisation matière",8330.25
2011,97,"Dom-Com","974","Réunion","02B","Matériaux recyclables","02Z","Non précisé",1390.66
2011,97,"Dom-Com","974","Réunion","02C","Déchets verts","02A","Valorisation matière",3130
2011,97,"Dom-Com","974","Réunion","02C","Déchets verts","02E","Valorisation organique",8989.49
2011,97,"Dom-Com","974","Réunion","02D","Encombrants","02A","Valorisation matière",892.3
2011,97,"Dom-Com","974","Réunion","02D","Encombrants","02B","Incinération avec récupération d'énergie",1164
2011,97,"Dom-Com","974","Réunion","02D","Encombrants","02C","Incinération sans récupération d'énergie",1580
2011,97,"Dom-Com","974","Réunion","02D","Encombrants","02D","Stockage",13826.91
2011,97,"Dom-Com","974","Réunion","02E","Déblais et gravats","02A","Valorisation matière",3947.22
2011,97,"Dom-Com","974","Réunion","02E","Déblais et gravats","02D","Stockage",3640.46
2011,97,"Dom-Com","974","Réunion","02E","Déblais et gravats","02F","Stockage pour inertes",2343.88
2011,97,"Dom-Com","974","Réunion","02E","Déblais et gravats","02Z","Non précisé",310.04
2011,97,"Dom-Com","974","Réunion","02F","DEEE","02A","Valorisation matière",2312.758
2011,97,"Dom-Com","974","Réunion","02Z","Autres déchets","02D","Stockage",125
2011,97,"Dom-Com","974","Réunion","02Z","Autres déchets","02Z","Non précisé",2.4
2011,44,"Grand-Est","08","Ardennes","02A","Déchets dangereux","02A","Valorisation matière",117.911
2011,44,"Grand-Est","08","Ardennes","02A","Déchets dangereux","02B","Incinération avec récupération d'énergie",37.355
2011,44,"Grand-Est","08","Ardennes","02A","Déchets dangereux","02C","Incinération sans récupération d'énergie",67.552
2011,44,"Grand-Est","08","Ardennes","02A","Déchets dangereux","02D","Stockage",10.3
2011,44,"Grand-Est","08","Ardennes","02A","Déchets dangereux","02Z","Non précisé",102.21499
2011,44,"Grand-Est","08","Ardennes","02B","Matériaux recyclables","02A","Valorisation matière",5011.3
2011,44,"Grand-Est","08","Ardennes","02B","Matériaux recyclables","02B","Incinération avec récupération d'énergie",1654.131
2011,44,"Grand-Est","08","Ardennes","02B","Matériaux recyclables","02E","Valorisation organique",2531.27999
2011,44,"Grand-Est","08","Ardennes","02B","Matériaux recyclables","02Z","Non précisé",0.85
2011,44,"Grand-Est","08","Ardennes","02C","Déchets verts","02B","Incinération avec récupération d'énergie",166.49
2011,44,"Grand-Est","08","Ardennes","02C","Déchets verts","02E","Valorisation organique",11345.74
2011,44,"Grand-Est","08","Ardennes","02D","Encombrants","02A","Valorisation matière",10.089
2011,44,"Grand-Est","08","Ardennes","02D","Encombrants","02D","Stockage",16320.44
2011,44,"Grand-Est","08","Ardennes","02E","Déblais et gravats","02A","Valorisation matière",3327
2011,44,"Grand-Est","08","Ardennes","02E","Déblais et gravats","02D","Stockage",290.78
2011,44,"Grand-Est","08","Ardennes","02E","Déblais et gravats","02F","Stockage pour inertes",6793.34
2011,44,"Grand-Est","08","Ardennes","02F","DEEE","02A","Valorisation matière",1517.567
2011,44,"Grand-Est","08","Ardennes","02F","DEEE","02D","Stockage",183.22
2011,44,"Grand-Est","08","Ardennes","02Z","Autres déchets","02A","Valorisation matière",3.84
2011,44,"Grand-Est","08","Ardennes","02Z","Autres déchets","02B","Incinération avec récupération d'énergie",0.36
2011,44,"Grand-Est","08","Ardennes","02Z","Autres déchets","02D","Stockage",92.85
2011,44,"Grand-Est","08","Ardennes","02Z","Autres déchets","02Z","Non précisé",10.844
2011,44,"Grand-Est","10","Aube","02A","Déchets dangereux","02A","Valorisation matière",58.79099
2011,44,"Grand-Est","10","Aube","02A","Déchets dangereux","02B","Incinération avec récupération d'énergie",11.84
2011,44,"Grand-Est","10","Aube","02A","Déchets dangereux","02C","Incinération sans récupération d'énergie",354.00032
2011,44,"Grand-Est","10","Aube","02A","Déchets dangereux","02Z","Non précisé",12.47652
2011,44,"Grand-Est","10","Aube","02B","Matériaux recyclables","02A","Valorisation matière",6621.7703
2011,44,"Grand-Est","10","Aube","02B","Matériaux recyclables","02B","Incinération avec récupération d'énergie",61.18
2011,44,"Grand-Est","10","Aube","02B","Matériaux recyclables","02C","Incinération sans récupération d'énergie",1.47276
2011,44,"Grand-Est","10","Aube","02B","Matériaux recyclables","02E","Valorisation organique",110.98813
2011,44,"Grand-Est","10","Aube","02C","Déchets verts","02A","Valorisation matière",646.47366
2011,44,"Grand-Est","10","Aube","02C","Déchets verts","02D","Stockage",132
2011,44,"Grand-Est","10","Aube","02C","Déchets verts","02E","Valorisation organique",12615.8254
2011,44,"Grand-Est","10","Aube","02D","Encombrants","02A","Valorisation matière",2103.78604
2011,44,"Grand-Est","10","Aube","02D","Encombrants","02D","Stockage",13780.06138
2011,44,"Grand-Est","10","Aube","02E","Déblais et gravats","02D","Stockage",3827.70616
2011,44,"Grand-Est","10","Aube","02E","Déblais et gravats","02E","Valorisation organique",594.34
2011,44,"Grand-Est","10","Aube","02E","Déblais et gravats","02F","Stockage pour inertes",10324.04
2011,44,"Grand-Est","10","Aube","02E","Déblais et gravats","02Z","Non précisé",467
2011,44,"Grand-Est","10","Aube","02F","DEEE","02A","Valorisation matière",1182.73238
2011,44,"Grand-Est","10","Aube","02F","DEEE","02Z","Non précisé",138.18984
2011,44,"Grand-Est","10","Aube","02Z","Autres déchets","02A","Valorisation matière",453.3959
2011,44,"Grand-Est","10","Aube","02Z","Autres déchets","02C","Incinération sans récupération d'énergie",0.34283
2011,44,"Grand-Est","10","Aube","02Z","Autres déchets","02D","Stockage",1113.85001
2011,44,"Grand-Est","10","Aube","02Z","Autres déchets","02Z","Non précisé",0.57
2011,44,"Grand-Est","51","Marne","02A","Déchets dangereux","02A","Valorisation matière",85.87985
2011,44,"Grand-Est","51","Marne","02A","Déchets dangereux","02B","Incinération avec récupération d'énergie",8.4429
2011,44,"Grand-Est","51","Marne","02A","Déchets dangereux","02C","Incinération sans récupération d'énergie",446.236
2011,44,"Grand-Est","51","Marne","02A","Déchets dangereux","02D","Stockage",78.78
2011,44,"Grand-Est","51","Marne","02A","Déchets dangereux","02F","Stockage pour inertes",11.26423
2011,44,"Grand-Est","51","Marne","02A","Déchets dangereux","02Z","Non précisé",343.03008
2011,44,"Grand-Est","51","Marne","02B","Matériaux recyclables","02A","Valorisation matière",15070.59859
2011,44,"Grand-Est","51","Marne","02B","Matériaux recyclables","02E","Valorisation organique",80.96358
2011,44,"Grand-Est","51","Marne","02B","Matériaux recyclables","02Z","Non précisé",14.93967
2011,44,"Grand-Est","51","Marne","02C","Déchets verts","02E","Valorisation organique",21733.26729
2011,44,"Grand-Est","51","Marne","02D","Encombrants","02A","Valorisation matière",35.86774
2011,44,"Grand-Est","51","Marne","02D","Encombrants","02B","Incinération avec récupération d'énergie",8277.65648
2011,44,"Grand-Est","51","Marne","02D","Encombrants","02D","Stockage",23461.0219
2011,44,"Grand-Est","51","Marne","02D","Encombrants","02F","Stockage pour inertes",1636.87
2011,44,"Grand-Est","51","Marne","02E","Déblais et gravats","02A","Valorisation matière",19134.97
2011,44,"Grand-Est","51","Marne","02E","Déblais et gravats","02D","Stockage",6777.60123
2011,44,"Grand-Est","51","Marne","02E","Déblais et gravats","02F","Stockage pour inertes",1069.8839
2011,44,"Grand-Est","51","Marne","02F","DEEE","02A","Valorisation matière",2806.97595
2011,44,"Grand-Est","51","Marne","02Z","Autres déchets","02A","Valorisation matière",0.70367
2011,44,"Grand-Est","51","Marne","02Z","Autres déchets","02B","Incinération avec récupération d'énergie",2.83467
2011,44,"Grand-Est","51","Marne","02Z","Autres déchets","02D","Stockage",22.65864
2011,44,"Grand-Est","52","Haute-Marne","02A","Déchets dangereux","02A","Valorisation matière",43.70855
2011,44,"Grand-Est","52","Haute-Marne","02A","Déchets dangereux","02C","Incinération sans récupération d'énergie",0.02866
2011,44,"Grand-Est","52","Haute-Marne","02A","Déchets dangereux","02F","Stockage pour inertes",98.13003
2011,44,"Grand-Est","52","Haute-Marne","02A","Déchets dangereux","02Z","Non précisé",196.49296
2011,44,"Grand-Est","52","Haute-Marne","02B","Matériaux recyclables","02A","Valorisation matière",3202.22967
2011,44,"Grand-Est","52","Haute-Marne","02B","Matériaux recyclables","02E","Valorisation organique",833.6522
2011,44,"Grand-Est","52","Haute-Marne","02B","Matériaux recyclables","02Z","Non précisé",119.69537
2011,44,"Grand-Est","52","Haute-Marne","02C","Déchets verts","02E","Valorisation organique",7651.57747
2011,44,"Grand-Est","52","Haute-Marne","02D","Encombrants","02A","Valorisation matière",110.13641
2011,44,"Grand-Est","52","Haute-Marne","02D","Encombrants","02B","Incinération avec récupération d'énergie",8685.44114
2011,44,"Grand-Est","52","Haute-Marne","02D","Encombrants","02D","Stockage",11.35592
2011,44,"Grand-Est","52","Haute-Marne","02E","Déblais et gravats","02F","Stockage pour inertes",8038.90628
2011,44,"Grand-Est","52","Haute-Marne","02F","DEEE","02A","Valorisation matière",753.02338
2011,44,"Grand-Est","52","Haute-Marne","02F","DEEE","02Z","Non précisé",0.23771
2011,44,"Grand-Est","52","Haute-Marne","02Z","Autres déchets","02A","Valorisation matière",7.90075
2011,44,"Grand-Est","52","Haute-Marne","02Z","Autres déchets","02D","Stockage",7.64999
2011,44,"Grand-Est","54","Meurthe-et-Moselle","02A","Déchets dangereux","02A","Valorisation matière",264.82911
2011,44,"Grand-Est","54","Meurthe-et-Moselle","02A","Déchets dangereux","02C","Incinération sans récupération d'énergie",553.3566
2011,44,"Grand-Est","54","Meurthe-et-Moselle","02A","Déchets dangereux","02D","Stockage",9.94282
2011,44,"Grand-Est","54","Meurthe-et-Moselle","02A","Déchets dangereux","02F","Stockage pour inertes",57.52229
2011,44,"Grand-Est","54","Meurthe-et-Moselle","02A","Déchets dangereux","02Z","Non précisé",205.72534
2011,44,"Grand-Est","54","Meurthe-et-Moselle","02B","Matériaux recyclables","02A","Valorisation matière",8528.12263
2011,44,"Grand-Est","54","Meurthe-et-Moselle","02B","Matériaux recyclables","02B","Incinération avec récupération d'énergie",9478.18
2011,44,"Grand-Est","54","Meurthe-et-Moselle","02B","Matériaux recyclables","02E","Valorisation organique",2980.64771
2011,44,"Grand-Est","54","Meurthe-et-Moselle","02B","Matériaux recyclables","02Z","Non précisé",2711.35501
2011,44,"Grand-Est","54","Meurthe-et-Moselle","02C","Déchets verts","02E","Valorisation organique",18385.40569
2011,44,"Grand-Est","54","Meurthe-et-Moselle","02D","Encombrants","02A","Valorisation matière",2770.02
2011,44,"Grand-Est","54","Meurthe-et-Moselle","02D","Encombrants","02B","Incinération avec récupération d'énergie",15.97127
2011,44,"Grand-Est","54","Meurthe-et-Moselle","02D","Encombrants","02D","Stockage",35722.89301
2011,44,"Grand-Est","54","Meurthe-et-Moselle","02D","Encombrants","02Z","Non précisé",62.04048
2011,44,"Grand-Est","54","Meurthe-et-Moselle","02E","Déblais et gravats","02A","Valorisation matière",1848.17787
2011,44,"Grand-Est","54","Meurthe-et-Moselle","02E","Déblais et gravats","02E","Valorisation organique",468.94
2011,44,"Grand-Est","54","Meurthe-et-Moselle","02E","Déblais et gravats","02F","Stockage pour inertes",12156.34844
2011,44,"Grand-Est","54","Meurthe-et-Moselle","02E","Déblais et gravats","02Z","Non précisé",20260.32937
2011,44,"Grand-Est","54","Meurthe-et-Moselle","02F","DEEE","02A","Valorisation matière",1235.72819
2011,44,"Grand-Est","54","Meurthe-et-Moselle","02F","DEEE","02Z","Non précisé",2229.98675
2011,44,"Grand-Est","54","Meurthe-et-Moselle","02Z","Autres déchets","02A","Valorisation matière",1.47686
2011,44,"Grand-Est","54","Meurthe-et-Moselle","02Z","Autres déchets","02B","Incinération avec récupération d'énergie",1.86
2011,44,"Grand-Est","54","Meurthe-et-Moselle","02Z","Autres déchets","02Z","Non précisé",7.76799
2011,44,"Grand-Est","55","Meuse","02A","Déchets dangereux","02A","Valorisation matière",3.00193
2011,44,"Grand-Est","55","Meuse","02A","Déchets dangereux","02C","Incinération sans récupération d'énergie",8.26702
2011,44,"Grand-Est","55","Meuse","02A","Déchets dangereux","02Z","Non précisé",285.51657
2011,44,"Grand-Est","55","Meuse","02B","Matériaux recyclables","02A","Valorisation matière",1210.52399
2011,44,"Grand-Est","55","Meuse","02B","Matériaux recyclables","02B","Incinération avec récupération d'énergie",23
2011,44,"Grand-Est","55","Meuse","02B","Matériaux recyclables","02E","Valorisation organique",35
2011,44,"Grand-Est","55","Meuse","02B","Matériaux recyclables","02Z","Non précisé",1593.20322
2011,44,"Grand-Est","55","Meuse","02C","Déchets verts","02E","Valorisation organique",5365.21117
2011,44,"Grand-Est","55","Meuse","02C","Déchets verts","02Z","Non précisé",1135
2011,44,"Grand-Est","55","Meuse","02D","Encombrants","02A","Valorisation matière",22
2011,44,"Grand-Est","55","Meuse","02D","Encombrants","02D","Stockage",10618.21768
2011,44,"Grand-Est","55","Meuse","02D","Encombrants","02Z","Non précisé",3476.39739
2011,44,"Grand-Est","55","Meuse","02E","Déblais et gravats","02D","Stockage",85
2011,44,"Grand-Est","55","Meuse","02E","Déblais et gravats","02F","Stockage pour inertes",2616.38401
2011,44,"Grand-Est","55","Meuse","02E","Déblais et gravats","02Z","Non précisé",2647
2011,44,"Grand-Est","55","Meuse","02F","DEEE","02A","Valorisation matière",153.70736
2011,44,"Grand-Est","55","Meuse","02F","DEEE","02Z","Non précisé",694
2011,44,"Grand-Est","55","Meuse","02Z","Autres déchets","02A","Valorisation matière",0.00193
2011,44,"Grand-Est","55","Meuse","02Z","Autres déchets","02Z","Non précisé",0.12
2011,44,"Grand-Est","57","Moselle","02A","Déchets dangereux","02A","Valorisation matière",131.98716
2011,44,"Grand-Est","57","Moselle","02A","Déchets dangereux","02B","Incinération avec récupération d'énergie",26.9755
2011,44,"Grand-Est","57","Moselle","02A","Déchets dangereux","02C","Incinération sans récupération d'énergie",845.83602
2011,44,"Grand-Est","57","Moselle","02A","Déchets dangereux","02Z","Non précisé",553.13702
2011,44,"Grand-Est","57","Moselle","02B","Matériaux recyclables","02A","Valorisation matière",28633.88712
2011,44,"Grand-Est","57","Moselle","02B","Matériaux recyclables","02B","Incinération avec récupération d'énergie",3143.15
2011,44,"Grand-Est","57","Moselle","02B","Matériaux recyclables","02C","Incinération sans récupération d'énergie",3.44
2011,44,"Grand-Est","57","Moselle","02B","Matériaux recyclables","02E","Valorisation organique",2886
2011,44,"Grand-Est","57","Moselle","02B","Matériaux recyclables","02Z","Non précisé",3922.20947
2011,44,"Grand-Est","57","Moselle","02C","Déchets verts","02E","Valorisation organique",45107.28046
2011,44,"Grand-Est","57","Moselle","02C","Déchets verts","02Z","Non précisé",754.5
2011,44,"Grand-Est","57","Moselle","02D","Encombrants","02A","Valorisation matière",35.33303
2011,44,"Grand-Est","57","Moselle","02D","Encombrants","02B","Incinération avec récupération d'énergie",5946.64873
2011,44,"Grand-Est","57","Moselle","02D","Encombrants","02D","Stockage",50578.75836
2011,44,"Grand-Est","57","Moselle","02D","Encombrants","02Z","Non précisé",177.13816
2011,44,"Grand-Est","57","Moselle","02E","Déblais et gravats","02A","Valorisation matière",6971.57009
2011,44,"Grand-Est","57","Moselle","02E","Déblais et gravats","02D","Stockage",650.58
2011,44,"Grand-Est","57","Moselle","02E","Déblais et gravats","02F","Stockage pour inertes",40739.65078
2011,44,"Grand-Est","57","Moselle","02E","Déblais et gravats","02Z","Non précisé",10749.48176
2011,44,"Grand-Est","57","Moselle","02F","DEEE","02A","Valorisation matière",2926.67322
2011,44,"Grand-Est","57","Moselle","02F","DEEE","02Z","Non précisé",1581.23386
2011,44,"Grand-Est","57","Moselle","02Z","Autres déchets","02A","Valorisation matière",3.347
2011,44,"Grand-Est","57","Moselle","02Z","Autres déchets","02B","Incinération avec récupération d'énergie",4.107
2011,44,"Grand-Est","57","Moselle","02Z","Autres déchets","02C","Incinération sans récupération d'énergie",5.47033
2011,44,"Grand-Est","57","Moselle","02Z","Autres déchets","02Z","Non précisé",33.90518
2011,44,"Grand-Est","67","Bas-Rhin","02A","Déchets dangereux","02A","Valorisation matière",535.38356
2011,44,"Grand-Est","67","Bas-Rhin","02A","Déchets dangereux","02B","Incinération avec récupération d'énergie",107.8
2011,44,"Grand-Est","67","Bas-Rhin","02A","Déchets dangereux","02C","Incinération sans récupération d'énergie",492.34751
2011,44,"Grand-Est","67","Bas-Rhin","02A","Déchets dangereux","02D","Stockage",23.36
2011,44,"Grand-Est","67","Bas-Rhin","02A","Déchets dangereux","02F","Stockage pour inertes",3.9
2011,44,"Grand-Est","67","Bas-Rhin","02A","Déchets dangereux","02Z","Non précisé",4.41185
2011,44,"Grand-Est","67","Bas-Rhin","02B","Matériaux recyclables","02A","Valorisation matière",22552.01931
2011,44,"Grand-Est","67","Bas-Rhin","02B","Matériaux recyclables","02E","Valorisation organique",19259.58588
2011,44,"Grand-Est","67","Bas-Rhin","02B","Matériaux recyclables","02Z","Non précisé",3304.11723
2011,44,"Grand-Est","67","Bas-Rhin","02C","Déchets verts","02E","Valorisation organique",46307.80113
2011,44,"Grand-Est","67","Bas-Rhin","02C","Déchets verts","02Z","Non précisé",809.38
2011,44,"Grand-Est","67","Bas-Rhin","02D","Encombrants","02A","Valorisation matière",0.91697
2011,44,"Grand-Est","67","Bas-Rhin","02D","Encombrants","02B","Incinération avec récupération d'énergie",32369.99488
2011,44,"Grand-Est","67","Bas-Rhin","02D","Encombrants","02D","Stockage",25486.97741
2011,44,"Grand-Est","67","Bas-Rhin","02D","Encombrants","02F","Stockage pour inertes",1173.56
2011,44,"Grand-Est","67","Bas-Rhin","02D","Encombrants","02Z","Non précisé",2.81737
2011,44,"Grand-Est","67","Bas-Rhin","02E","Déblais et gravats","02A","Valorisation matière",2.6839
2011,44,"Grand-Est","67","Bas-Rhin","02E","Déblais et gravats","02D","Stockage",51242.44044
2011,44,"Grand-Est","67","Bas-Rhin","02E","Déblais et gravats","02F","Stockage pour inertes",43.78477
2011,44,"Grand-Est","67","Bas-Rhin","02E","Déblais et gravats","02Z","Non précisé",961.23123
2011,44,"Grand-Est","67","Bas-Rhin","02F","DEEE","02A","Valorisation matière",6140.00041
2011,44,"Grand-Est","67","Bas-Rhin","02F","DEEE","02Z","Non précisé",135.75883
2011,44,"Grand-Est","67","Bas-Rhin","02Z","Autres déchets","02A","Valorisation matière",78.28364
2011,44,"Grand-Est","67","Bas-Rhin","02Z","Autres déchets","02C","Incinération sans récupération d'énergie",0.02667
2011,44,"Grand-Est","67","Bas-Rhin","02Z","Autres déchets","02Z","Non précisé",0.15482
2011,44,"Grand-Est","68","Haut-Rhin","02A","Déchets dangereux","02A","Valorisation matière",166.53583
2011,44,"Grand-Est","68","Haut-Rhin","02A","Déchets dangereux","02B","Incinération avec récupération d'énergie",904.01001
2011,44,"Grand-Est","68","Haut-Rhin","02A","Déchets dangereux","02C","Incinération sans récupération d'énergie",25.06603
2011,44,"Grand-Est","68","Haut-Rhin","02A","Déchets dangereux","02D","Stockage",70.5
2011,44,"Grand-Est","68","Haut-Rhin","02A","Déchets dangereux","02E","Valorisation organique",52
2011,44,"Grand-Est","68","Haut-Rhin","02A","Déchets dangereux","02Z","Non précisé",16.6499
2011,44,"Grand-Est","68","Haut-Rhin","02B","Matériaux recyclables","02A","Valorisation matière",20736.90568
2011,44,"Grand-Est","68","Haut-Rhin","02B","Matériaux recyclables","02E","Valorisation organique",12834.34412
2011,44,"Grand-Est","68","Haut-Rhin","02B","Matériaux recyclables","02Z","Non précisé",1155.64226
2011,44,"Grand-Est","68","Haut-Rhin","02C","Déchets verts","02E","Valorisation organique",36592.21033
2011,44,"Grand-Est","68","Haut-Rhin","02D","Encombrants","02A","Valorisation matière",572.86239
2011,44,"Grand-Est","68","Haut-Rhin","02D","Encombrants","02B","Incinération avec récupération d'énergie",27373.71961
2011,44,"Grand-Est","68","Haut-Rhin","02D","Encombrants","02D","Stockage",14829.60718
2011,44,"Grand-Est","68","Haut-Rhin","02D","Encombrants","02Z","Non précisé",645.2
2011,44,"Grand-Est","68","Haut-Rhin","02E","Déblais et gravats","02A","Valorisation matière",4087.36973
2011,44,"Grand-Est","68","Haut-Rhin","02E","Déblais et gravats","02D","Stockage",42828.54957
2011,44,"Grand-Est","68","Haut-Rhin","02E","Déblais et gravats","02E","Valorisation organique",1109
2011,44,"Grand-Est","68","Haut-Rhin","02E","Déblais et gravats","02F","Stockage pour inertes",375.28719
2011,44,"Grand-Est","68","Haut-Rhin","02F","DEEE","02A","Valorisation matière",3764.37842
2011,44,"Grand-Est","68","Haut-Rhin","02Z","Autres déchets","02A","Valorisation matière",20.13825
2011,44,"Grand-Est","68","Haut-Rhin","02Z","Autres déchets","02B","Incinération avec récupération d'énergie",42.78
2011,44,"Grand-Est","88","Vosges","02A","Déchets dangereux","02A","Valorisation matière",136.50551
2011,44,"Grand-Est","88","Vosges","02A","Déchets dangereux","02C","Incinération sans récupération d'énergie",25.1258
2011,44,"Grand-Est","88","Vosges","02A","Déchets dangereux","02D","Stockage",0.05718
2011,44,"Grand-Est","88","Vosges","02A","Déchets dangereux","02F","Stockage pour inertes",106.31771
2011,44,"Grand-Est","88","Vosges","02A","Déchets dangereux","02Z","Non précisé",546.98365
2011,44,"Grand-Est","88","Vosges","02B","Matériaux recyclables","02A","Valorisation matière",8700.74289
2011,44,"Grand-Est","88","Vosges","02B","Matériaux recyclables","02B","Incinération avec récupération d'énergie",918
2011,44,"Grand-Est","88","Vosges","02B","Matériaux recyclables","02E","Valorisation organique",1158.65829
2011,44,"Grand-Est","88","Vosges","02B","Matériaux recyclables","02Z","Non précisé",7065.64306
2011,44,"Grand-Est","88","Vosges","02C","Déchets verts","02E","Valorisation organique",17495.88047
2011,44,"Grand-Est","88","Vosges","02D","Encombrants","02B","Incinération avec récupération d'énergie",2331.46
2011,44,"Grand-Est","88","Vosges","02D","Encombrants","02D","Stockage",16963.20664
2011,44,"Grand-Est","88","Vosges","02D","Encombrants","02Z","Non précisé",704.58859
2011,44,"Grand-Est","88","Vosges","02E","Déblais et gravats","02A","Valorisation matière",898.00213
2011,44,"Grand-Est","88","Vosges","02E","Déblais et gravats","02D","Stockage",1836
2011,44,"Grand-Est","88","Vosges","02E","Déblais et gravats","02F","Stockage pour inertes",10094.91
2011,44,"Grand-Est","88","Vosges","02E","Déblais et gravats","02Z","Non précisé",2086.58764
2011,44,"Grand-Est","88","Vosges","02F","DEEE","02A","Valorisation matière",206.90716
2011,44,"Grand-Est","88","Vosges","02F","DEEE","02Z","Non précisé",2702.32246
2011,44,"Grand-Est","88","Vosges","02Z","Autres déchets","02A","Valorisation matière",24.39521
2011,44,"Grand-Est","88","Vosges","02Z","Autres déchets","02Z","Non précisé",3.116
2011,32,"Hauts-de-France","02","Aisne","02A","Déchets dangereux","02A","Valorisation matière",737.03004
2011,32,"Hauts-de-France","02","Aisne","02A","Déchets dangereux","02B","Incinération avec récupération d'énergie",53.56
2011,32,"Hauts-de-France","02","Aisne","02A","Déchets dangereux","02Z","Non précisé",55.07
2011,32,"Hauts-de-France","02","Aisne","02B","Matériaux recyclables","02A","Valorisation matière",5462.02004
2011,32,"Hauts-de-France","02","Aisne","02B","Matériaux recyclables","02B","Incinération avec récupération d'énergie",316.01
2011,32,"Hauts-de-France","02","Aisne","02B","Matériaux recyclables","02D","Stockage",48
2011,32,"Hauts-de-France","02","Aisne","02B","Matériaux recyclables","02E","Valorisation organique",5055.5259
2011,32,"Hauts-de-France","02","Aisne","02B","Matériaux recyclables","02Z","Non précisé",1203.61
2011,32,"Hauts-de-France","02","Aisne","02C","Déchets verts","02A","Valorisation matière",4340.22
2011,32,"Hauts-de-France","02","Aisne","02C","Déchets verts","02B","Incinération avec récupération d'énergie",2531.6
2011,32,"Hauts-de-France","02","Aisne","02C","Déchets verts","02E","Valorisation organique",18656.10534
2011,32,"Hauts-de-France","02","Aisne","02C","Déchets verts","02Z","Non précisé",1635.95
2011,32,"Hauts-de-France","02","Aisne","02D","Encombrants","02A","Valorisation matière",308.43
2011,32,"Hauts-de-France","02","Aisne","02D","Encombrants","02B","Incinération avec récupération d'énergie",3.88
2011,32,"Hauts-de-France","02","Aisne","02D","Encombrants","02D","Stockage",35435.03121
2011,32,"Hauts-de-France","02","Aisne","02E","Déblais et gravats","02A","Valorisation matière",14919.95542
2011,32,"Hauts-de-France","02","Aisne","02E","Déblais et gravats","02D","Stockage",110.14
2011,32,"Hauts-de-France","02","Aisne","02E","Déblais et gravats","02F","Stockage pour inertes",9521.02
2011,32,"Hauts-de-France","02","Aisne","02E","Déblais et gravats","02Z","Non précisé",3251.89
2011,32,"Hauts-de-France","02","Aisne","02F","DEEE","02A","Valorisation matière",2176.08012
2011,32,"Hauts-de-France","02","Aisne","02F","DEEE","02Z","Non précisé",23.73
2011,32,"Hauts-de-France","02","Aisne","02Z","Autres déchets","02A","Valorisation matière",8.4
2011,32,"Hauts-de-France","02","Aisne","02Z","Autres déchets","02B","Incinération avec récupération d'énergie",0.68
2011,32,"Hauts-de-France","59","Nord","02A","Déchets dangereux","02A","Valorisation matière",2052.36834
2011,32,"Hauts-de-France","59","Nord","02A","Déchets dangereux","02B","Incinération avec récupération d'énergie",221.083
2011,32,"Hauts-de-France","59","Nord","02A","Déchets dangereux","02C","Incinération sans récupération d'énergie",229.536
2011,32,"Hauts-de-France","59","Nord","02A","Déchets dangereux","02D","Stockage",2926.09338
2011,32,"Hauts-de-France","59","Nord","02A","Déchets dangereux","02F","Stockage pour inertes",23
2011,32,"Hauts-de-France","59","Nord","02A","Déchets dangereux","02Z","Non précisé",1857.33057
2011,32,"Hauts-de-France","59","Nord","02B","Matériaux recyclables","02A","Valorisation matière",52170.39581
2011,32,"Hauts-de-France","59","Nord","02B","Matériaux recyclables","02C","Incinération sans récupération d'énergie",49.053
2011,32,"Hauts-de-France","59","Nord","02B","Matériaux recyclables","02E","Valorisation organique",2573.58
2011,32,"Hauts-de-France","59","Nord","02B","Matériaux recyclables","02Z","Non précisé",5047.54
2011,32,"Hauts-de-France","59","Nord","02C","Déchets verts","02A","Valorisation matière",6155
2011,32,"Hauts-de-France","59","Nord","02C","Déchets verts","02E","Valorisation organique",85722.16476
2011,32,"Hauts-de-France","59","Nord","02D","Encombrants","02A","Valorisation matière",57658.49533
2011,32,"Hauts-de-France","59","Nord","02D","Encombrants","02B","Incinération avec récupération d'énergie",21539.50999
2011,32,"Hauts-de-France","59","Nord","02D","Encombrants","02D","Stockage",22559.2
2011,32,"Hauts-de-France","59","Nord","02D","Encombrants","02Z","Non précisé",54.83655
2011,32,"Hauts-de-France","59","Nord","02E","Déblais et gravats","02A","Valorisation matière",124018.7974
2011,32,"Hauts-de-France","59","Nord","02E","Déblais et gravats","02D","Stockage",2588.82
2011,32,"Hauts-de-France","59","Nord","02E","Déblais et gravats","02F","Stockage pour inertes",61549.2
2011,32,"Hauts-de-France","59","Nord","02E","Déblais et gravats","02Z","Non précisé",1525
2011,32,"Hauts-de-France","59","Nord","02F","DEEE","02A","Valorisation matière",6047.30728
2011,32,"Hauts-de-France","59","Nord","02F","DEEE","02Z","Non précisé",81
2011,32,"Hauts-de-France","59","Nord","02Z","Autres déchets","02A","Valorisation matière",116.98007
2011,32,"Hauts-de-France","59","Nord","02Z","Autres déchets","02B","Incinération avec récupération d'énergie",395
2011,32,"Hauts-de-France","59","Nord","02Z","Autres déchets","02Z","Non précisé",8.74
2011,32,"Hauts-de-France","60","Oise","02A","Déchets dangereux","02A","Valorisation matière",2981.09001
2011,32,"Hauts-de-France","60","Oise","02A","Déchets dangereux","02B","Incinération avec récupération d'énergie",137.01
2011,32,"Hauts-de-France","60","Oise","02A","Déchets dangereux","02D","Stockage",24.37
2011,32,"Hauts-de-France","60","Oise","02A","Déchets dangereux","02F","Stockage pour inertes",27.84
2011,32,"Hauts-de-France","60","Oise","02A","Déchets dangereux","02Z","Non précisé",19.47
2011,32,"Hauts-de-France","60","Oise","02B","Matériaux recyclables","02A","Valorisation matière",13100.34999
2011,32,"Hauts-de-France","60","Oise","02B","Matériaux recyclables","02B","Incinération avec récupération d'énergie",1026.4
2011,32,"Hauts-de-France","60","Oise","02B","Matériaux recyclables","02E","Valorisation organique",8357.67
2011,32,"Hauts-de-France","60","Oise","02B","Matériaux recyclables","02Z","Non précisé",2566.58
2011,32,"Hauts-de-France","60","Oise","02C","Déchets verts","02A","Valorisation matière",497.81001
2011,32,"Hauts-de-France","60","Oise","02C","Déchets verts","02B","Incinération avec récupération d'énergie",2401.72
2011,32,"Hauts-de-France","60","Oise","02C","Déchets verts","02E","Valorisation organique",44381.09
2011,32,"Hauts-de-France","60","Oise","02D","Encombrants","02A","Valorisation matière",1263.96001
2011,32,"Hauts-de-France","60","Oise","02D","Encombrants","02B","Incinération avec récupération d'énergie",29392.71
2011,32,"Hauts-de-France","60","Oise","02D","Encombrants","02D","Stockage",25164.98
2011,32,"Hauts-de-France","60","Oise","02D","Encombrants","02Z","Non précisé",164.1
2011,32,"Hauts-de-France","60","Oise","02E","Déblais et gravats","02A","Valorisation matière",20526.11
2011,32,"Hauts-de-France","60","Oise","02E","Déblais et gravats","02F","Stockage pour inertes",8705.75
2011,32,"Hauts-de-France","60","Oise","02E","Déblais et gravats","02Z","Non précisé",29055.62
2011,32,"Hauts-de-France","60","Oise","02F","DEEE","02A","Valorisation matière",4514.63
2011,32,"Hauts-de-France","60","Oise","02Z","Autres déchets","02A","Valorisation matière",13.09
2011,32,"Hauts-de-France","62","Pas-de-Calais","02A","Déchets dangereux","02A","Valorisation matière",2273.51745
2011,32,"Hauts-de-France","62","Pas-de-Calais","02A","Déchets dangereux","02B","Incinération avec récupération d'énergie",73.933
2011,32,"Hauts-de-France","62","Pas-de-Calais","02A","Déchets dangereux","02C","Incinération sans récupération d'énergie",555.02601
2011,32,"Hauts-de-France","62","Pas-de-Calais","02A","Déchets dangereux","02D","Stockage",1359.77862
2011,32,"Hauts-de-France","62","Pas-de-Calais","02A","Déchets dangereux","02E","Valorisation organique",56.61
2011,32,"Hauts-de-France","62","Pas-de-Calais","02A","Déchets dangereux","02Z","Non précisé",973.73043
2011,32,"Hauts-de-France","62","Pas-de-Calais","02B","Matériaux recyclables","02A","Valorisation matière",30984.52352
2011,32,"Hauts-de-France","62","Pas-de-Calais","02B","Matériaux recyclables","02B","Incinération avec récupération d'énergie",281
2011,32,"Hauts-de-France","62","Pas-de-Calais","02B","Matériaux recyclables","02D","Stockage",518
2011,32,"Hauts-de-France","62","Pas-de-Calais","02B","Matériaux recyclables","02E","Valorisation organique",498
2011,32,"Hauts-de-France","62","Pas-de-Calais","02B","Matériaux recyclables","02Z","Non précisé",5819.20001
2011,32,"Hauts-de-France","62","Pas-de-Calais","02C","Déchets verts","02A","Valorisation matière",2174.60564
2011,32,"Hauts-de-France","62","Pas-de-Calais","02C","Déchets verts","02E","Valorisation organique",74473.88526
2011,32,"Hauts-de-France","62","Pas-de-Calais","02D","Encombrants","02A","Valorisation matière",31303.53567
2011,32,"Hauts-de-France","62","Pas-de-Calais","02D","Encombrants","02B","Incinération avec récupération d'énergie",8193
2011,32,"Hauts-de-France","62","Pas-de-Calais","02D","Encombrants","02D","Stockage",41199.331
2011,32,"Hauts-de-France","62","Pas-de-Calais","02D","Encombrants","02Z","Non précisé",14.59345
2011,32,"Hauts-de-France","62","Pas-de-Calais","02E","Déblais et gravats","02A","Valorisation matière",31569.51257
2011,32,"Hauts-de-France","62","Pas-de-Calais","02E","Déblais et gravats","02D","Stockage",5058
2011,32,"Hauts-de-France","62","Pas-de-Calais","02E","Déblais et gravats","02F","Stockage pour inertes",38473.19
2011,32,"Hauts-de-France","62","Pas-de-Calais","02E","Déblais et gravats","02Z","Non précisé",6318
2011,32,"Hauts-de-France","62","Pas-de-Calais","02F","DEEE","02A","Valorisation matière",6769.52428
2011,32,"Hauts-de-France","62","Pas-de-Calais","02Z","Autres déchets","02A","Valorisation matière",57.43099
2011,32,"Hauts-de-France","62","Pas-de-Calais","02Z","Autres déchets","02B","Incinération avec récupération d'énergie",22.93599
2011,32,"Hauts-de-France","62","Pas-de-Calais","02Z","Autres déchets","02C","Incinération sans récupération d'énergie",0.95
2011,32,"Hauts-de-France","62","Pas-de-Calais","02Z","Autres déchets","02Z","Non précisé",7.3417
2011,32,"Hauts-de-France","80","Somme","02A","Déchets dangereux","02A","Valorisation matière",814.56789
2011,32,"Hauts-de-France","80","Somme","02A","Déchets dangereux","02B","Incinération avec récupération d'énergie",15.46891
2011,32,"Hauts-de-France","80","Somme","02A","Déchets dangereux","02D","Stockage",94.95081
2011,32,"Hauts-de-France","80","Somme","02A","Déchets dangereux","02F","Stockage pour inertes",80.26
2011,32,"Hauts-de-France","80","Somme","02A","Déchets dangereux","02Z","Non précisé",33.8142
2011,32,"Hauts-de-France","80","Somme","02B","Matériaux recyclables","02A","Valorisation matière",8283.51814
2011,32,"Hauts-de-France","80","Somme","02B","Matériaux recyclables","02B","Incinération avec récupération d'énergie",4715.35
2011,32,"Hauts-de-France","80","Somme","02B","Matériaux recyclables","02E","Valorisation organique",1085.10325
2011,32,"Hauts-de-France","80","Somme","02B","Matériaux recyclables","02Z","Non précisé",542.02
2011,32,"Hauts-de-France","80","Somme","02C","Déchets verts","02A","Valorisation matière",504.11436
2011,32,"Hauts-de-France","80","Somme","02C","Déchets verts","02B","Incinération avec récupération d'énergie",1372
2011,32,"Hauts-de-France","80","Somme","02C","Déchets verts","02E","Valorisation organique",33806.70918
2011,32,"Hauts-de-France","80","Somme","02D","Encombrants","02A","Valorisation matière",157.04
2011,32,"Hauts-de-France","80","Somme","02D","Encombrants","02B","Incinération avec récupération d'énergie",357.2
2011,32,"Hauts-de-France","80","Somme","02D","Encombrants","02D","Stockage",35048.83786
2011,32,"Hauts-de-France","80","Somme","02D","Encombrants","02F","Stockage pour inertes",3348.74
2011,32,"Hauts-de-France","80","Somme","02D","Encombrants","02Z","Non précisé",1696.96
2011,32,"Hauts-de-France","80","Somme","02E","Déblais et gravats","02A","Valorisation matière",13300.09883
2011,32,"Hauts-de-France","80","Somme","02E","Déblais et gravats","02D","Stockage",2245.6887
2011,32,"Hauts-de-France","80","Somme","02E","Déblais et gravats","02F","Stockage pour inertes",12808.81
2011,32,"Hauts-de-France","80","Somme","02E","Déblais et gravats","02Z","Non précisé",1272.23
2011,32,"Hauts-de-France","80","Somme","02F","DEEE","02A","Valorisation matière",2301.03272
2011,32,"Hauts-de-France","80","Somme","02F","DEEE","02Z","Non précisé",11.66
2011,32,"Hauts-de-France","80","Somme","02Z","Autres déchets","02A","Valorisation matière",23.82597
2011,11,"Ile-de-France","75","Paris","02A","Déchets dangereux","02A","Valorisation matière",5.59073
2011,11,"Ile-de-France","75","Paris","02A","Déchets dangereux","02Z","Non précisé",56.1411
2011,11,"Ile-de-France","75","Paris","02B","Matériaux recyclables","02A","Valorisation matière",1252.62873
2011,11,"Ile-de-France","75","Paris","02C","Déchets verts","02E","Valorisation organique",136.21054
2011,11,"Ile-de-France","75","Paris","02D","Encombrants","02D","Stockage",4703.32961
2011,11,"Ile-de-France","75","Paris","02E","Déblais et gravats","02F","Stockage pour inertes",4216.42775
2011,11,"Ile-de-France","75","Paris","02F","DEEE","02A","Valorisation matière",158.06522
2011,11,"Ile-de-France","75","Paris","02F","DEEE","02Z","Non précisé",13.21446
2011,11,"Ile-de-France","75","Paris","02Z","Autres déchets","02B","Incinération avec récupération d'énergie",477.24514
2011,11,"Ile-de-France","77","Seine-et-Marne","02A","Déchets dangereux","02A","Valorisation matière",994.49773
2011,11,"Ile-de-France","77","Seine-et-Marne","02A","Déchets dangereux","02B","Incinération avec récupération d'énergie",0.5
2011,11,"Ile-de-France","77","Seine-et-Marne","02A","Déchets dangereux","02C","Incinération sans récupération d'énergie",0.67304
2011,11,"Ile-de-France","77","Seine-et-Marne","02A","Déchets dangereux","02Z","Non précisé",1384.67093
2011,11,"Ile-de-France","77","Seine-et-Marne","02B","Matériaux recyclables","02A","Valorisation matière",6216.17384
2011,11,"Ile-de-France","77","Seine-et-Marne","02B","Matériaux recyclables","02B","Incinération avec récupération d'énergie",388.68
2011,11,"Ile-de-France","77","Seine-et-Marne","02B","Matériaux recyclables","02C","Incinération sans récupération d'énergie",0.03074
2011,11,"Ile-de-France","77","Seine-et-Marne","02B","Matériaux recyclables","02E","Valorisation organique",1295.34187
2011,11,"Ile-de-France","77","Seine-et-Marne","02B","Matériaux recyclables","02Z","Non précisé",1148.72357
2011,11,"Ile-de-France","77","Seine-et-Marne","02C","Déchets verts","02A","Valorisation matière",13.52634
2011,11,"Ile-de-France","77","Seine-et-Marne","02C","Déchets verts","02E","Valorisation organique",42577.25916
2011,11,"Ile-de-France","77","Seine-et-Marne","02D","Encombrants","02A","Valorisation matière",454.69515
2011,11,"Ile-de-France","77","Seine-et-Marne","02D","Encombrants","02B","Incinération avec récupération d'énergie",8846.06132
2011,11,"Ile-de-France","77","Seine-et-Marne","02D","Encombrants","02C","Incinération sans récupération d'énergie",2336.63
2011,11,"Ile-de-France","77","Seine-et-Marne","02D","Encombrants","02D","Stockage",37015.39673
2011,11,"Ile-de-France","77","Seine-et-Marne","02D","Encombrants","02Z","Non précisé",3.09543
2011,11,"Ile-de-France","77","Seine-et-Marne","02E","Déblais et gravats","02A","Valorisation matière",249.3005
2011,11,"Ile-de-France","77","Seine-et-Marne","02E","Déblais et gravats","02D","Stockage",20487.46533
2011,11,"Ile-de-France","77","Seine-et-Marne","02E","Déblais et gravats","02F","Stockage pour inertes",44848.99
2011,11,"Ile-de-France","77","Seine-et-Marne","02F","DEEE","02A","Valorisation matière",2778.73547
2011,11,"Ile-de-France","77","Seine-et-Marne","02F","DEEE","02Z","Non précisé",1.25016
2011,11,"Ile-de-France","77","Seine-et-Marne","02Z","Autres déchets","02A","Valorisation matière",0.0041
2011,11,"Ile-de-France","77","Seine-et-Marne","02Z","Autres déchets","02B","Incinération avec récupération d'énergie",3641.76533
2011,11,"Ile-de-France","77","Seine-et-Marne","02Z","Autres déchets","02C","Incinération sans récupération d'énergie",0.00717
2011,11,"Ile-de-France","77","Seine-et-Marne","02Z","Autres déchets","02D","Stockage",29110.10136
2011,11,"Ile-de-France","78","Yvelines","02A","Déchets dangereux","02A","Valorisation matière",540.56994
2011,11,"Ile-de-France","78","Yvelines","02A","Déchets dangereux","02B","Incinération avec récupération d'énergie",0.51
2011,11,"Ile-de-France","78","Yvelines","02A","Déchets dangereux","02C","Incinération sans récupération d'énergie",67.6169
2011,11,"Ile-de-France","78","Yvelines","02A","Déchets dangereux","02F","Stockage pour inertes",13.23894
2011,11,"Ile-de-France","78","Yvelines","02A","Déchets dangereux","02Z","Non précisé",345.65477
2011,11,"Ile-de-France","78","Yvelines","02B","Matériaux recyclables","02A","Valorisation matière",9738.1193
2011,11,"Ile-de-France","78","Yvelines","02B","Matériaux recyclables","02B","Incinération avec récupération d'énergie",2378.697
2011,11,"Ile-de-France","78","Yvelines","02B","Matériaux recyclables","02Z","Non précisé",2939.11347
2011,11,"Ile-de-France","78","Yvelines","02C","Déchets verts","02E","Valorisation organique",23632.52271
2011,11,"Ile-de-France","78","Yvelines","02D","Encombrants","02A","Valorisation matière",10357.24523
2011,11,"Ile-de-France","78","Yvelines","02D","Encombrants","02B","Incinération avec récupération d'énergie",5883.30645
2011,11,"Ile-de-France","78","Yvelines","02D","Encombrants","02D","Stockage",12640.29827
2011,11,"Ile-de-France","78","Yvelines","02D","Encombrants","02Z","Non précisé",2924.49999
2011,11,"Ile-de-France","78","Yvelines","02E","Déblais et gravats","02A","Valorisation matière",2432.43044
2011,11,"Ile-de-France","78","Yvelines","02E","Déblais et gravats","02D","Stockage",10401.9867
2011,11,"Ile-de-France","78","Yvelines","02E","Déblais et gravats","02F","Stockage pour inertes",25590.31499
2011,11,"Ile-de-France","78","Yvelines","02E","Déblais et gravats","02Z","Non précisé",3813.82411
2011,11,"Ile-de-France","78","Yvelines","02F","DEEE","02A","Valorisation matière",2072.73856
2011,11,"Ile-de-France","78","Yvelines","02F","DEEE","02Z","Non précisé",131.34636
2011,11,"Ile-de-France","78","Yvelines","02Z","Autres déchets","02A","Valorisation matière",45.35736
2011,11,"Ile-de-France","78","Yvelines","02Z","Autres déchets","02B","Incinération avec récupération d'énergie",54.31575
2011,11,"Ile-de-France","78","Yvelines","02Z","Autres déchets","02D","Stockage",2615.64376
2011,11,"Ile-de-France","91","Essonne","02A","Déchets dangereux","02A","Valorisation matière",1137.01506
2011,11,"Ile-de-France","91","Essonne","02A","Déchets dangereux","02Z","Non précisé",125.30417
2011,11,"Ile-de-France","91","Essonne","02B","Matériaux recyclables","02A","Valorisation matière",5547.16028
2011,11,"Ile-de-France","91","Essonne","02B","Matériaux recyclables","02B","Incinération avec récupération d'énergie",1497.23088
2011,11,"Ile-de-France","91","Essonne","02B","Matériaux recyclables","02Z","Non précisé",6769.47642
2011,11,"Ile-de-France","91","Essonne","02C","Déchets verts","02E","Valorisation organique",21197.78473
2011,11,"Ile-de-France","91","Essonne","02C","Déchets verts","02Z","Non précisé",5.7
2011,11,"Ile-de-France","91","Essonne","02D","Encombrants","02A","Valorisation matière",15.84165
2011,11,"Ile-de-France","91","Essonne","02D","Encombrants","02B","Incinération avec récupération d'énergie",4516.45226
2011,11,"Ile-de-France","91","Essonne","02D","Encombrants","02D","Stockage",51080.59116
2011,11,"Ile-de-France","91","Essonne","02D","Encombrants","02Z","Non précisé",85.76758
2011,11,"Ile-de-France","91","Essonne","02E","Déblais et gravats","02A","Valorisation matière",12.52336
2011,11,"Ile-de-France","91","Essonne","02E","Déblais et gravats","02D","Stockage",30181.04338
2011,11,"Ile-de-France","91","Essonne","02E","Déblais et gravats","02F","Stockage pour inertes",11816.16953
2011,11,"Ile-de-France","91","Essonne","02E","Déblais et gravats","02Z","Non précisé",68
2011,11,"Ile-de-France","91","Essonne","02F","DEEE","02A","Valorisation matière",3068.28149
2011,11,"Ile-de-France","91","Essonne","02Z","Autres déchets","02A","Valorisation matière",41.85264
2011,11,"Ile-de-France","91","Essonne","02Z","Autres déchets","02B","Incinération avec récupération d'énergie",724.48356
2011,11,"Ile-de-France","92","Hauts-de-seine","02A","Déchets dangereux","02A","Valorisation matière",159.67861
2011,11,"Ile-de-France","92","Hauts-de-seine","02A","Déchets dangereux","02Z","Non précisé",106.65572
2011,11,"Ile-de-France","92","Hauts-de-seine","02B","Matériaux recyclables","02A","Valorisation matière",2987.39923
2011,11,"Ile-de-France","92","Hauts-de-seine","02B","Matériaux recyclables","02B","Incinération avec récupération d'énergie",1184.07848
2011,11,"Ile-de-France","92","Hauts-de-seine","02C","Déchets verts","02E","Valorisation organique",1741.97604
2011,11,"Ile-de-France","92","Hauts-de-seine","02D","Encombrants","02A","Valorisation matière",6341.37991
2011,11,"Ile-de-France","92","Hauts-de-seine","02D","Encombrants","02B","Incinération avec récupération d'énergie",543.12498
2011,11,"Ile-de-France","92","Hauts-de-seine","02D","Encombrants","02D","Stockage",3854.58679
2011,11,"Ile-de-France","92","Hauts-de-seine","02D","Encombrants","02Z","Non précisé",28.948
2011,11,"Ile-de-France","92","Hauts-de-seine","02E","Déblais et gravats","02A","Valorisation matière",117.48
2011,11,"Ile-de-France","92","Hauts-de-seine","02E","Déblais et gravats","02D","Stockage",11901.97719
2011,11,"Ile-de-France","92","Hauts-de-seine","02E","Déblais et gravats","02F","Stockage pour inertes",1792.77098
2011,11,"Ile-de-France","92","Hauts-de-seine","02F","DEEE","02A","Valorisation matière",912.91391
2011,11,"Ile-de-France","92","Hauts-de-seine","02F","DEEE","02Z","Non précisé",3.88631
2011,11,"Ile-de-France","92","Hauts-de-seine","02Z","Autres déchets","02B","Incinération avec récupération d'énergie",140.35575
2011,11,"Ile-de-France","93","Seine-Saint-Denis","02A","Déchets dangereux","02A","Valorisation matière",117.63344
2011,11,"Ile-de-France","93","Seine-Saint-Denis","02A","Déchets dangereux","02Z","Non précisé",347.84993
2011,11,"Ile-de-France","93","Seine-Saint-Denis","02B","Matériaux recyclables","02A","Valorisation matière",5230.02168
2011,11,"Ile-de-France","93","Seine-Saint-Denis","02B","Matériaux recyclables","02D","Stockage",697
2011,11,"Ile-de-France","93","Seine-Saint-Denis","02B","Matériaux recyclables","02E","Valorisation organique",940
2011,11,"Ile-de-France","93","Seine-Saint-Denis","02B","Matériaux recyclables","02Z","Non précisé",1853.19
2011,11,"Ile-de-France","93","Seine-Saint-Denis","02C","Déchets verts","02D","Stockage",851
2011,11,"Ile-de-France","93","Seine-Saint-Denis","02C","Déchets verts","02E","Valorisation organique",6625.53282
2011,11,"Ile-de-France","93","Seine-Saint-Denis","02C","Déchets verts","02Z","Non précisé",65.43
2011,11,"Ile-de-France","93","Seine-Saint-Denis","02D","Encombrants","02A","Valorisation matière",18429.79
2011,11,"Ile-de-France","93","Seine-Saint-Denis","02D","Encombrants","02D","Stockage",11348.67057
2011,11,"Ile-de-France","93","Seine-Saint-Denis","02D","Encombrants","02Z","Non précisé",13093.85
2011,11,"Ile-de-France","93","Seine-Saint-Denis","02E","Déblais et gravats","02D","Stockage",5129.3
2011,11,"Ile-de-France","93","Seine-Saint-Denis","02E","Déblais et gravats","02F","Stockage pour inertes",14832.19282
2011,11,"Ile-de-France","93","Seine-Saint-Denis","02E","Déblais et gravats","02Z","Non précisé",14783.85
2011,11,"Ile-de-France","93","Seine-Saint-Denis","02F","DEEE","02A","Valorisation matière",188.16537
2011,11,"Ile-de-France","93","Seine-Saint-Denis","02F","DEEE","02Z","Non précisé",684.18903
2011,11,"Ile-de-France","93","Seine-Saint-Denis","02Z","Autres déchets","02B","Incinération avec récupération d'énergie",198.23838
2011,11,"Ile-de-France","94","Val-de-Marne","02A","Déchets dangereux","02A","Valorisation matière",271.64202
2011,11,"Ile-de-France","94","Val-de-Marne","02A","Déchets dangereux","02B","Incinération avec récupération d'énergie",49.96
2011,11,"Ile-de-France","94","Val-de-Marne","02A","Déchets dangereux","02Z","Non précisé",173.13281
2011,11,"Ile-de-France","94","Val-de-Marne","02B","Matériaux recyclables","02A","Valorisation matière",5450.47939
2011,11,"Ile-de-France","94","Val-de-Marne","02B","Matériaux recyclables","02Z","Non précisé",1.5
2011,11,"Ile-de-France","94","Val-de-Marne","02C","Déchets verts","02E","Valorisation organique",4632.41518
2011,11,"Ile-de-France","94","Val-de-Marne","02D","Encombrants","02A","Valorisation matière",3773.1876
2011,11,"Ile-de-France","94","Val-de-Marne","02D","Encombrants","02B","Incinération avec récupération d'énergie",4941.78352
2011,11,"Ile-de-France","94","Val-de-Marne","02D","Encombrants","02D","Stockage",23374.89289
2011,11,"Ile-de-France","94","Val-de-Marne","02D","Encombrants","02Z","Non précisé",2.6
2011,11,"Ile-de-France","94","Val-de-Marne","02E","Déblais et gravats","02D","Stockage",5455.85
2011,11,"Ile-de-France","94","Val-de-Marne","02E","Déblais et gravats","02F","Stockage pour inertes",15610.66475
2011,11,"Ile-de-France","94","Val-de-Marne","02F","DEEE","02A","Valorisation matière",753.53043
2011,11,"Ile-de-France","94","Val-de-Marne","02F","DEEE","02Z","Non précisé",2.69585
2011,11,"Ile-de-France","94","Val-de-Marne","02Z","Autres déchets","02B","Incinération avec récupération d'énergie",97.36142
2011,11,"Ile-de-France","94","Val-de-Marne","02Z","Autres déchets","02Z","Non précisé",55.66
2011,11,"Ile-de-France","95","Val-d'Oise","02A","Déchets dangereux","02A","Valorisation matière",392.28559
2011,11,"Ile-de-France","95","Val-d'Oise","02A","Déchets dangereux","02C","Incinération sans récupération d'énergie",184.3031
2011,11,"Ile-de-France","95","Val-d'Oise","02A","Déchets dangereux","02F","Stockage pour inertes",0.91106
2011,11,"Ile-de-France","95","Val-d'Oise","02A","Déchets dangereux","02Z","Non précisé",422.88059
2011,11,"Ile-de-France","95","Val-d'Oise","02B","Matériaux recyclables","02A","Valorisation matière",10433.85184
2011,11,"Ile-de-France","95","Val-d'Oise","02B","Matériaux recyclables","02B","Incinération avec récupération d'énergie",806.64285
2011,11,"Ile-de-France","95","Val-d'Oise","02C","Déchets verts","02E","Valorisation organique",18819.76247
2011,11,"Ile-de-France","95","Val-d'Oise","02D","Encombrants","02A","Valorisation matière",29675.02389
2011,11,"Ile-de-France","95","Val-d'Oise","02D","Encombrants","02B","Incinération avec récupération d'énergie",4017.08
2011,11,"Ile-de-France","95","Val-d'Oise","02D","Encombrants","02D","Stockage",8379.29
2011,11,"Ile-de-France","95","Val-d'Oise","02E","Déblais et gravats","02A","Valorisation matière",41.90456
2011,11,"Ile-de-France","95","Val-d'Oise","02E","Déblais et gravats","02D","Stockage",18488.59
2011,11,"Ile-de-France","95","Val-d'Oise","02E","Déblais et gravats","02F","Stockage pour inertes",33101.37247
2011,11,"Ile-de-France","95","Val-d'Oise","02F","DEEE","02A","Valorisation matière",2133.25922
2011,11,"Ile-de-France","95","Val-d'Oise","02Z","Autres déchets","02D","Stockage",2367.95624
2011,28,"Normandie","14","Calvados","02A","Déchets dangereux","02A","Valorisation matière",789.01653
2011,28,"Normandie","14","Calvados","02A","Déchets dangereux","02B","Incinération avec récupération d'énergie",132.59
2011,28,"Normandie","14","Calvados","02A","Déchets dangereux","02C","Incinération sans récupération d'énergie",48.44445
2011,28,"Normandie","14","Calvados","02A","Déchets dangereux","02D","Stockage",36.18
2011,28,"Normandie","14","Calvados","02A","Déchets dangereux","02F","Stockage pour inertes",218.38
2011,28,"Normandie","14","Calvados","02A","Déchets dangereux","02Z","Non précisé",66.37992
2011,28,"Normandie","14","Calvados","02B","Matériaux recyclables","02A","Valorisation matière",11184.55669
2011,28,"Normandie","14","Calvados","02B","Matériaux recyclables","02B","Incinération avec récupération d'énergie",8952.36793
2011,28,"Normandie","14","Calvados","02B","Matériaux recyclables","02C","Incinération sans récupération d'énergie",1.23
2011,28,"Normandie","14","Calvados","02C","Déchets verts","02A","Valorisation matière",4067.19792
2011,28,"Normandie","14","Calvados","02C","Déchets verts","02E","Valorisation organique",60233.99675
2011,28,"Normandie","14","Calvados","02D","Encombrants","02A","Valorisation matière",77.33368
2011,28,"Normandie","14","Calvados","02D","Encombrants","02B","Incinération avec récupération d'énergie",1068.97607
2011,28,"Normandie","14","Calvados","02D","Encombrants","02C","Incinération sans récupération d'énergie",2.8
2011,28,"Normandie","14","Calvados","02D","Encombrants","02D","Stockage",38616.05076
2011,28,"Normandie","14","Calvados","02D","Encombrants","02F","Stockage pour inertes",2008
2011,28,"Normandie","14","Calvados","02E","Déblais et gravats","02A","Valorisation matière",7206.46145
2011,28,"Normandie","14","Calvados","02E","Déblais et gravats","02D","Stockage",5851.62
2011,28,"Normandie","14","Calvados","02E","Déblais et gravats","02F","Stockage pour inertes",39048.43675
2011,28,"Normandie","14","Calvados","02F","DEEE","02A","Valorisation matière",3700.72808
2011,28,"Normandie","14","Calvados","02Z","Autres déchets","02A","Valorisation matière",23.21316
2011,28,"Normandie","14","Calvados","02Z","Autres déchets","02B","Incinération avec récupération d'énergie",0.41
2011,28,"Normandie","14","Calvados","02Z","Autres déchets","02C","Incinération sans récupération d'énergie",0.42
2011,28,"Normandie","27","Eure","02A","Déchets dangereux","02A","Valorisation matière",205.90321
2011,28,"Normandie","27","Eure","02A","Déchets dangereux","02B","Incinération avec récupération d'énergie",26.04
2011,28,"Normandie","27","Eure","02A","Déchets dangereux","02C","Incinération sans récupération d'énergie",190.64554
2011,28,"Normandie","27","Eure","02A","Déchets dangereux","02D","Stockage",6
2011,28,"Normandie","27","Eure","02A","Déchets dangereux","02Z","Non précisé",1259.32842
2011,28,"Normandie","27","Eure","02B","Matériaux recyclables","02A","Valorisation matière",10309.99006
2011,28,"Normandie","27","Eure","02B","Matériaux recyclables","02B","Incinération avec récupération d'énergie",591.9
2011,28,"Normandie","27","Eure","02B","Matériaux recyclables","02E","Valorisation organique",6848.92543
2011,28,"Normandie","27","Eure","02B","Matériaux recyclables","02Z","Non précisé",1135.50855
2011,28,"Normandie","27","Eure","02C","Déchets verts","02D","Stockage",4460.4
2011,28,"Normandie","27","Eure","02C","Déchets verts","02E","Valorisation organique",60379.45275
2011,28,"Normandie","27","Eure","02D","Encombrants","02A","Valorisation matière",5311.80001
2011,28,"Normandie","27","Eure","02D","Encombrants","02D","Stockage",23841.44016
2011,28,"Normandie","27","Eure","02D","Encombrants","02F","Stockage pour inertes",9018.35563
2011,28,"Normandie","27","Eure","02D","Encombrants","02Z","Non précisé",3.1
2011,28,"Normandie","27","Eure","02E","Déblais et gravats","02A","Valorisation matière",4901.60338
2011,28,"Normandie","27","Eure","02E","Déblais et gravats","02B","Incinération avec récupération d'énergie",3268
2011,28,"Normandie","27","Eure","02E","Déblais et gravats","02D","Stockage",8912.58933
2011,28,"Normandie","27","Eure","02E","Déblais et gravats","02F","Stockage pour inertes",26872.12569
2011,28,"Normandie","27","Eure","02F","DEEE","02A","Valorisation matière",2335.83035
2011,28,"Normandie","27","Eure","02F","DEEE","02Z","Non précisé",174.53923
2011,28,"Normandie","27","Eure","02Z","Autres déchets","02A","Valorisation matière",3.049
2011,28,"Normandie","50","Manche","02A","Déchets dangereux","02A","Valorisation matière",1834.85099
2011,28,"Normandie","50","Manche","02A","Déchets dangereux","02B","Incinération avec récupération d'énergie",23.15302
2011,28,"Normandie","50","Manche","02A","Déchets dangereux","02C","Incinération sans récupération d'énergie",191.85001
2011,28,"Normandie","50","Manche","02A","Déchets dangereux","02D","Stockage",114.14
2011,28,"Normandie","50","Manche","02A","Déchets dangereux","02F","Stockage pour inertes",10.6
2011,28,"Normandie","50","Manche","02A","Déchets dangereux","02Z","Non précisé",212.303
2011,28,"Normandie","50","Manche","02B","Matériaux recyclables","02A","Valorisation matière",19220.306
2011,28,"Normandie","50","Manche","02B","Matériaux recyclables","02B","Incinération avec récupération d'énergie",45.6
2011,28,"Normandie","50","Manche","02B","Matériaux recyclables","02C","Incinération sans récupération d'énergie",2.112
2011,28,"Normandie","50","Manche","02B","Matériaux recyclables","02D","Stockage",658.52
2011,28,"Normandie","50","Manche","02B","Matériaux recyclables","02E","Valorisation organique",879.64
2011,28,"Normandie","50","Manche","02B","Matériaux recyclables","02Z","Non précisé",178.38
2011,28,"Normandie","50","Manche","02C","Déchets verts","02A","Valorisation matière",1828.4
2011,28,"Normandie","50","Manche","02C","Déchets verts","02E","Valorisation organique",51800.74
2011,28,"Normandie","50","Manche","02C","Déchets verts","02Z","Non précisé",4470.65
2011,28,"Normandie","50","Manche","02D","Encombrants","02A","Valorisation matière",2018.96
2011,28,"Normandie","50","Manche","02D","Encombrants","02D","Stockage",33322.57999
2011,28,"Normandie","50","Manche","02D","Encombrants","02E","Valorisation organique",17
2011,28,"Normandie","50","Manche","02D","Encombrants","02F","Stockage pour inertes",502.6
2011,28,"Normandie","50","Manche","02E","Déblais et gravats","02A","Valorisation matière",1923.91
2011,28,"Normandie","50","Manche","02E","Déblais et gravats","02D","Stockage",5003.46001
2011,28,"Normandie","50","Manche","02E","Déblais et gravats","02F","Stockage pour inertes",22786.27
2011,28,"Normandie","50","Manche","02F","DEEE","02A","Valorisation matière",2848.64801
2011,28,"Normandie","50","Manche","02F","DEEE","02C","Incinération sans récupération d'énergie",51.279
2011,28,"Normandie","50","Manche","02F","DEEE","02D","Stockage",168.37999
2011,28,"Normandie","50","Manche","02Z","Autres déchets","02A","Valorisation matière",9.95
2011,28,"Normandie","50","Manche","02Z","Autres déchets","02B","Incinération avec récupération d'énergie",1.5
2011,28,"Normandie","50","Manche","02Z","Autres déchets","02C","Incinération sans récupération d'énergie",43.103
2011,28,"Normandie","50","Manche","02Z","Autres déchets","02D","Stockage",666.78
2011,28,"Normandie","50","Manche","02Z","Autres déchets","02Z","Non précisé",2.1
2011,28,"Normandie","61","Orne","02A","Déchets dangereux","02A","Valorisation matière",465.31127
2011,28,"Normandie","61","Orne","02A","Déchets dangereux","02B","Incinération avec récupération d'énergie",0.84356
2011,28,"Normandie","61","Orne","02A","Déchets dangereux","02C","Incinération sans récupération d'énergie",3.06
2011,28,"Normandie","61","Orne","02A","Déchets dangereux","02D","Stockage",59.48
2011,28,"Normandie","61","Orne","02A","Déchets dangereux","02F","Stockage pour inertes",18.68
2011,28,"Normandie","61","Orne","02A","Déchets dangereux","02Z","Non précisé",0.05322
2011,28,"Normandie","61","Orne","02B","Matériaux recyclables","02A","Valorisation matière",6109.32478
2011,28,"Normandie","61","Orne","02B","Matériaux recyclables","02B","Incinération avec récupération d'énergie",2614.19419
2011,28,"Normandie","61","Orne","02B","Matériaux recyclables","02C","Incinération sans récupération d'énergie",0.15
2011,28,"Normandie","61","Orne","02B","Matériaux recyclables","02D","Stockage",67
2011,28,"Normandie","61","Orne","02B","Matériaux recyclables","02E","Valorisation organique",12.76537
2011,28,"Normandie","61","Orne","02C","Déchets verts","02A","Valorisation matière",11945.9137
2011,28,"Normandie","61","Orne","02C","Déchets verts","02E","Valorisation organique",17309.25702
2011,28,"Normandie","61","Orne","02D","Encombrants","02A","Valorisation matière",26.75632
2011,28,"Normandie","61","Orne","02D","Encombrants","02B","Incinération avec récupération d'énergie",3646.02393
2011,28,"Normandie","61","Orne","02D","Encombrants","02D","Stockage",15495.45125
2011,28,"Normandie","61","Orne","02E","Déblais et gravats","02A","Valorisation matière",5729.45049
2011,28,"Normandie","61","Orne","02E","Déblais et gravats","02D","Stockage",3509.39
2011,28,"Normandie","61","Orne","02E","Déblais et gravats","02F","Stockage pour inertes",5678.86935
2011,28,"Normandie","61","Orne","02E","Déblais et gravats","02Z","Non précisé",35.20917
2011,28,"Normandie","61","Orne","02F","DEEE","02A","Valorisation matière",1691.06425
2011,28,"Normandie","61","Orne","02F","DEEE","02Z","Non précisé",2.82492
2011,28,"Normandie","61","Orne","02Z","Autres déchets","02A","Valorisation matière",2.93683
2011,28,"Normandie","76","Seine-Maritime","02A","Déchets dangereux","02A","Valorisation matière",6776.54046
2011,28,"Normandie","76","Seine-Maritime","02A","Déchets dangereux","02B","Incinération avec récupération d'énergie",531.53359
2011,28,"Normandie","76","Seine-Maritime","02A","Déchets dangereux","02C","Incinération sans récupération d'énergie",510.878
2011,28,"Normandie","76","Seine-Maritime","02A","Déchets dangereux","02D","Stockage",1011.87919
2011,28,"Normandie","76","Seine-Maritime","02A","Déchets dangereux","02F","Stockage pour inertes",208.79
2011,28,"Normandie","76","Seine-Maritime","02A","Déchets dangereux","02Z","Non précisé",342.00096
2011,28,"Normandie","76","Seine-Maritime","02B","Matériaux recyclables","02A","Valorisation matière",14103.05148
2011,28,"Normandie","76","Seine-Maritime","02B","Matériaux recyclables","02B","Incinération avec récupération d'énergie",1527.274
2011,28,"Normandie","76","Seine-Maritime","02B","Matériaux recyclables","02E","Valorisation organique",7660.89231
2011,28,"Normandie","76","Seine-Maritime","02B","Matériaux recyclables","02Z","Non précisé",2273.60744
2011,28,"Normandie","76","Seine-Maritime","02C","Déchets verts","02E","Valorisation organique",112114.2454
2011,28,"Normandie","76","Seine-Maritime","02D","Encombrants","02A","Valorisation matière",1283.35999
2011,28,"Normandie","76","Seine-Maritime","02D","Encombrants","02B","Incinération avec récupération d'énergie",22563.86001
2011,28,"Normandie","76","Seine-Maritime","02D","Encombrants","02C","Incinération sans récupération d'énergie",192.66
2011,28,"Normandie","76","Seine-Maritime","02D","Encombrants","02D","Stockage",47830.01015
2011,28,"Normandie","76","Seine-Maritime","02D","Encombrants","02F","Stockage pour inertes",4.98437
2011,28,"Normandie","76","Seine-Maritime","02D","Encombrants","02Z","Non précisé",3139.74
2011,28,"Normandie","76","Seine-Maritime","02E","Déblais et gravats","02A","Valorisation matière",18662.76575
2011,28,"Normandie","76","Seine-Maritime","02E","Déblais et gravats","02D","Stockage",1972.12196
2011,28,"Normandie","76","Seine-Maritime","02E","Déblais et gravats","02F","Stockage pour inertes",56744.07673
2011,28,"Normandie","76","Seine-Maritime","02E","Déblais et gravats","02Z","Non précisé",1596.86
2011,28,"Normandie","76","Seine-Maritime","02F","DEEE","02A","Valorisation matière",4723.15129
2011,28,"Normandie","76","Seine-Maritime","02F","DEEE","02B","Incinération avec récupération d'énergie",0.141
2011,28,"Normandie","76","Seine-Maritime","02F","DEEE","02Z","Non précisé",1237.53978
2011,28,"Normandie","76","Seine-Maritime","02Z","Autres déchets","02A","Valorisation matière",402.7445
2011,28,"Normandie","76","Seine-Maritime","02Z","Autres déchets","02B","Incinération avec récupération d'énergie",7946.27
2011,28,"Normandie","76","Seine-Maritime","02Z","Autres déchets","02C","Incinération sans récupération d'énergie",0.2
2011,28,"Normandie","76","Seine-Maritime","02Z","Autres déchets","02Z","Non précisé",15.374
2011,75,"Nouvelle-Aquitaine","16","Charente","02A","Déchets dangereux","02A","Valorisation matière",225.95
2011,75,"Nouvelle-Aquitaine","16","Charente","02A","Déchets dangereux","02B","Incinération avec récupération d'énergie",457.51
2011,75,"Nouvelle-Aquitaine","16","Charente","02A","Déchets dangereux","02C","Incinération sans récupération d'énergie",32.77
2011,75,"Nouvelle-Aquitaine","16","Charente","02A","Déchets dangereux","02D","Stockage",165.78
2011,75,"Nouvelle-Aquitaine","16","Charente","02A","Déchets dangereux","02Z","Non précisé",27.26
2011,75,"Nouvelle-Aquitaine","16","Charente","02B","Matériaux recyclables","02A","Valorisation matière",14284.89
2011,75,"Nouvelle-Aquitaine","16","Charente","02B","Matériaux recyclables","02B","Incinération avec récupération d'énergie",9.32
2011,75,"Nouvelle-Aquitaine","16","Charente","02B","Matériaux recyclables","02E","Valorisation organique",643.06
2011,75,"Nouvelle-Aquitaine","16","Charente","02B","Matériaux recyclables","02Z","Non précisé",0.27
2011,75,"Nouvelle-Aquitaine","16","Charente","02C","Déchets verts","02E","Valorisation organique",27371.21
2011,75,"Nouvelle-Aquitaine","16","Charente","02D","Encombrants","02A","Valorisation matière",16.3
2011,75,"Nouvelle-Aquitaine","16","Charente","02D","Encombrants","02B","Incinération avec récupération d'énergie",3062.19
2011,75,"Nouvelle-Aquitaine","16","Charente","02D","Encombrants","02D","Stockage",15225.22
2011,75,"Nouvelle-Aquitaine","16","Charente","02E","Déblais et gravats","02A","Valorisation matière",25733.73
2011,75,"Nouvelle-Aquitaine","16","Charente","02F","DEEE","02A","Valorisation matière",2426.79
2011,75,"Nouvelle-Aquitaine","16","Charente","02Z","Autres déchets","02A","Valorisation matière",62.88
2011,75,"Nouvelle-Aquitaine","17","Charente-Maritime","02A","Déchets dangereux","02A","Valorisation matière",311.11
2011,75,"Nouvelle-Aquitaine","17","Charente-Maritime","02A","Déchets dangereux","02B","Incinération avec récupération d'énergie",26.85
2011,75,"Nouvelle-Aquitaine","17","Charente-Maritime","02A","Déchets dangereux","02C","Incinération sans récupération d'énergie",362.47
2011,75,"Nouvelle-Aquitaine","17","Charente-Maritime","02A","Déchets dangereux","02D","Stockage",176.71
2011,75,"Nouvelle-Aquitaine","17","Charente-Maritime","02A","Déchets dangereux","02Z","Non précisé",171.7
2011,75,"Nouvelle-Aquitaine","17","Charente-Maritime","02B","Matériaux recyclables","02A","Valorisation matière",26523.64
2011,75,"Nouvelle-Aquitaine","17","Charente-Maritime","02B","Matériaux recyclables","02B","Incinération avec récupération d'énergie",321.33
2011,75,"Nouvelle-Aquitaine","17","Charente-Maritime","02B","Matériaux recyclables","02E","Valorisation organique",333
2011,75,"Nouvelle-Aquitaine","17","Charente-Maritime","02C","Déchets verts","02E","Valorisation organique",61110.79
2011,75,"Nouvelle-Aquitaine","17","Charente-Maritime","02C","Déchets verts","02F","Stockage pour inertes",686.31
2011,75,"Nouvelle-Aquitaine","17","Charente-Maritime","02D","Encombrants","02A","Valorisation matière",43.86
2011,75,"Nouvelle-Aquitaine","17","Charente-Maritime","02D","Encombrants","02C","Incinération sans récupération d'énergie",2168.46
2011,75,"Nouvelle-Aquitaine","17","Charente-Maritime","02D","Encombrants","02D","Stockage",44871.53
2011,75,"Nouvelle-Aquitaine","17","Charente-Maritime","02D","Encombrants","02E","Valorisation organique",1755.12
2011,75,"Nouvelle-Aquitaine","17","Charente-Maritime","02E","Déblais et gravats","02A","Valorisation matière",1251.83
2011,75,"Nouvelle-Aquitaine","17","Charente-Maritime","02E","Déblais et gravats","02F","Stockage pour inertes",52673.49
2011,75,"Nouvelle-Aquitaine","17","Charente-Maritime","02E","Déblais et gravats","02Z","Non précisé",18901.3
2011,75,"Nouvelle-Aquitaine","17","Charente-Maritime","02F","DEEE","02A","Valorisation matière",4495.05
2011,75,"Nouvelle-Aquitaine","17","Charente-Maritime","02Z","Autres déchets","02A","Valorisation matière",49.13
2011,75,"Nouvelle-Aquitaine","19","Corrèze","02A","Déchets dangereux","02A","Valorisation matière",53.77702
2011,75,"Nouvelle-Aquitaine","19","Corrèze","02A","Déchets dangereux","02B","Incinération avec récupération d'énergie",0.303
2011,75,"Nouvelle-Aquitaine","19","Corrèze","02A","Déchets dangereux","02C","Incinération sans récupération d'énergie",52.1649
2011,75,"Nouvelle-Aquitaine","19","Corrèze","02A","Déchets dangereux","02D","Stockage",37.4594
2011,75,"Nouvelle-Aquitaine","19","Corrèze","02A","Déchets dangereux","02Z","Non précisé",53.95155
2011,75,"Nouvelle-Aquitaine","19","Corrèze","02B","Matériaux recyclables","02A","Valorisation matière",3764.57576
2011,75,"Nouvelle-Aquitaine","19","Corrèze","02B","Matériaux recyclables","02D","Stockage",1376.03382
2011,75,"Nouvelle-Aquitaine","19","Corrèze","02B","Matériaux recyclables","02E","Valorisation organique",1353.37468
2011,75,"Nouvelle-Aquitaine","19","Corrèze","02B","Matériaux recyclables","02Z","Non précisé",746.81891
2011,75,"Nouvelle-Aquitaine","19","Corrèze","02C","Déchets verts","02E","Valorisation organique",10638.17173
2011,75,"Nouvelle-Aquitaine","19","Corrèze","02C","Déchets verts","02Z","Non précisé",170
2011,75,"Nouvelle-Aquitaine","19","Corrèze","02D","Encombrants","02A","Valorisation matière",16.78627
2011,75,"Nouvelle-Aquitaine","19","Corrèze","02D","Encombrants","02B","Incinération avec récupération d'énergie",1477.39217
2011,75,"Nouvelle-Aquitaine","19","Corrèze","02D","Encombrants","02D","Stockage",11268.14523
2011,75,"Nouvelle-Aquitaine","19","Corrèze","02D","Encombrants","02F","Stockage pour inertes",287.42
2011,75,"Nouvelle-Aquitaine","19","Corrèze","02D","Encombrants","02Z","Non précisé",294.13053
2011,75,"Nouvelle-Aquitaine","19","Corrèze","02E","Déblais et gravats","02A","Valorisation matière",1680.48078
2011,75,"Nouvelle-Aquitaine","19","Corrèze","02E","Déblais et gravats","02D","Stockage",3218.13308
2011,75,"Nouvelle-Aquitaine","19","Corrèze","02E","Déblais et gravats","02F","Stockage pour inertes",4257.97999
2011,75,"Nouvelle-Aquitaine","19","Corrèze","02E","Déblais et gravats","02Z","Non précisé",777.79677
2011,75,"Nouvelle-Aquitaine","19","Corrèze","02F","DEEE","02A","Valorisation matière",542.36188
2011,75,"Nouvelle-Aquitaine","19","Corrèze","02F","DEEE","02Z","Non précisé",1028.9365
2011,75,"Nouvelle-Aquitaine","19","Corrèze","02Z","Autres déchets","02D","Stockage",211.1
2011,75,"Nouvelle-Aquitaine","19","Corrèze","02Z","Autres déchets","02Z","Non précisé",7.5
2011,75,"Nouvelle-Aquitaine","23","Creuse","02A","Déchets dangereux","02A","Valorisation matière",66.99468
2011,75,"Nouvelle-Aquitaine","23","Creuse","02A","Déchets dangereux","02B","Incinération avec récupération d'énergie",3.387
2011,75,"Nouvelle-Aquitaine","23","Creuse","02A","Déchets dangereux","02C","Incinération sans récupération d'énergie",113.61311
2011,75,"Nouvelle-Aquitaine","23","Creuse","02A","Déchets dangereux","02Z","Non précisé",26.96
2011,75,"Nouvelle-Aquitaine","23","Creuse","02B","Matériaux recyclables","02A","Valorisation matière",2205.35912
2011,75,"Nouvelle-Aquitaine","23","Creuse","02B","Matériaux recyclables","02E","Valorisation organique",1495.00331
2011,75,"Nouvelle-Aquitaine","23","Creuse","02B","Matériaux recyclables","02Z","Non précisé",87.86728
2011,75,"Nouvelle-Aquitaine","23","Creuse","02C","Déchets verts","02A","Valorisation matière",13.81498
2011,75,"Nouvelle-Aquitaine","23","Creuse","02C","Déchets verts","02D","Stockage",193.67
2011,75,"Nouvelle-Aquitaine","23","Creuse","02C","Déchets verts","02E","Valorisation organique",4474.98977
2011,75,"Nouvelle-Aquitaine","23","Creuse","02D","Encombrants","02A","Valorisation matière",597.66894
2011,75,"Nouvelle-Aquitaine","23","Creuse","02D","Encombrants","02D","Stockage",3740.01745
2011,75,"Nouvelle-Aquitaine","23","Creuse","02D","Encombrants","02Z","Non précisé",46.27948
2011,75,"Nouvelle-Aquitaine","23","Creuse","02E","Déblais et gravats","02A","Valorisation matière",1020.97709
2011,75,"Nouvelle-Aquitaine","23","Creuse","02E","Déblais et gravats","02D","Stockage",31.12835
2011,75,"Nouvelle-Aquitaine","23","Creuse","02E","Déblais et gravats","02F","Stockage pour inertes",5151.12971
2011,75,"Nouvelle-Aquitaine","23","Creuse","02F","DEEE","02A","Valorisation matière",847.14424
2011,75,"Nouvelle-Aquitaine","23","Creuse","02F","DEEE","02Z","Non précisé",7.56418
2011,75,"Nouvelle-Aquitaine","23","Creuse","02Z","Autres déchets","02A","Valorisation matière",3.125
2011,75,"Nouvelle-Aquitaine","23","Creuse","02Z","Autres déchets","02B","Incinération avec récupération d'énergie",0.4
2011,75,"Nouvelle-Aquitaine","23","Creuse","02Z","Autres déchets","02C","Incinération sans récupération d'énergie",0.57
2011,75,"Nouvelle-Aquitaine","24","Dordogne","02A","Déchets dangereux","02A","Valorisation matière",210.50415
2011,75,"Nouvelle-Aquitaine","24","Dordogne","02A","Déchets dangereux","02B","Incinération avec récupération d'énergie",106.66275
2011,75,"Nouvelle-Aquitaine","24","Dordogne","02A","Déchets dangereux","02C","Incinération sans récupération d'énergie",117.05657
2011,75,"Nouvelle-Aquitaine","24","Dordogne","02A","Déchets dangereux","02D","Stockage",64.38342
2011,75,"Nouvelle-Aquitaine","24","Dordogne","02A","Déchets dangereux","02Z","Non précisé",84.38313
2011,75,"Nouvelle-Aquitaine","24","Dordogne","02B","Matériaux recyclables","02A","Valorisation matière",18473.44657
2011,75,"Nouvelle-Aquitaine","24","Dordogne","02B","Matériaux recyclables","02B","Incinération avec récupération d'énergie",278.582
2011,75,"Nouvelle-Aquitaine","24","Dordogne","02B","Matériaux recyclables","02C","Incinération sans récupération d'énergie",0.418
2011,75,"Nouvelle-Aquitaine","24","Dordogne","02B","Matériaux recyclables","02D","Stockage",107.10026
2011,75,"Nouvelle-Aquitaine","24","Dordogne","02B","Matériaux recyclables","02E","Valorisation organique",112.28296
2011,75,"Nouvelle-Aquitaine","24","Dordogne","02B","Matériaux recyclables","02Z","Non précisé",120.22066
2011,75,"Nouvelle-Aquitaine","24","Dordogne","02C","Déchets verts","02A","Valorisation matière",3979.51
2011,75,"Nouvelle-Aquitaine","24","Dordogne","02C","Déchets verts","02E","Valorisation organique",22885.34065
2011,75,"Nouvelle-Aquitaine","24","Dordogne","02D","Encombrants","02A","Valorisation matière",1254.66795
2011,75,"Nouvelle-Aquitaine","24","Dordogne","02D","Encombrants","02B","Incinération avec récupération d'énergie",48.65184
2011,75,"Nouvelle-Aquitaine","24","Dordogne","02D","Encombrants","02C","Incinération sans récupération d'énergie",341
2011,75,"Nouvelle-Aquitaine","24","Dordogne","02D","Encombrants","02D","Stockage",13717.97613
2011,75,"Nouvelle-Aquitaine","24","Dordogne","02E","Déblais et gravats","02A","Valorisation matière",3675.48314
2011,75,"Nouvelle-Aquitaine","24","Dordogne","02E","Déblais et gravats","02D","Stockage",7853.42761
2011,75,"Nouvelle-Aquitaine","24","Dordogne","02E","Déblais et gravats","02F","Stockage pour inertes",10586.89996
2011,75,"Nouvelle-Aquitaine","24","Dordogne","02F","DEEE","02A","Valorisation matière",1665.2134
2011,75,"Nouvelle-Aquitaine","24","Dordogne","02F","DEEE","02Z","Non précisé",15.873
2011,75,"Nouvelle-Aquitaine","24","Dordogne","02Z","Autres déchets","02A","Valorisation matière",18.99448
2011,75,"Nouvelle-Aquitaine","24","Dordogne","02Z","Autres déchets","02B","Incinération avec récupération d'énergie",0.48
2011,75,"Nouvelle-Aquitaine","24","Dordogne","02Z","Autres déchets","02C","Incinération sans récupération d'énergie",557.93474
2011,75,"Nouvelle-Aquitaine","24","Dordogne","02Z","Autres déchets","02D","Stockage",4921
2011,75,"Nouvelle-Aquitaine","24","Dordogne","02Z","Autres déchets","02Z","Non précisé",5.365
2011,75,"Nouvelle-Aquitaine","33","Gironde","02A","Déchets dangereux","02A","Valorisation matière",385.66393
2011,75,"Nouvelle-Aquitaine","33","Gironde","02A","Déchets dangereux","02B","Incinération avec récupération d'énergie",526.82391
2011,75,"Nouvelle-Aquitaine","33","Gironde","02A","Déchets dangereux","02C","Incinération sans récupération d'énergie",28
2011,75,"Nouvelle-Aquitaine","33","Gironde","02A","Déchets dangereux","02D","Stockage",103.63135
2011,75,"Nouvelle-Aquitaine","33","Gironde","02A","Déchets dangereux","02F","Stockage pour inertes",3.86
2011,75,"Nouvelle-Aquitaine","33","Gironde","02A","Déchets dangereux","02Z","Non précisé",913.87988
2011,75,"Nouvelle-Aquitaine","33","Gironde","02B","Matériaux recyclables","02A","Valorisation matière",50872.87516
2011,75,"Nouvelle-Aquitaine","33","Gironde","02B","Matériaux recyclables","02B","Incinération avec récupération d'énergie",0.156
2011,75,"Nouvelle-Aquitaine","33","Gironde","02B","Matériaux recyclables","02E","Valorisation organique",3781.89348
2011,75,"Nouvelle-Aquitaine","33","Gironde","02B","Matériaux recyclables","02Z","Non précisé",514.34127
2011,75,"Nouvelle-Aquitaine","33","Gironde","02C","Déchets verts","02D","Stockage",8063
2011,75,"Nouvelle-Aquitaine","33","Gironde","02C","Déchets verts","02E","Valorisation organique",106310.1539
2011,75,"Nouvelle-Aquitaine","33","Gironde","02D","Encombrants","02A","Valorisation matière",1965.42813
2011,75,"Nouvelle-Aquitaine","33","Gironde","02D","Encombrants","02B","Incinération avec récupération d'énergie",17540.6
2011,75,"Nouvelle-Aquitaine","33","Gironde","02D","Encombrants","02D","Stockage",50568.76719
2011,75,"Nouvelle-Aquitaine","33","Gironde","02D","Encombrants","02Z","Non précisé",2199
2011,75,"Nouvelle-Aquitaine","33","Gironde","02E","Déblais et gravats","02A","Valorisation matière",39672.81
2011,75,"Nouvelle-Aquitaine","33","Gironde","02E","Déblais et gravats","02F","Stockage pour inertes",43917.7961
2011,75,"Nouvelle-Aquitaine","33","Gironde","02E","Déblais et gravats","02Z","Non précisé",2422.5
2011,75,"Nouvelle-Aquitaine","33","Gironde","02F","DEEE","02A","Valorisation matière",4044.16495
2011,75,"Nouvelle-Aquitaine","33","Gironde","02Z","Autres déchets","02A","Valorisation matière",1590.15601
2011,75,"Nouvelle-Aquitaine","33","Gironde","02Z","Autres déchets","02B","Incinération avec récupération d'énergie",3.48
2011,75,"Nouvelle-Aquitaine","33","Gironde","02Z","Autres déchets","02D","Stockage",6697
2011,75,"Nouvelle-Aquitaine","33","Gironde","02Z","Autres déchets","02Z","Non précisé",0.86
2011,75,"Nouvelle-Aquitaine","40","Landes","02A","Déchets dangereux","02A","Valorisation matière",1415.56384
2011,75,"Nouvelle-Aquitaine","40","Landes","02A","Déchets dangereux","02B","Incinération avec récupération d'énergie",8.18
2011,75,"Nouvelle-Aquitaine","40","Landes","02A","Déchets dangereux","02C","Incinération sans récupération d'énergie",373.49646
2011,75,"Nouvelle-Aquitaine","40","Landes","02A","Déchets dangereux","02D","Stockage",112
2011,75,"Nouvelle-Aquitaine","40","Landes","02A","Déchets dangereux","02Z","Non précisé",112.33815
2011,75,"Nouvelle-Aquitaine","40","Landes","02B","Matériaux recyclables","02A","Valorisation matière",30093.47574
2011,75,"Nouvelle-Aquitaine","40","Landes","02B","Matériaux recyclables","02C","Incinération sans récupération d'énergie",0.125
2011,75,"Nouvelle-Aquitaine","40","Landes","02B","Matériaux recyclables","02Z","Non précisé",182
2011,75,"Nouvelle-Aquitaine","40","Landes","02C","Déchets verts","02E","Valorisation organique",93716.42294
2011,75,"Nouvelle-Aquitaine","40","Landes","02C","Déchets verts","02Z","Non précisé",352.854
2011,75,"Nouvelle-Aquitaine","40","Landes","02D","Encombrants","02A","Valorisation matière",936.859
2011,75,"Nouvelle-Aquitaine","40","Landes","02D","Encombrants","02B","Incinération avec récupération d'énergie",2942.5
2011,75,"Nouvelle-Aquitaine","40","Landes","02D","Encombrants","02C","Incinération sans récupération d'énergie",10284.92
2011,75,"Nouvelle-Aquitaine","40","Landes","02D","Encombrants","02D","Stockage",13321.8389
2011,75,"Nouvelle-Aquitaine","40","Landes","02E","Déblais et gravats","02D","Stockage",19869.26
2011,75,"Nouvelle-Aquitaine","40","Landes","02E","Déblais et gravats","02F","Stockage pour inertes",55073.36264
2011,75,"Nouvelle-Aquitaine","40","Landes","02F","DEEE","02A","Valorisation matière",2287.86555
2011,75,"Nouvelle-Aquitaine","40","Landes","02F","DEEE","02Z","Non précisé",49.992
2011,75,"Nouvelle-Aquitaine","40","Landes","02Z","Autres déchets","02A","Valorisation matière",45.16
2011,75,"Nouvelle-Aquitaine","40","Landes","02Z","Autres déchets","02Z","Non précisé",0.163
2011,75,"Nouvelle-Aquitaine","47","Lot-et-Garonne","02A","Déchets dangereux","02A","Valorisation matière",138.18844
2011,75,"Nouvelle-Aquitaine","47","Lot-et-Garonne","02A","Déchets dangereux","02B","Incinération avec récupération d'énergie",193.51165
2011,75,"Nouvelle-Aquitaine","47","Lot-et-Garonne","02A","Déchets dangereux","02C","Incinération sans récupération d'énergie",8.689
2011,75,"Nouvelle-Aquitaine","47","Lot-et-Garonne","02A","Déchets dangereux","02D","Stockage",0.0385
2011,75,"Nouvelle-Aquitaine","47","Lot-et-Garonne","02A","Déchets dangereux","02Z","Non précisé",37.978
2011,75,"Nouvelle-Aquitaine","47","Lot-et-Garonne","02B","Matériaux recyclables","02A","Valorisation matière",10159.35364
2011,75,"Nouvelle-Aquitaine","47","Lot-et-Garonne","02B","Matériaux recyclables","02B","Incinération avec récupération d'énergie",1145.227
2011,75,"Nouvelle-Aquitaine","47","Lot-et-Garonne","02B","Matériaux recyclables","02C","Incinération sans récupération d'énergie",0.122
2011,75,"Nouvelle-Aquitaine","47","Lot-et-Garonne","02B","Matériaux recyclables","02E","Valorisation organique",28.3
2011,75,"Nouvelle-Aquitaine","47","Lot-et-Garonne","02B","Matériaux recyclables","02Z","Non précisé",0.41
2011,75,"Nouvelle-Aquitaine","47","Lot-et-Garonne","02C","Déchets verts","02A","Valorisation matière",103
2011,75,"Nouvelle-Aquitaine","47","Lot-et-Garonne","02C","Déchets verts","02E","Valorisation organique",19994.67758
2011,75,"Nouvelle-Aquitaine","47","Lot-et-Garonne","02D","Encombrants","02A","Valorisation matière",515.99999
2011,75,"Nouvelle-Aquitaine","47","Lot-et-Garonne","02D","Encombrants","02D","Stockage",16229.35457
2011,75,"Nouvelle-Aquitaine","47","Lot-et-Garonne","02E","Déblais et gravats","02A","Valorisation matière",4727.94943
2011,75,"Nouvelle-Aquitaine","47","Lot-et-Garonne","02E","Déblais et gravats","02D","Stockage",2956.08
2011,75,"Nouvelle-Aquitaine","47","Lot-et-Garonne","02E","Déblais et gravats","02F","Stockage pour inertes",9335.58001
2011,75,"Nouvelle-Aquitaine","47","Lot-et-Garonne","02F","DEEE","02A","Valorisation matière",1685.37024
2011,75,"Nouvelle-Aquitaine","47","Lot-et-Garonne","02Z","Autres déchets","02A","Valorisation matière",9.16926
2011,75,"Nouvelle-Aquitaine","47","Lot-et-Garonne","02Z","Autres déchets","02B","Incinération avec récupération d'énergie",0.66
2011,75,"Nouvelle-Aquitaine","47","Lot-et-Garonne","02Z","Autres déchets","02C","Incinération sans récupération d'énergie",17.49526
2011,75,"Nouvelle-Aquitaine","64","Pyrénées-Atlantiques","02A","Déchets dangereux","02A","Valorisation matière",216.54356
2011,75,"Nouvelle-Aquitaine","64","Pyrénées-Atlantiques","02A","Déchets dangereux","02B","Incinération avec récupération d'énergie",280.321
2011,75,"Nouvelle-Aquitaine","64","Pyrénées-Atlantiques","02A","Déchets dangereux","02C","Incinération sans récupération d'énergie",172.06454
2011,75,"Nouvelle-Aquitaine","64","Pyrénées-Atlantiques","02A","Déchets dangereux","02Z","Non précisé",153.56155
2011,75,"Nouvelle-Aquitaine","64","Pyrénées-Atlantiques","02B","Matériaux recyclables","02A","Valorisation matière",17984.31757
2011,75,"Nouvelle-Aquitaine","64","Pyrénées-Atlantiques","02B","Matériaux recyclables","02B","Incinération avec récupération d'énergie",3352.432
2011,75,"Nouvelle-Aquitaine","64","Pyrénées-Atlantiques","02B","Matériaux recyclables","02C","Incinération sans récupération d'énergie",412.51
2011,75,"Nouvelle-Aquitaine","64","Pyrénées-Atlantiques","02B","Matériaux recyclables","02E","Valorisation organique",228
2011,75,"Nouvelle-Aquitaine","64","Pyrénées-Atlantiques","02B","Matériaux recyclables","02Z","Non précisé",1.2487
2011,75,"Nouvelle-Aquitaine","64","Pyrénées-Atlantiques","02C","Déchets verts","02A","Valorisation matière",1212
2011,75,"Nouvelle-Aquitaine","64","Pyrénées-Atlantiques","02C","Déchets verts","02C","Incinération sans récupération d'énergie",1063.52
2011,75,"Nouvelle-Aquitaine","64","Pyrénées-Atlantiques","02C","Déchets verts","02E","Valorisation organique",39920.43288
2011,75,"Nouvelle-Aquitaine","64","Pyrénées-Atlantiques","02D","Encombrants","02A","Valorisation matière",1561.86101
2011,75,"Nouvelle-Aquitaine","64","Pyrénées-Atlantiques","02D","Encombrants","02B","Incinération avec récupération d'énergie",4876.97
2011,75,"Nouvelle-Aquitaine","64","Pyrénées-Atlantiques","02D","Encombrants","02C","Incinération sans récupération d'énergie",723.48
2011,75,"Nouvelle-Aquitaine","64","Pyrénées-Atlantiques","02D","Encombrants","02D","Stockage",26639.96821
2011,75,"Nouvelle-Aquitaine","64","Pyrénées-Atlantiques","02E","Déblais et gravats","02A","Valorisation matière",11480.07
2011,75,"Nouvelle-Aquitaine","64","Pyrénées-Atlantiques","02E","Déblais et gravats","02C","Incinération sans récupération d'énergie",443.91
2011,75,"Nouvelle-Aquitaine","64","Pyrénées-Atlantiques","02E","Déblais et gravats","02D","Stockage",11837.35
2011,75,"Nouvelle-Aquitaine","64","Pyrénées-Atlantiques","02E","Déblais et gravats","02F","Stockage pour inertes",7085.43542
2011,75,"Nouvelle-Aquitaine","64","Pyrénées-Atlantiques","02E","Déblais et gravats","02Z","Non précisé",387.34845
2011,75,"Nouvelle-Aquitaine","64","Pyrénées-Atlantiques","02F","DEEE","02A","Valorisation matière",4250.81473
2011,75,"Nouvelle-Aquitaine","64","Pyrénées-Atlantiques","02Z","Autres déchets","02A","Valorisation matière",1877.903
2011,75,"Nouvelle-Aquitaine","64","Pyrénées-Atlantiques","02Z","Autres déchets","02B","Incinération avec récupération d'énergie",16.13
2011,75,"Nouvelle-Aquitaine","64","Pyrénées-Atlantiques","02Z","Autres déchets","02C","Incinération sans récupération d'énergie",0.4314
2011,75,"Nouvelle-Aquitaine","64","Pyrénées-Atlantiques","02Z","Autres déchets","02D","Stockage",110
2011,75,"Nouvelle-Aquitaine","64","Pyrénées-Atlantiques","02Z","Autres déchets","02E","Valorisation organique",0.95
2011,75,"Nouvelle-Aquitaine","79","Deux-Sèvres","02A","Déchets dangereux","02A","Valorisation matière",217.74
2011,75,"Nouvelle-Aquitaine","79","Deux-Sèvres","02A","Déchets dangereux","02B","Incinération avec récupération d'énergie",36.26784
2011,75,"Nouvelle-Aquitaine","79","Deux-Sèvres","02A","Déchets dangereux","02C","Incinération sans récupération d'énergie",28.53
2011,75,"Nouvelle-Aquitaine","79","Deux-Sèvres","02A","Déchets dangereux","02F","Stockage pour inertes",35.49
2011,75,"Nouvelle-Aquitaine","79","Deux-Sèvres","02A","Déchets dangereux","02Z","Non précisé",328.73
2011,75,"Nouvelle-Aquitaine","79","Deux-Sèvres","02B","Matériaux recyclables","02A","Valorisation matière",16059.81267
2011,75,"Nouvelle-Aquitaine","79","Deux-Sèvres","02B","Matériaux recyclables","02B","Incinération avec récupération d'énergie",362.20892
2011,75,"Nouvelle-Aquitaine","79","Deux-Sèvres","02B","Matériaux recyclables","02E","Valorisation organique",8.34402
2011,75,"Nouvelle-Aquitaine","79","Deux-Sèvres","02B","Matériaux recyclables","02Z","Non précisé",52.9
2011,75,"Nouvelle-Aquitaine","79","Deux-Sèvres","02C","Déchets verts","02E","Valorisation organique",36090.01619
2011,75,"Nouvelle-Aquitaine","79","Deux-Sèvres","02D","Encombrants","02A","Valorisation matière",45.01
2011,75,"Nouvelle-Aquitaine","79","Deux-Sèvres","02D","Encombrants","02D","Stockage",17085.03772
2011,75,"Nouvelle-Aquitaine","79","Deux-Sèvres","02E","Déblais et gravats","02A","Valorisation matière",5022.82
2011,75,"Nouvelle-Aquitaine","79","Deux-Sèvres","02E","Déblais et gravats","02F","Stockage pour inertes",22806.28
2011,75,"Nouvelle-Aquitaine","79","Deux-Sèvres","02E","Déblais et gravats","02Z","Non précisé",76.8
2011,75,"Nouvelle-Aquitaine","79","Deux-Sèvres","02F","DEEE","02A","Valorisation matière",2132.01723
2011,75,"Nouvelle-Aquitaine","79","Deux-Sèvres","02Z","Autres déchets","02A","Valorisation matière",37.16
2011,75,"Nouvelle-Aquitaine","86","Vienne","02A","Déchets dangereux","02A","Valorisation matière",599.57
2011,75,"Nouvelle-Aquitaine","86","Vienne","02A","Déchets dangereux","02B","Incinération avec récupération d'énergie",308.87
2011,75,"Nouvelle-Aquitaine","86","Vienne","02A","Déchets dangereux","02C","Incinération sans récupération d'énergie",0.47
2011,75,"Nouvelle-Aquitaine","86","Vienne","02A","Déchets dangereux","02D","Stockage",19.4
2011,75,"Nouvelle-Aquitaine","86","Vienne","02A","Déchets dangereux","02F","Stockage pour inertes",1.4
2011,75,"Nouvelle-Aquitaine","86","Vienne","02A","Déchets dangereux","02Z","Non précisé",223.27
2011,75,"Nouvelle-Aquitaine","86","Vienne","02B","Matériaux recyclables","02A","Valorisation matière",13751.72
2011,75,"Nouvelle-Aquitaine","86","Vienne","02B","Matériaux recyclables","02B","Incinération avec récupération d'énergie",1124.21
2011,75,"Nouvelle-Aquitaine","86","Vienne","02B","Matériaux recyclables","02Z","Non précisé",0.5
2011,75,"Nouvelle-Aquitaine","86","Vienne","02C","Déchets verts","02A","Valorisation matière",1388.94
2011,75,"Nouvelle-Aquitaine","86","Vienne","02C","Déchets verts","02E","Valorisation organique",35509.15
2011,75,"Nouvelle-Aquitaine","86","Vienne","02D","Encombrants","02A","Valorisation matière",58.16
2011,75,"Nouvelle-Aquitaine","86","Vienne","02D","Encombrants","02B","Incinération avec récupération d'énergie",3088.68
2011,75,"Nouvelle-Aquitaine","86","Vienne","02D","Encombrants","02D","Stockage",25475.98
2011,75,"Nouvelle-Aquitaine","86","Vienne","02D","Encombrants","02Z","Non précisé",112.3
2011,75,"Nouvelle-Aquitaine","86","Vienne","02E","Déblais et gravats","02A","Valorisation matière",11526.99
2011,75,"Nouvelle-Aquitaine","86","Vienne","02E","Déblais et gravats","02F","Stockage pour inertes",22791.33
2011,75,"Nouvelle-Aquitaine","86","Vienne","02F","DEEE","02A","Valorisation matière",2064.44
2011,75,"Nouvelle-Aquitaine","86","Vienne","02Z","Autres déchets","02A","Valorisation matière",13.66
2011,75,"Nouvelle-Aquitaine","86","Vienne","02Z","Autres déchets","02B","Incinération avec récupération d'énergie",0.45
2011,75,"Nouvelle-Aquitaine","87","Haute-Vienne","02A","Déchets dangereux","02A","Valorisation matière",226.92599
2011,75,"Nouvelle-Aquitaine","87","Haute-Vienne","02A","Déchets dangereux","02B","Incinération avec récupération d'énergie",95.111
2011,75,"Nouvelle-Aquitaine","87","Haute-Vienne","02A","Déchets dangereux","02C","Incinération sans récupération d'énergie",5.041
2011,75,"Nouvelle-Aquitaine","87","Haute-Vienne","02A","Déchets dangereux","02Z","Non précisé",283.25901
2011,75,"Nouvelle-Aquitaine","87","Haute-Vienne","02B","Matériaux recyclables","02A","Valorisation matière",8454.92201
2011,75,"Nouvelle-Aquitaine","87","Haute-Vienne","02B","Matériaux recyclables","02B","Incinération avec récupération d'énergie",263.06
2011,75,"Nouvelle-Aquitaine","87","Haute-Vienne","02B","Matériaux recyclables","02Z","Non précisé",106.58
2011,75,"Nouvelle-Aquitaine","87","Haute-Vienne","02C","Déchets verts","02A","Valorisation matière",11786.28
2011,75,"Nouvelle-Aquitaine","87","Haute-Vienne","02C","Déchets verts","02E","Valorisation organique",12972.846
2011,75,"Nouvelle-Aquitaine","87","Haute-Vienne","02D","Encombrants","02A","Valorisation matière",804.12
2011,75,"Nouvelle-Aquitaine","87","Haute-Vienne","02D","Encombrants","02D","Stockage",17723.7
2011,75,"Nouvelle-Aquitaine","87","Haute-Vienne","02E","Déblais et gravats","02A","Valorisation matière",739.6
2011,75,"Nouvelle-Aquitaine","87","Haute-Vienne","02E","Déblais et gravats","02D","Stockage",567.7
2011,75,"Nouvelle-Aquitaine","87","Haute-Vienne","02E","Déblais et gravats","02F","Stockage pour inertes",8666.622
2011,75,"Nouvelle-Aquitaine","87","Haute-Vienne","02E","Déblais et gravats","02Z","Non précisé",326.46
2011,75,"Nouvelle-Aquitaine","87","Haute-Vienne","02F","DEEE","02A","Valorisation matière",2170.477
2011,75,"Nouvelle-Aquitaine","87","Haute-Vienne","02Z","Autres déchets","02A","Valorisation matière",5.94
2011,75,"Nouvelle-Aquitaine","87","Haute-Vienne","02Z","Autres déchets","02Z","Non précisé",1.8
2011,76,"Occitanie","09","Ariège","02A","Déchets dangereux","02A","Valorisation matière",157.92587
2011,76,"Occitanie","09","Ariège","02A","Déchets dangereux","02B","Incinération avec récupération d'énergie",0.288
2011,76,"Occitanie","09","Ariège","02A","Déchets dangereux","02Z","Non précisé",33.1746
2011,76,"Occitanie","09","Ariège","02B","Matériaux recyclables","02A","Valorisation matière",3987.24999
2011,76,"Occitanie","09","Ariège","02B","Matériaux recyclables","02B","Incinération avec récupération d'énergie",1723.47999
2011,76,"Occitanie","09","Ariège","02B","Matériaux recyclables","02E","Valorisation organique",1073.94
2011,76,"Occitanie","09","Ariège","02C","Déchets verts","02A","Valorisation matière",2467
2011,76,"Occitanie","09","Ariège","02C","Déchets verts","02E","Valorisation organique",9978.29
2011,76,"Occitanie","09","Ariège","02D","Encombrants","02A","Valorisation matière",125.48
2011,76,"Occitanie","09","Ariège","02D","Encombrants","02D","Stockage",5282.12
2011,76,"Occitanie","09","Ariège","02D","Encombrants","02Z","Non précisé",1389.02
2011,76,"Occitanie","09","Ariège","02E","Déblais et gravats","02A","Valorisation matière",180.17
2011,76,"Occitanie","09","Ariège","02E","Déblais et gravats","02F","Stockage pour inertes",7564
2011,76,"Occitanie","09","Ariège","02E","Déblais et gravats","02Z","Non précisé",153.86
2011,76,"Occitanie","09","Ariège","02F","DEEE","02A","Valorisation matière",1065.44301
2011,76,"Occitanie","09","Ariège","02F","DEEE","02Z","Non précisé",263.328
2011,76,"Occitanie","09","Ariège","02Z","Autres déchets","02A","Valorisation matière",226.27
2011,76,"Occitanie","09","Ariège","02Z","Autres déchets","02D","Stockage",408.7
2011,76,"Occitanie","11","Aude","02A","Déchets dangereux","02A","Valorisation matière",128.67199
2011,76,"Occitanie","11","Aude","02A","Déchets dangereux","02B","Incinération avec récupération d'énergie",16.70031
2011,76,"Occitanie","11","Aude","02A","Déchets dangereux","02C","Incinération sans récupération d'énergie",318.87
2011,76,"Occitanie","11","Aude","02B","Matériaux recyclables","02A","Valorisation matière",13115.2169
2011,76,"Occitanie","11","Aude","02B","Matériaux recyclables","02B","Incinération avec récupération d'énergie",0.0776
2011,76,"Occitanie","11","Aude","02B","Matériaux recyclables","02E","Valorisation organique",975.43181
2011,76,"Occitanie","11","Aude","02C","Déchets verts","02A","Valorisation matière",3488.81
2011,76,"Occitanie","11","Aude","02C","Déchets verts","02E","Valorisation organique",13831.92568
2011,76,"Occitanie","11","Aude","02C","Déchets verts","02F","Stockage pour inertes",64
2011,76,"Occitanie","11","Aude","02D","Encombrants","02A","Valorisation matière",1407.25
2011,76,"Occitanie","11","Aude","02D","Encombrants","02B","Incinération avec récupération d'énergie",4861.97
2011,76,"Occitanie","11","Aude","02D","Encombrants","02D","Stockage",24801.22
2011,76,"Occitanie","11","Aude","02D","Encombrants","02F","Stockage pour inertes",35.74
2011,76,"Occitanie","11","Aude","02E","Déblais et gravats","02A","Valorisation matière",8953
2011,76,"Occitanie","11","Aude","02E","Déblais et gravats","02D","Stockage",6679
2011,76,"Occitanie","11","Aude","02E","Déblais et gravats","02F","Stockage pour inertes",4858.55901
2011,76,"Occitanie","11","Aude","02F","DEEE","02A","Valorisation matière",1369.75435
2011,76,"Occitanie","11","Aude","02Z","Autres déchets","02A","Valorisation matière",7.77515
2011,76,"Occitanie","11","Aude","02Z","Autres déchets","02C","Incinération sans récupération d'énergie",0.00147
2011,76,"Occitanie","12","Aveyron","02A","Déchets dangereux","02A","Valorisation matière",228.99845
2011,76,"Occitanie","12","Aveyron","02A","Déchets dangereux","02B","Incinération avec récupération d'énergie",94.7792
2011,76,"Occitanie","12","Aveyron","02A","Déchets dangereux","02C","Incinération sans récupération d'énergie",14.482
2011,76,"Occitanie","12","Aveyron","02A","Déchets dangereux","02D","Stockage",5.719
2011,76,"Occitanie","12","Aveyron","02A","Déchets dangereux","02Z","Non précisé",45.794
2011,76,"Occitanie","12","Aveyron","02B","Matériaux recyclables","02A","Valorisation matière",8257.101
2011,76,"Occitanie","12","Aveyron","02B","Matériaux recyclables","02B","Incinération avec récupération d'énergie",1483.24
2011,76,"Occitanie","12","Aveyron","02B","Matériaux recyclables","02E","Valorisation organique",108.52
2011,76,"Occitanie","12","Aveyron","02B","Matériaux recyclables","02Z","Non précisé",325.28
2011,76,"Occitanie","12","Aveyron","02C","Déchets verts","02A","Valorisation matière",145
2011,76,"Occitanie","12","Aveyron","02C","Déchets verts","02E","Valorisation organique",10736.8
2011,76,"Occitanie","12","Aveyron","02D","Encombrants","02A","Valorisation matière",4010.23
2011,76,"Occitanie","12","Aveyron","02D","Encombrants","02B","Incinération avec récupération d'énergie",218
2011,76,"Occitanie","12","Aveyron","02D","Encombrants","02D","Stockage",7560.69
2011,76,"Occitanie","12","Aveyron","02D","Encombrants","02E","Valorisation organique",389
2011,76,"Occitanie","12","Aveyron","02D","Encombrants","02Z","Non précisé",88
2011,76,"Occitanie","12","Aveyron","02E","Déblais et gravats","02A","Valorisation matière",2546.95
2011,76,"Occitanie","12","Aveyron","02E","Déblais et gravats","02D","Stockage",550
2011,76,"Occitanie","12","Aveyron","02E","Déblais et gravats","02E","Valorisation organique",739.02
2011,76,"Occitanie","12","Aveyron","02E","Déblais et gravats","02F","Stockage pour inertes",5102.83
2011,76,"Occitanie","12","Aveyron","02E","Déblais et gravats","02Z","Non précisé",1015
2011,76,"Occitanie","12","Aveyron","02F","DEEE","02A","Valorisation matière",1975.251
2011,76,"Occitanie","12","Aveyron","02F","DEEE","02Z","Non précisé",51
2011,76,"Occitanie","12","Aveyron","02Z","Autres déchets","02A","Valorisation matière",99.897
2011,76,"Occitanie","12","Aveyron","02Z","Autres déchets","02B","Incinération avec récupération d'énergie",4.4
2011,76,"Occitanie","12","Aveyron","02Z","Autres déchets","02D","Stockage",592.2375
2011,76,"Occitanie","12","Aveyron","02Z","Autres déchets","02Z","Non précisé",328.6
2011,76,"Occitanie","30","Gard","02A","Déchets dangereux","02A","Valorisation matière",791.86339
2011,76,"Occitanie","30","Gard","02A","Déchets dangereux","02B","Incinération avec récupération d'énergie",10.365
2011,76,"Occitanie","30","Gard","02A","Déchets dangereux","02C","Incinération sans récupération d'énergie",203.3243
2011,76,"Occitanie","30","Gard","02A","Déchets dangereux","02Z","Non précisé",94.4796
2011,76,"Occitanie","30","Gard","02B","Matériaux recyclables","02A","Valorisation matière",26684.88873
2011,76,"Occitanie","30","Gard","02B","Matériaux recyclables","02D","Stockage",602.26
2011,76,"Occitanie","30","Gard","02B","Matériaux recyclables","02E","Valorisation organique",978
2011,76,"Occitanie","30","Gard","02B","Matériaux recyclables","02F","Stockage pour inertes",101.42
2011,76,"Occitanie","30","Gard","02B","Matériaux recyclables","02Z","Non précisé",738.11
2011,76,"Occitanie","30","Gard","02C","Déchets verts","02A","Valorisation matière",1116.9
2011,76,"Occitanie","30","Gard","02C","Déchets verts","02E","Valorisation organique",37778.27366
2011,76,"Occitanie","30","Gard","02C","Déchets verts","02Z","Non précisé",1085
2011,76,"Occitanie","30","Gard","02D","Encombrants","02A","Valorisation matière",17.406
2011,76,"Occitanie","30","Gard","02D","Encombrants","02B","Incinération avec récupération d'énergie",10048.0393
2011,76,"Occitanie","30","Gard","02D","Encombrants","02D","Stockage",23808.73234
2011,76,"Occitanie","30","Gard","02E","Déblais et gravats","02A","Valorisation matière",37070.38103
2011,76,"Occitanie","30","Gard","02E","Déblais et gravats","02D","Stockage",6601.36999
2011,76,"Occitanie","30","Gard","02E","Déblais et gravats","02F","Stockage pour inertes",35168.45001
2011,76,"Occitanie","30","Gard","02F","DEEE","02A","Valorisation matière",1460.152
2011,76,"Occitanie","30","Gard","02Z","Autres déchets","02A","Valorisation matière",49.063
2011,76,"Occitanie","30","Gard","02Z","Autres déchets","02D","Stockage",27.41
2011,76,"Occitanie","31","Haute-Garonne","02A","Déchets dangereux","02A","Valorisation matière",271.46634
2011,76,"Occitanie","31","Haute-Garonne","02A","Déchets dangereux","02B","Incinération avec récupération d'énergie",297.45166
2011,76,"Occitanie","31","Haute-Garonne","02A","Déchets dangereux","02C","Incinération sans récupération d'énergie",0.12
2011,76,"Occitanie","31","Haute-Garonne","02A","Déchets dangereux","02D","Stockage",17.86
2011,76,"Occitanie","31","Haute-Garonne","02A","Déchets dangereux","02Z","Non précisé",506.79009
2011,76,"Occitanie","31","Haute-Garonne","02B","Matériaux recyclables","02A","Valorisation matière",22870.16579
2011,76,"Occitanie","31","Haute-Garonne","02B","Matériaux recyclables","02B","Incinération avec récupération d'énergie",7.01389
2011,76,"Occitanie","31","Haute-Garonne","02B","Matériaux recyclables","02E","Valorisation organique",1472.38489
2011,76,"Occitanie","31","Haute-Garonne","02B","Matériaux recyclables","02Z","Non précisé",482.44
2011,76,"Occitanie","31","Haute-Garonne","02C","Déchets verts","02A","Valorisation matière",151
2011,76,"Occitanie","31","Haute-Garonne","02C","Déchets verts","02E","Valorisation organique",44241.94778
2011,76,"Occitanie","31","Haute-Garonne","02C","Déchets verts","02Z","Non précisé",471
2011,76,"Occitanie","31","Haute-Garonne","02D","Encombrants","02A","Valorisation matière",2771.94
2011,76,"Occitanie","31","Haute-Garonne","02D","Encombrants","02B","Incinération avec récupération d'énergie",4647.35224
2011,76,"Occitanie","31","Haute-Garonne","02D","Encombrants","02D","Stockage",21576.2816
2011,76,"Occitanie","31","Haute-Garonne","02D","Encombrants","02Z","Non précisé",1295.59
2011,76,"Occitanie","31","Haute-Garonne","02E","Déblais et gravats","02A","Valorisation matière",13170.54701
2011,76,"Occitanie","31","Haute-Garonne","02E","Déblais et gravats","02D","Stockage",17773.03963
2011,76,"Occitanie","31","Haute-Garonne","02E","Déblais et gravats","02F","Stockage pour inertes",11323.58064
2011,76,"Occitanie","31","Haute-Garonne","02E","Déblais et gravats","02Z","Non précisé",2042
2011,76,"Occitanie","31","Haute-Garonne","02F","DEEE","02A","Valorisation matière",3017.62968
2011,76,"Occitanie","31","Haute-Garonne","02F","DEEE","02D","Stockage",8.00122
2011,76,"Occitanie","31","Haute-Garonne","02F","DEEE","02Z","Non précisé",110
2011,76,"Occitanie","31","Haute-Garonne","02Z","Autres déchets","02A","Valorisation matière",1519.47799
2011,76,"Occitanie","31","Haute-Garonne","02Z","Autres déchets","02C","Incinération sans récupération d'énergie",0.13268
2011,76,"Occitanie","31","Haute-Garonne","02Z","Autres déchets","02D","Stockage",1857.41
2011,76,"Occitanie","31","Haute-Garonne","02Z","Autres déchets","02Z","Non précisé",889
2011,76,"Occitanie","32","Gers","02A","Déchets dangereux","02A","Valorisation matière",119.87361
2011,76,"Occitanie","32","Gers","02A","Déchets dangereux","02Z","Non précisé",0.062
2011,76,"Occitanie","32","Gers","02B","Matériaux recyclables","02A","Valorisation matière",5319.18464
2011,76,"Occitanie","32","Gers","02C","Déchets verts","02E","Valorisation organique",6900.32
2011,76,"Occitanie","32","Gers","02C","Déchets verts","02Z","Non précisé",1838.316
2011,76,"Occitanie","32","Gers","02D","Encombrants","02D","Stockage",4823.54121
2011,76,"Occitanie","32","Gers","02E","Déblais et gravats","02F","Stockage pour inertes",9867.45194
2011,76,"Occitanie","32","Gers","02E","Déblais et gravats","02Z","Non précisé",4575.76
2011,76,"Occitanie","32","Gers","02F","DEEE","02A","Valorisation matière",1028.49839
2011,76,"Occitanie","32","Gers","02Z","Autres déchets","02A","Valorisation matière",2877.97255
2011,76,"Occitanie","34","Hérault","02A","Déchets dangereux","02A","Valorisation matière",536.13103
2011,76,"Occitanie","34","Hérault","02A","Déchets dangereux","02B","Incinération avec récupération d'énergie",5.04373
2011,76,"Occitanie","34","Hérault","02A","Déchets dangereux","02C","Incinération sans récupération d'énergie",364.54921
2011,76,"Occitanie","34","Hérault","02A","Déchets dangereux","02Z","Non précisé",7.87501
2011,76,"Occitanie","34","Hérault","02B","Matériaux recyclables","02A","Valorisation matière",37974.52491
2011,76,"Occitanie","34","Hérault","02B","Matériaux recyclables","02B","Incinération avec récupération d'énergie",418.3529
2011,76,"Occitanie","34","Hérault","02B","Matériaux recyclables","02E","Valorisation organique",10646.73693
2011,76,"Occitanie","34","Hérault","02C","Déchets verts","02A","Valorisation matière",31651
2011,76,"Occitanie","34","Hérault","02C","Déchets verts","02E","Valorisation organique",45480.03972
2011,76,"Occitanie","34","Hérault","02D","Encombrants","02A","Valorisation matière",375.99999
2011,76,"Occitanie","34","Hérault","02D","Encombrants","02B","Incinération avec récupération d'énergie",15282.41383
2011,76,"Occitanie","34","Hérault","02D","Encombrants","02D","Stockage",40444.85234
2011,76,"Occitanie","34","Hérault","02D","Encombrants","02F","Stockage pour inertes",24255.83
2011,76,"Occitanie","34","Hérault","02E","Déblais et gravats","02A","Valorisation matière",37459.31031
2011,76,"Occitanie","34","Hérault","02E","Déblais et gravats","02D","Stockage",4074.91446
2011,76,"Occitanie","34","Hérault","02E","Déblais et gravats","02F","Stockage pour inertes",72833.05353
2011,76,"Occitanie","34","Hérault","02E","Déblais et gravats","02Z","Non précisé",0.67062
2011,76,"Occitanie","34","Hérault","02F","DEEE","02A","Valorisation matière",3297.41124
2011,76,"Occitanie","34","Hérault","02Z","Autres déchets","02A","Valorisation matière",32.59031
2011,76,"Occitanie","34","Hérault","02Z","Autres déchets","02B","Incinération avec récupération d'énergie",34.37416
2011,76,"Occitanie","34","Hérault","02Z","Autres déchets","02C","Incinération sans récupération d'énergie",0.07356
2011,76,"Occitanie","34","Hérault","02Z","Autres déchets","02Z","Non précisé",1.48283
2011,76,"Occitanie","46","Lot","02A","Déchets dangereux","02A","Valorisation matière",83.57032
2011,76,"Occitanie","46","Lot","02A","Déchets dangereux","02B","Incinération avec récupération d'énergie",4.81135
2011,76,"Occitanie","46","Lot","02A","Déchets dangereux","02Z","Non précisé",281.87019
2011,76,"Occitanie","46","Lot","02B","Matériaux recyclables","02A","Valorisation matière",3459.52106
2011,76,"Occitanie","46","Lot","02B","Matériaux recyclables","02E","Valorisation organique",592
2011,76,"Occitanie","46","Lot","02C","Déchets verts","02E","Valorisation organique",8721.88618
2011,76,"Occitanie","46","Lot","02D","Encombrants","02D","Stockage",11109.24118
2011,76,"Occitanie","46","Lot","02D","Encombrants","02Z","Non précisé",285
2011,76,"Occitanie","46","Lot","02E","Déblais et gravats","02A","Valorisation matière",55.70312
2011,76,"Occitanie","46","Lot","02E","Déblais et gravats","02F","Stockage pour inertes",12723.80001
2011,76,"Occitanie","46","Lot","02F","DEEE","02A","Valorisation matière",1724.62565
2011,76,"Occitanie","46","Lot","02Z","Autres déchets","02A","Valorisation matière",29.26547
2011,76,"Occitanie","48","Lozère","02A","Déchets dangereux","02A","Valorisation matière",30.673
2011,76,"Occitanie","48","Lozère","02A","Déchets dangereux","02B","Incinération avec récupération d'énergie",8.282
2011,76,"Occitanie","48","Lozère","02A","Déchets dangereux","02C","Incinération sans récupération d'énergie",24.165
2011,76,"Occitanie","48","Lozère","02A","Déchets dangereux","02Z","Non précisé",110.934
2011,76,"Occitanie","48","Lozère","02B","Matériaux recyclables","02A","Valorisation matière",1849.7
2011,76,"Occitanie","48","Lozère","02B","Matériaux recyclables","02B","Incinération avec récupération d'énergie",99.16
2011,76,"Occitanie","48","Lozère","02B","Matériaux recyclables","02Z","Non précisé",1853.44
2011,76,"Occitanie","48","Lozère","02C","Déchets verts","02E","Valorisation organique",1763
2011,76,"Occitanie","48","Lozère","02C","Déchets verts","02Z","Non précisé",32.48
2011,76,"Occitanie","48","Lozère","02D","Encombrants","02D","Stockage",4971.91
2011,76,"Occitanie","48","Lozère","02D","Encombrants","02Z","Non précisé",190.72
2011,76,"Occitanie","48","Lozère","02F","DEEE","02A","Valorisation matière",395.199
2011,76,"Occitanie","48","Lozère","02F","DEEE","02Z","Non précisé",296.548
2011,76,"Occitanie","48","Lozère","02Z","Autres déchets","02A","Valorisation matière",6.446
2011,76,"Occitanie","48","Lozère","02Z","Autres déchets","02C","Incinération sans récupération d'énergie",0.723
2011,76,"Occitanie","48","Lozère","02Z","Autres déchets","02Z","Non précisé",4.758
2011,76,"Occitanie","65","Hautes-Pyrénées","02A","Déchets dangereux","02A","Valorisation matière",233.05262
2011,76,"Occitanie","65","Hautes-Pyrénées","02A","Déchets dangereux","02B","Incinération avec récupération d'énergie",2.98843
2011,76,"Occitanie","65","Hautes-Pyrénées","02A","Déchets dangereux","02C","Incinération sans récupération d'énergie",0.03845
2011,76,"Occitanie","65","Hautes-Pyrénées","02A","Déchets dangereux","02D","Stockage",0.03131
2011,76,"Occitanie","65","Hautes-Pyrénées","02A","Déchets dangereux","02Z","Non précisé",0.77874
2011,76,"Occitanie","65","Hautes-Pyrénées","02B","Matériaux recyclables","02A","Valorisation matière",5808.49274
2011,76,"Occitanie","65","Hautes-Pyrénées","02B","Matériaux recyclables","02B","Incinération avec récupération d'énergie",243.98
2011,76,"Occitanie","65","Hautes-Pyrénées","02B","Matériaux recyclables","02D","Stockage",0.85592
2011,76,"Occitanie","65","Hautes-Pyrénées","02B","Matériaux recyclables","02E","Valorisation organique",365.97676
2011,76,"Occitanie","65","Hautes-Pyrénées","02B","Matériaux recyclables","02Z","Non précisé",138.92
2011,76,"Occitanie","65","Hautes-Pyrénées","02C","Déchets verts","02E","Valorisation organique",18496.51836
2011,76,"Occitanie","65","Hautes-Pyrénées","02C","Déchets verts","02Z","Non précisé",2240
2011,76,"Occitanie","65","Hautes-Pyrénées","02D","Encombrants","02A","Valorisation matière",5.83
2011,76,"Occitanie","65","Hautes-Pyrénées","02D","Encombrants","02B","Incinération avec récupération d'énergie",65.31599
2011,76,"Occitanie","65","Hautes-Pyrénées","02D","Encombrants","02D","Stockage",12660.83898
2011,76,"Occitanie","65","Hautes-Pyrénées","02E","Déblais et gravats","02A","Valorisation matière",43.27396
2011,76,"Occitanie","65","Hautes-Pyrénées","02E","Déblais et gravats","02D","Stockage",333.20615
2011,76,"Occitanie","65","Hautes-Pyrénées","02E","Déblais et gravats","02F","Stockage pour inertes",9752.19
2011,76,"Occitanie","65","Hautes-Pyrénées","02E","Déblais et gravats","02Z","Non précisé",1750.45155
2011,76,"Occitanie","65","Hautes-Pyrénées","02F","DEEE","02A","Valorisation matière",986.18
2011,76,"Occitanie","65","Hautes-Pyrénées","02F","DEEE","02D","Stockage",3.32878
2011,76,"Occitanie","65","Hautes-Pyrénées","02Z","Autres déchets","02A","Valorisation matière",18.2238
2011,76,"Occitanie","65","Hautes-Pyrénées","02Z","Autres déchets","02Z","Non précisé",246.54
2011,76,"Occitanie","66","Pyrénées-Orientales","02A","Déchets dangereux","02A","Valorisation matière",151.931
2011,76,"Occitanie","66","Pyrénées-Orientales","02A","Déchets dangereux","02B","Incinération avec récupération d'énergie",1.258
2011,76,"Occitanie","66","Pyrénées-Orientales","02A","Déchets dangereux","02D","Stockage",2.707
2011,76,"Occitanie","66","Pyrénées-Orientales","02A","Déchets dangereux","02Z","Non précisé",22.3278
2011,76,"Occitanie","66","Pyrénées-Orientales","02B","Matériaux recyclables","02A","Valorisation matière",13123.19
2011,76,"Occitanie","66","Pyrénées-Orientales","02B","Matériaux recyclables","02B","Incinération avec récupération d'énergie",0.01
2011,76,"Occitanie","66","Pyrénées-Orientales","02B","Matériaux recyclables","02E","Valorisation organique",1115.2
2011,76,"Occitanie","66","Pyrénées-Orientales","02B","Matériaux recyclables","02Z","Non précisé",45.05
2011,76,"Occitanie","66","Pyrénées-Orientales","02C","Déchets verts","02A","Valorisation matière",1778.34
2011,76,"Occitanie","66","Pyrénées-Orientales","02C","Déchets verts","02E","Valorisation organique",27223.38
2011,76,"Occitanie","66","Pyrénées-Orientales","02D","Encombrants","02A","Valorisation matière",17.88
2011,76,"Occitanie","66","Pyrénées-Orientales","02D","Encombrants","02B","Incinération avec récupération d'énergie",12799.5
2011,76,"Occitanie","66","Pyrénées-Orientales","02D","Encombrants","02D","Stockage",23729.55001
2011,76,"Occitanie","66","Pyrénées-Orientales","02D","Encombrants","02Z","Non précisé",211.9
2011,76,"Occitanie","66","Pyrénées-Orientales","02E","Déblais et gravats","02A","Valorisation matière",23392.84
2011,76,"Occitanie","66","Pyrénées-Orientales","02E","Déblais et gravats","02D","Stockage",4872.88
2011,76,"Occitanie","66","Pyrénées-Orientales","02E","Déblais et gravats","02F","Stockage pour inertes",13486.6
2011,76,"Occitanie","66","Pyrénées-Orientales","02F","DEEE","02A","Valorisation matière",620.434
2011,76,"Occitanie","66","Pyrénées-Orientales","02Z","Autres déchets","02A","Valorisation matière",150.8
2011,76,"Occitanie","66","Pyrénées-Orientales","02Z","Autres déchets","02D","Stockage",1172
2011,76,"Occitanie","66","Pyrénées-Orientales","02Z","Autres déchets","02Z","Non précisé",0.54
2011,76,"Occitanie","81","Tarn","02A","Déchets dangereux","02A","Valorisation matière",550.48161
2011,76,"Occitanie","81","Tarn","02A","Déchets dangereux","02B","Incinération avec récupération d'énergie",5.40588
2011,76,"Occitanie","81","Tarn","02A","Déchets dangereux","02D","Stockage",0.00272
2011,76,"Occitanie","81","Tarn","02A","Déchets dangereux","02Z","Non précisé",6.21023
2011,76,"Occitanie","81","Tarn","02B","Matériaux recyclables","02A","Valorisation matière",9736.16492
2011,76,"Occitanie","81","Tarn","02B","Matériaux recyclables","02B","Incinération avec récupération d'énergie",577.79562
2011,76,"Occitanie","81","Tarn","02B","Matériaux recyclables","02E","Valorisation organique",3149.06514
2011,76,"Occitanie","81","Tarn","02C","Déchets verts","02E","Valorisation organique",17259.25788
2011,76,"Occitanie","81","Tarn","02D","Encombrants","02B","Incinération avec récupération d'énergie",64.71463
2011,76,"Occitanie","81","Tarn","02D","Encombrants","02D","Stockage",10477.01657
2011,76,"Occitanie","81","Tarn","02E","Déblais et gravats","02A","Valorisation matière",1547.54412
2011,76,"Occitanie","81","Tarn","02E","Déblais et gravats","02D","Stockage",4363.13906
2011,76,"Occitanie","81","Tarn","02E","Déblais et gravats","02F","Stockage pour inertes",15104.09439
2011,76,"Occitanie","81","Tarn","02E","Déblais et gravats","02Z","Non précisé",81.42939
2011,76,"Occitanie","81","Tarn","02F","DEEE","02A","Valorisation matière",2894.9231
2011,76,"Occitanie","81","Tarn","02Z","Autres déchets","02A","Valorisation matière",1577.25601
2011,76,"Occitanie","81","Tarn","02Z","Autres déchets","02B","Incinération avec récupération d'énergie",4480.40582
2011,76,"Occitanie","81","Tarn","02Z","Autres déchets","02C","Incinération sans récupération d'énergie",9.29229
2011,76,"Occitanie","81","Tarn","02Z","Autres déchets","02Z","Non précisé",180.05716
2011,76,"Occitanie","82","Tarn-et-Garonne","02A","Déchets dangereux","02A","Valorisation matière",317.92885
2011,76,"Occitanie","82","Tarn-et-Garonne","02A","Déchets dangereux","02B","Incinération avec récupération d'énergie",55.38984
2011,76,"Occitanie","82","Tarn-et-Garonne","02A","Déchets dangereux","02C","Incinération sans récupération d'énergie",10.304
2011,76,"Occitanie","82","Tarn-et-Garonne","02A","Déchets dangereux","02D","Stockage",9.49728
2011,76,"Occitanie","82","Tarn-et-Garonne","02A","Déchets dangereux","02Z","Non précisé",10.7
2011,76,"Occitanie","82","Tarn-et-Garonne","02B","Matériaux recyclables","02A","Valorisation matière",2840.83315
2011,76,"Occitanie","82","Tarn-et-Garonne","02B","Matériaux recyclables","02E","Valorisation organique",699.8
2011,76,"Occitanie","82","Tarn-et-Garonne","02C","Déchets verts","02E","Valorisation organique",10888.12227
2011,76,"Occitanie","82","Tarn-et-Garonne","02C","Déchets verts","02Z","Non précisé",616
2011,76,"Occitanie","82","Tarn-et-Garonne","02D","Encombrants","02A","Valorisation matière",44.83
2011,76,"Occitanie","82","Tarn-et-Garonne","02D","Encombrants","02D","Stockage",9077.32793
2011,76,"Occitanie","82","Tarn-et-Garonne","02E","Déblais et gravats","02D","Stockage",376
2011,76,"Occitanie","82","Tarn-et-Garonne","02E","Déblais et gravats","02F","Stockage pour inertes",13750.28243
2011,76,"Occitanie","82","Tarn-et-Garonne","02E","Déblais et gravats","02Z","Non précisé",1340
2011,76,"Occitanie","82","Tarn-et-Garonne","02F","DEEE","02A","Valorisation matière",1275.32299
2011,76,"Occitanie","82","Tarn-et-Garonne","02Z","Autres déchets","02A","Valorisation matière",180.54975
2011,76,"Occitanie","82","Tarn-et-Garonne","02Z","Autres déchets","02D","Stockage",660
2011,93,"PACA","04","Alpes-de-Haute-Provence","02A","Déchets dangereux","02A","Valorisation matière",27.78176
2011,93,"PACA","04","Alpes-de-Haute-Provence","02A","Déchets dangereux","02B","Incinération avec récupération d'énergie",20.75041
2011,93,"PACA","04","Alpes-de-Haute-Provence","02A","Déchets dangereux","02C","Incinération sans récupération d'énergie",133.76896
2011,93,"PACA","04","Alpes-de-Haute-Provence","02A","Déchets dangereux","02D","Stockage",77.73
2011,93,"PACA","04","Alpes-de-Haute-Provence","02A","Déchets dangereux","02Z","Non précisé",49.17428
2011,93,"PACA","04","Alpes-de-Haute-Provence","02B","Matériaux recyclables","02A","Valorisation matière",8314.53378
2011,93,"PACA","04","Alpes-de-Haute-Provence","02B","Matériaux recyclables","02E","Valorisation organique",433.38
2011,93,"PACA","04","Alpes-de-Haute-Provence","02B","Matériaux recyclables","02Z","Non précisé",22.13238
2011,93,"PACA","04","Alpes-de-Haute-Provence","02C","Déchets verts","02A","Valorisation matière",2352.84019
2011,93,"PACA","04","Alpes-de-Haute-Provence","02C","Déchets verts","02E","Valorisation organique",8011.97669
2011,93,"PACA","04","Alpes-de-Haute-Provence","02D","Encombrants","02A","Valorisation matière",915.9527
2011,93,"PACA","04","Alpes-de-Haute-Provence","02D","Encombrants","02B","Incinération avec récupération d'énergie",9.67098
2011,93,"PACA","04","Alpes-de-Haute-Provence","02D","Encombrants","02D","Stockage",9676.7293
2011,93,"PACA","04","Alpes-de-Haute-Provence","02D","Encombrants","02Z","Non précisé",229.02513
2011,93,"PACA","04","Alpes-de-Haute-Provence","02E","Déblais et gravats","02A","Valorisation matière",2141.03
2011,93,"PACA","04","Alpes-de-Haute-Provence","02E","Déblais et gravats","02D","Stockage",909
2011,93,"PACA","04","Alpes-de-Haute-Provence","02E","Déblais et gravats","02F","Stockage pour inertes",10543.56961
2011,93,"PACA","04","Alpes-de-Haute-Provence","02E","Déblais et gravats","02Z","Non précisé",406
2011,93,"PACA","04","Alpes-de-Haute-Provence","02F","DEEE","02A","Valorisation matière",1131.25593
2011,93,"PACA","04","Alpes-de-Haute-Provence","02Z","Autres déchets","02C","Incinération sans récupération d'énergie",6
2011,93,"PACA","05","Hautes-Alpes","02A","Déchets dangereux","02A","Valorisation matière",123.34205
2011,93,"PACA","05","Hautes-Alpes","02A","Déchets dangereux","02B","Incinération avec récupération d'énergie",79.32959
2011,93,"PACA","05","Hautes-Alpes","02A","Déchets dangereux","02C","Incinération sans récupération d'énergie",40.39338
2011,93,"PACA","05","Hautes-Alpes","02A","Déchets dangereux","02D","Stockage",4.42
2011,93,"PACA","05","Hautes-Alpes","02A","Déchets dangereux","02Z","Non précisé",8.26348
2011,93,"PACA","05","Hautes-Alpes","02B","Matériaux recyclables","02A","Valorisation matière",9446.05451
2011,93,"PACA","05","Hautes-Alpes","02B","Matériaux recyclables","02E","Valorisation organique",448.82
2011,93,"PACA","05","Hautes-Alpes","02B","Matériaux recyclables","02Z","Non précisé",254
2011,93,"PACA","05","Hautes-Alpes","02C","Déchets verts","02A","Valorisation matière",2583.25649
2011,93,"PACA","05","Hautes-Alpes","02C","Déchets verts","02E","Valorisation organique",3245.54084
2011,93,"PACA","05","Hautes-Alpes","02C","Déchets verts","02Z","Non précisé",302
2011,93,"PACA","05","Hautes-Alpes","02D","Encombrants","02A","Valorisation matière",911.91977
2011,93,"PACA","05","Hautes-Alpes","02D","Encombrants","02B","Incinération avec récupération d'énergie",1.62415
2011,93,"PACA","05","Hautes-Alpes","02D","Encombrants","02D","Stockage",7230.91465
2011,93,"PACA","05","Hautes-Alpes","02E","Déblais et gravats","02A","Valorisation matière",1828.82
2011,93,"PACA","05","Hautes-Alpes","02E","Déblais et gravats","02D","Stockage",339.6
2011,93,"PACA","05","Hautes-Alpes","02E","Déblais et gravats","02F","Stockage pour inertes",5574.45222
2011,93,"PACA","05","Hautes-Alpes","02F","DEEE","02A","Valorisation matière",1267.61439
2011,93,"PACA","05","Hautes-Alpes","02Z","Autres déchets","02A","Valorisation matière",11.138
2011,93,"PACA","05","Hautes-Alpes","02Z","Autres déchets","02Z","Non précisé",2.52
2011,93,"PACA","06","Alpes-Maritimes","02A","Déchets dangereux","02A","Valorisation matière",339.49
2011,93,"PACA","06","Alpes-Maritimes","02A","Déchets dangereux","02B","Incinération avec récupération d'énergie",15.67
2011,93,"PACA","06","Alpes-Maritimes","02A","Déchets dangereux","02C","Incinération sans récupération d'énergie",544.93
2011,93,"PACA","06","Alpes-Maritimes","02A","Déchets dangereux","02Z","Non précisé",570.1244
2011,93,"PACA","06","Alpes-Maritimes","02B","Matériaux recyclables","02A","Valorisation matière",29699.84546
2011,93,"PACA","06","Alpes-Maritimes","02B","Matériaux recyclables","02Z","Non précisé",2569.38
2011,93,"PACA","06","Alpes-Maritimes","02C","Déchets verts","02E","Valorisation organique",60098.28001
2011,93,"PACA","06","Alpes-Maritimes","02D","Encombrants","02A","Valorisation matière",37608.9
2011,93,"PACA","06","Alpes-Maritimes","02D","Encombrants","02D","Stockage",21557.08185
2011,93,"PACA","06","Alpes-Maritimes","02E","Déblais et gravats","02A","Valorisation matière",24009.3
2011,93,"PACA","06","Alpes-Maritimes","02E","Déblais et gravats","02D","Stockage",10379
2011,93,"PACA","06","Alpes-Maritimes","02E","Déblais et gravats","02F","Stockage pour inertes",45364.85698
2011,93,"PACA","06","Alpes-Maritimes","02F","DEEE","02A","Valorisation matière",3377.20208
2011,93,"PACA","06","Alpes-Maritimes","02F","DEEE","02Z","Non précisé",207
2011,93,"PACA","06","Alpes-Maritimes","02Z","Autres déchets","02A","Valorisation matière",349
2011,93,"PACA","13","Bouches-du-Rhône","02A","Déchets dangereux","02A","Valorisation matière",693.99099
2011,93,"PACA","13","Bouches-du-Rhône","02A","Déchets dangereux","02B","Incinération avec récupération d'énergie",330.35321
2011,93,"PACA","13","Bouches-du-Rhône","02A","Déchets dangereux","02C","Incinération sans récupération d'énergie",797.083
2011,93,"PACA","13","Bouches-du-Rhône","02A","Déchets dangereux","02D","Stockage",45.361
2011,93,"PACA","13","Bouches-du-Rhône","02A","Déchets dangereux","02Z","Non précisé",72.24978
2011,93,"PACA","13","Bouches-du-Rhône","02B","Matériaux recyclables","02A","Valorisation matière",51626.8088
2011,93,"PACA","13","Bouches-du-Rhône","02B","Matériaux recyclables","02E","Valorisation organique",892.06
2011,93,"PACA","13","Bouches-du-Rhône","02C","Déchets verts","02A","Valorisation matière",1396.18
2011,93,"PACA","13","Bouches-du-Rhône","02C","Déchets verts","02D","Stockage",9
2011,93,"PACA","13","Bouches-du-Rhône","02C","Déchets verts","02E","Valorisation organique",97885.56963
2011,93,"PACA","13","Bouches-du-Rhône","02D","Encombrants","02A","Valorisation matière",59333.60064
2011,93,"PACA","13","Bouches-du-Rhône","02D","Encombrants","02D","Stockage",69404.89791
2011,93,"PACA","13","Bouches-du-Rhône","02E","Déblais et gravats","02A","Valorisation matière",167046.8763
2011,93,"PACA","13","Bouches-du-Rhône","02E","Déblais et gravats","02D","Stockage",9685.4424
2011,93,"PACA","13","Bouches-du-Rhône","02E","Déblais et gravats","02F","Stockage pour inertes",18352.472
2011,93,"PACA","13","Bouches-du-Rhône","02F","DEEE","02A","Valorisation matière",2944.03747
2011,93,"PACA","13","Bouches-du-Rhône","02Z","Autres déchets","02A","Valorisation matière",15.265
2011,93,"PACA","83","Var","02A","Déchets dangereux","02A","Valorisation matière",13.36
2011,93,"PACA","83","Var","02A","Déchets dangereux","02B","Incinération avec récupération d'énergie",24.1
2011,93,"PACA","83","Var","02A","Déchets dangereux","02C","Incinération sans récupération d'énergie",354
2011,93,"PACA","83","Var","02A","Déchets dangereux","02D","Stockage",20
2011,93,"PACA","83","Var","02A","Déchets dangereux","02Z","Non précisé",217.05622
2011,93,"PACA","83","Var","02B","Matériaux recyclables","02A","Valorisation matière",18580.31128
2011,93,"PACA","83","Var","02B","Matériaux recyclables","02D","Stockage",341
2011,93,"PACA","83","Var","02B","Matériaux recyclables","02E","Valorisation organique",746.67
2011,93,"PACA","83","Var","02B","Matériaux recyclables","02Z","Non précisé",312.66
2011,93,"PACA","83","Var","02C","Déchets verts","02A","Valorisation matière",1602
2011,93,"PACA","83","Var","02C","Déchets verts","02D","Stockage",59.5
2011,93,"PACA","83","Var","02C","Déchets verts","02E","Valorisation organique",59647.83868
2011,93,"PACA","83","Var","02C","Déchets verts","02Z","Non précisé",1366.63
2011,93,"PACA","83","Var","02D","Encombrants","02A","Valorisation matière",4759.05
2011,93,"PACA","83","Var","02D","Encombrants","02B","Incinération avec récupération d'énergie",17337.5
2011,93,"PACA","83","Var","02D","Encombrants","02D","Stockage",44066.93004
2011,93,"PACA","83","Var","02D","Encombrants","02Z","Non précisé",1519.47
2011,93,"PACA","83","Var","02E","Déblais et gravats","02A","Valorisation matière",5980.34
2011,93,"PACA","83","Var","02E","Déblais et gravats","02D","Stockage",10024.4276
2011,93,"PACA","83","Var","02E","Déblais et gravats","02F","Stockage pour inertes",23224.31
2011,93,"PACA","83","Var","02E","Déblais et gravats","02Z","Non précisé",3141
2011,93,"PACA","83","Var","02F","DEEE","02A","Valorisation matière",3583.35904
2011,93,"PACA","83","Var","02F","DEEE","02C","Incinération sans récupération d'énergie",194
2011,93,"PACA","83","Var","02F","DEEE","02D","Stockage",23.57
2011,93,"PACA","83","Var","02Z","Autres déchets","02A","Valorisation matière",316.58
2011,93,"PACA","83","Var","02Z","Autres déchets","02Z","Non précisé",0.27
2011,93,"PACA","84","Vaucluse","02A","Déchets dangereux","02A","Valorisation matière",76.02639
2011,93,"PACA","84","Vaucluse","02A","Déchets dangereux","02B","Incinération avec récupération d'énergie",57.95546
2011,93,"PACA","84","Vaucluse","02A","Déchets dangereux","02C","Incinération sans récupération d'énergie",219.54221
2011,93,"PACA","84","Vaucluse","02A","Déchets dangereux","02Z","Non précisé",20.09196
2011,93,"PACA","84","Vaucluse","02B","Matériaux recyclables","02A","Valorisation matière",29545.55869
2011,93,"PACA","84","Vaucluse","02B","Matériaux recyclables","02E","Valorisation organique",390.25
2011,93,"PACA","84","Vaucluse","02B","Matériaux recyclables","02Z","Non précisé",368.66762
2011,93,"PACA","84","Vaucluse","02C","Déchets verts","02A","Valorisation matière",10956.3
2011,93,"PACA","84","Vaucluse","02C","Déchets verts","02E","Valorisation organique",22712.08202
2011,93,"PACA","84","Vaucluse","02D","Encombrants","02A","Valorisation matière",293.17614
2011,93,"PACA","84","Vaucluse","02D","Encombrants","02B","Incinération avec récupération d'énergie",521.46
2011,93,"PACA","84","Vaucluse","02D","Encombrants","02D","Stockage",33622.18043
2011,93,"PACA","84","Vaucluse","02D","Encombrants","02Z","Non précisé",27.86954
2011,93,"PACA","84","Vaucluse","02E","Déblais et gravats","02A","Valorisation matière",18290.30176
2011,93,"PACA","84","Vaucluse","02E","Déblais et gravats","02D","Stockage",2892.54
2011,93,"PACA","84","Vaucluse","02E","Déblais et gravats","02F","Stockage pour inertes",26462.56079
2011,93,"PACA","84","Vaucluse","02F","DEEE","02A","Valorisation matière",1942.31048
2011,93,"PACA","84","Vaucluse","02F","DEEE","02Z","Non précisé",358.37
2011,93,"PACA","84","Vaucluse","02Z","Autres déchets","02A","Valorisation matière",824
2011,93,"PACA","84","Vaucluse","02Z","Autres déchets","02D","Stockage",335
2011,52,"Pays de la Loire","44","Loire-Atlantique","02A","Déchets dangereux","02A","Valorisation matière",252.3598
2011,52,"Pays de la Loire","44","Loire-Atlantique","02A","Déchets dangereux","02B","Incinération avec récupération d'énergie",989.48555
2011,52,"Pays de la Loire","44","Loire-Atlantique","02A","Déchets dangereux","02C","Incinération sans récupération d'énergie",168.43209
2011,52,"Pays de la Loire","44","Loire-Atlantique","02A","Déchets dangereux","02D","Stockage",544.669
2011,52,"Pays de la Loire","44","Loire-Atlantique","02A","Déchets dangereux","02E","Valorisation organique",0.296
2011,52,"Pays de la Loire","44","Loire-Atlantique","02A","Déchets dangereux","02F","Stockage pour inertes",325.58647
2011,52,"Pays de la Loire","44","Loire-Atlantique","02A","Déchets dangereux","02Z","Non précisé",709.90785
2011,52,"Pays de la Loire","44","Loire-Atlantique","02B","Matériaux recyclables","02A","Valorisation matière",24242.84793
2011,52,"Pays de la Loire","44","Loire-Atlantique","02B","Matériaux recyclables","02B","Incinération avec récupération d'énergie",126.493
2011,52,"Pays de la Loire","44","Loire-Atlantique","02B","Matériaux recyclables","02C","Incinération sans récupération d'énergie",5.93
2011,52,"Pays de la Loire","44","Loire-Atlantique","02B","Matériaux recyclables","02E","Valorisation organique",5290.98
2011,52,"Pays de la Loire","44","Loire-Atlantique","02B","Matériaux recyclables","02Z","Non précisé",15207.114
2011,52,"Pays de la Loire","44","Loire-Atlantique","02C","Déchets verts","02A","Valorisation matière",8861.42
2011,52,"Pays de la Loire","44","Loire-Atlantique","02C","Déchets verts","02E","Valorisation organique",67186.72829
2011,52,"Pays de la Loire","44","Loire-Atlantique","02C","Déchets verts","02Z","Non précisé",38683
2011,52,"Pays de la Loire","44","Loire-Atlantique","02D","Encombrants","02A","Valorisation matière",72.7343
2011,52,"Pays de la Loire","44","Loire-Atlantique","02D","Encombrants","02B","Incinération avec récupération d'énergie",1873.48
2011,52,"Pays de la Loire","44","Loire-Atlantique","02D","Encombrants","02D","Stockage",46568.15494
2011,52,"Pays de la Loire","44","Loire-Atlantique","02D","Encombrants","02Z","Non précisé",25897
2011,52,"Pays de la Loire","44","Loire-Atlantique","02E","Déblais et gravats","02A","Valorisation matière",16599.15105
2011,52,"Pays de la Loire","44","Loire-Atlantique","02E","Déblais et gravats","02D","Stockage",25714.99
2011,52,"Pays de la Loire","44","Loire-Atlantique","02E","Déblais et gravats","02F","Stockage pour inertes",24813.72387
2011,52,"Pays de la Loire","44","Loire-Atlantique","02E","Déblais et gravats","02Z","Non précisé",39548
2011,52,"Pays de la Loire","44","Loire-Atlantique","02F","DEEE","02A","Valorisation matière",2372.18277
2011,52,"Pays de la Loire","44","Loire-Atlantique","02F","DEEE","02Z","Non précisé",1779.21
2011,52,"Pays de la Loire","44","Loire-Atlantique","02Z","Autres déchets","02A","Valorisation matière",16.24853
2011,52,"Pays de la Loire","44","Loire-Atlantique","02Z","Autres déchets","02B","Incinération avec récupération d'énergie",1.752
2011,52,"Pays de la Loire","49","Maine-et-Loire","02A","Déchets dangereux","02A","Valorisation matière",650.51877
2011,52,"Pays de la Loire","49","Maine-et-Loire","02A","Déchets dangereux","02B","Incinération avec récupération d'énergie",364.45981
2011,52,"Pays de la Loire","49","Maine-et-Loire","02A","Déchets dangereux","02C","Incinération sans récupération d'énergie",148.65391
2011,52,"Pays de la Loire","49","Maine-et-Loire","02A","Déchets dangereux","02D","Stockage",860.14
2011,52,"Pays de la Loire","49","Maine-et-Loire","02A","Déchets dangereux","02E","Valorisation organique",4
2011,52,"Pays de la Loire","49","Maine-et-Loire","02A","Déchets dangereux","02F","Stockage pour inertes",19.2
2011,52,"Pays de la Loire","49","Maine-et-Loire","02A","Déchets dangereux","02Z","Non précisé",182.81675
2011,52,"Pays de la Loire","49","Maine-et-Loire","02B","Matériaux recyclables","02A","Valorisation matière",18715.16073
2011,52,"Pays de la Loire","49","Maine-et-Loire","02B","Matériaux recyclables","02B","Incinération avec récupération d'énergie",0.21208
2011,52,"Pays de la Loire","49","Maine-et-Loire","02B","Matériaux recyclables","02C","Incinération sans récupération d'énergie",20.08101
2011,52,"Pays de la Loire","49","Maine-et-Loire","02B","Matériaux recyclables","02E","Valorisation organique",8963.00012
2011,52,"Pays de la Loire","49","Maine-et-Loire","02B","Matériaux recyclables","02Z","Non précisé",134.87
2011,52,"Pays de la Loire","49","Maine-et-Loire","02C","Déchets verts","02D","Stockage",165
2011,52,"Pays de la Loire","49","Maine-et-Loire","02C","Déchets verts","02E","Valorisation organique",60039.77872
2011,52,"Pays de la Loire","49","Maine-et-Loire","02D","Encombrants","02A","Valorisation matière",30.54
2011,52,"Pays de la Loire","49","Maine-et-Loire","02D","Encombrants","02B","Incinération avec récupération d'énergie",5435.24292
2011,52,"Pays de la Loire","49","Maine-et-Loire","02D","Encombrants","02C","Incinération sans récupération d'énergie",2298.42
2011,52,"Pays de la Loire","49","Maine-et-Loire","02D","Encombrants","02D","Stockage",24346.1686
2011,52,"Pays de la Loire","49","Maine-et-Loire","02E","Déblais et gravats","02A","Valorisation matière",3814.51406
2011,52,"Pays de la Loire","49","Maine-et-Loire","02E","Déblais et gravats","02D","Stockage",11094.82999
2011,52,"Pays de la Loire","49","Maine-et-Loire","02E","Déblais et gravats","02F","Stockage pour inertes",44093.34001
2011,52,"Pays de la Loire","49","Maine-et-Loire","02F","DEEE","02A","Valorisation matière",4592.91692
2011,52,"Pays de la Loire","49","Maine-et-Loire","02Z","Autres déchets","02A","Valorisation matière",221.62897
2011,52,"Pays de la Loire","49","Maine-et-Loire","02Z","Autres déchets","02B","Incinération avec récupération d'énergie",3.773
2011,52,"Pays de la Loire","49","Maine-et-Loire","02Z","Autres déchets","02C","Incinération sans récupération d'énergie",0.812
2011,52,"Pays de la Loire","49","Maine-et-Loire","02Z","Autres déchets","02E","Valorisation organique",0.438
2011,52,"Pays de la Loire","49","Maine-et-Loire","02Z","Autres déchets","02Z","Non précisé",3.8
2011,52,"Pays de la Loire","53","Mayenne","02A","Déchets dangereux","02A","Valorisation matière",240.48879
2011,52,"Pays de la Loire","53","Mayenne","02A","Déchets dangereux","02B","Incinération avec récupération d'énergie",183.22281
2011,52,"Pays de la Loire","53","Mayenne","02A","Déchets dangereux","02D","Stockage",17.255
2011,52,"Pays de la Loire","53","Mayenne","02A","Déchets dangereux","02F","Stockage pour inertes",46.6
2011,52,"Pays de la Loire","53","Mayenne","02A","Déchets dangereux","02Z","Non précisé",159.17533
2011,52,"Pays de la Loire","53","Mayenne","02B","Matériaux recyclables","02A","Valorisation matière",7553.49438
2011,52,"Pays de la Loire","53","Mayenne","02B","Matériaux recyclables","02B","Incinération avec récupération d'énergie",1861.5
2011,52,"Pays de la Loire","53","Mayenne","02B","Matériaux recyclables","02D","Stockage",273.957
2011,52,"Pays de la Loire","53","Mayenne","02B","Matériaux recyclables","02Z","Non précisé",369.994
2011,52,"Pays de la Loire","53","Mayenne","02C","Déchets verts","02E","Valorisation organique",24858.59432
2011,52,"Pays de la Loire","53","Mayenne","02D","Encombrants","02A","Valorisation matière",30.3
2011,52,"Pays de la Loire","53","Mayenne","02D","Encombrants","02B","Incinération avec récupération d'énergie",2440.77213
2011,52,"Pays de la Loire","53","Mayenne","02D","Encombrants","02D","Stockage",12561.81912
2011,52,"Pays de la Loire","53","Mayenne","02D","Encombrants","02Z","Non précisé",1042.94521
2011,52,"Pays de la Loire","53","Mayenne","02E","Déblais et gravats","02A","Valorisation matière",1328.22677
2011,52,"Pays de la Loire","53","Mayenne","02E","Déblais et gravats","02D","Stockage",2187.52
2011,52,"Pays de la Loire","53","Mayenne","02E","Déblais et gravats","02F","Stockage pour inertes",17246.11483
2011,52,"Pays de la Loire","53","Mayenne","02F","DEEE","02A","Valorisation matière",1772.993
2011,52,"Pays de la Loire","53","Mayenne","02F","DEEE","02Z","Non précisé",18.931
2011,52,"Pays de la Loire","53","Mayenne","02Z","Autres déchets","02A","Valorisation matière",26.54031
2011,52,"Pays de la Loire","53","Mayenne","02Z","Autres déchets","02B","Incinération avec récupération d'énergie",1.7395
2011,52,"Pays de la Loire","53","Mayenne","02Z","Autres déchets","02D","Stockage",617.07564
2011,52,"Pays de la Loire","72","Sarthe","02A","Déchets dangereux","02A","Valorisation matière",226.15462
2011,52,"Pays de la Loire","72","Sarthe","02A","Déchets dangereux","02B","Incinération avec récupération d'énergie",286.99552
2011,52,"Pays de la Loire","72","Sarthe","02A","Déchets dangereux","02C","Incinération sans récupération d'énergie",152.629
2011,52,"Pays de la Loire","72","Sarthe","02A","Déchets dangereux","02D","Stockage",158
2011,52,"Pays de la Loire","72","Sarthe","02A","Déchets dangereux","02Z","Non précisé",203.31007
2011,52,"Pays de la Loire","72","Sarthe","02B","Matériaux recyclables","02A","Valorisation matière",14025.84723
2011,52,"Pays de la Loire","72","Sarthe","02B","Matériaux recyclables","02B","Incinération avec récupération d'énergie",652.36526
2011,52,"Pays de la Loire","72","Sarthe","02B","Matériaux recyclables","02C","Incinération sans récupération d'énergie",8.47
2011,52,"Pays de la Loire","72","Sarthe","02B","Matériaux recyclables","02E","Valorisation organique",1758.07463
2011,52,"Pays de la Loire","72","Sarthe","02B","Matériaux recyclables","02Z","Non précisé",370.479
2011,52,"Pays de la Loire","72","Sarthe","02C","Déchets verts","02A","Valorisation matière",7539.12838
2011,52,"Pays de la Loire","72","Sarthe","02C","Déchets verts","02E","Valorisation organique",27081.66634
2011,52,"Pays de la Loire","72","Sarthe","02C","Déchets verts","02Z","Non précisé",1566
2011,52,"Pays de la Loire","72","Sarthe","02D","Encombrants","02A","Valorisation matière",917.65418
2011,52,"Pays de la Loire","72","Sarthe","02D","Encombrants","02B","Incinération avec récupération d'énergie",9206.64
2011,52,"Pays de la Loire","72","Sarthe","02D","Encombrants","02D","Stockage",19368.48069
2011,52,"Pays de la Loire","72","Sarthe","02D","Encombrants","02Z","Non précisé",251.85479
2011,52,"Pays de la Loire","72","Sarthe","02E","Déblais et gravats","02A","Valorisation matière",3992.38767
2011,52,"Pays de la Loire","72","Sarthe","02E","Déblais et gravats","02D","Stockage",13231.655
2011,52,"Pays de la Loire","72","Sarthe","02E","Déblais et gravats","02F","Stockage pour inertes",12000.38741
2011,52,"Pays de la Loire","72","Sarthe","02E","Déblais et gravats","02Z","Non précisé",2210.73083
2011,52,"Pays de la Loire","72","Sarthe","02F","DEEE","02A","Valorisation matière",2432.53263
2011,52,"Pays de la Loire","72","Sarthe","02F","DEEE","02Z","Non précisé",379.90408
2011,52,"Pays de la Loire","72","Sarthe","02Z","Autres déchets","02A","Valorisation matière",10.45909
2011,52,"Pays de la Loire","72","Sarthe","02Z","Autres déchets","02B","Incinération avec récupération d'énergie",5.51
2011,52,"Pays de la Loire","72","Sarthe","02Z","Autres déchets","02C","Incinération sans récupération d'énergie",0.931
2011,52,"Pays de la Loire","72","Sarthe","02Z","Autres déchets","02D","Stockage",45.75836
2011,52,"Pays de la Loire","85","Vendée","02A","Déchets dangereux","02A","Valorisation matière",93.26111
2011,52,"Pays de la Loire","85","Vendée","02A","Déchets dangereux","02B","Incinération avec récupération d'énergie",208.86
2011,52,"Pays de la Loire","85","Vendée","02A","Déchets dangereux","02C","Incinération sans récupération d'énergie",30.06
2011,52,"Pays de la Loire","85","Vendée","02A","Déchets dangereux","02D","Stockage",205.84
2011,52,"Pays de la Loire","85","Vendée","02A","Déchets dangereux","02F","Stockage pour inertes",68.31353
2011,52,"Pays de la Loire","85","Vendée","02A","Déchets dangereux","02Z","Non précisé",1245.86062
2011,52,"Pays de la Loire","85","Vendée","02B","Matériaux recyclables","02A","Valorisation matière",26539.31538
2011,52,"Pays de la Loire","85","Vendée","02B","Matériaux recyclables","02E","Valorisation organique",3414.25
2011,52,"Pays de la Loire","85","Vendée","02B","Matériaux recyclables","02Z","Non précisé",9434.31
2011,52,"Pays de la Loire","85","Vendée","02C","Déchets verts","02A","Valorisation matière",3868.42
2011,52,"Pays de la Loire","85","Vendée","02C","Déchets verts","02E","Valorisation organique",47663.54289
2011,52,"Pays de la Loire","85","Vendée","02C","Déchets verts","02Z","Non précisé",22720.72
2011,52,"Pays de la Loire","85","Vendée","02D","Encombrants","02A","Valorisation matière",423.64
2011,52,"Pays de la Loire","85","Vendée","02D","Encombrants","02D","Stockage",22683.09471
2011,52,"Pays de la Loire","85","Vendée","02D","Encombrants","02Z","Non précisé",17149.07
2011,52,"Pays de la Loire","85","Vendée","02E","Déblais et gravats","02A","Valorisation matière",11374.81
2011,52,"Pays de la Loire","85","Vendée","02E","Déblais et gravats","02D","Stockage",1669.5
2011,52,"Pays de la Loire","85","Vendée","02E","Déblais et gravats","02F","Stockage pour inertes",16087.87699
2011,52,"Pays de la Loire","85","Vendée","02E","Déblais et gravats","02Z","Non précisé",28264.22
2011,52,"Pays de la Loire","85","Vendée","02F","DEEE","02A","Valorisation matière",3142.99869
2011,52,"Pays de la Loire","85","Vendée","02F","DEEE","02Z","Non précisé",1252.09
2013,84,"Auvergne-Rhône-Alpes","01","Ain","02A","Déchets dangereux","02A","Valorisation matière",231.09187
2013,84,"Auvergne-Rhône-Alpes","01","Ain","02A","Déchets dangereux","02B","Incinération avec récupération d'énergie",52.49999
2013,84,"Auvergne-Rhône-Alpes","01","Ain","02A","Déchets dangereux","02D","Stockage",254.49632
2013,84,"Auvergne-Rhône-Alpes","01","Ain","02A","Déchets dangereux","02Z","Non précisé",1142.34385
2013,84,"Auvergne-Rhône-Alpes","01","Ain","02B","Matériaux recyclables","02A","Valorisation matière",27231.79476
2013,84,"Auvergne-Rhône-Alpes","01","Ain","02B","Matériaux recyclables","02B","Incinération avec récupération d'énergie",3186.47001
2013,84,"Auvergne-Rhône-Alpes","01","Ain","02B","Matériaux recyclables","02D","Stockage",58.82079
2013,84,"Auvergne-Rhône-Alpes","01","Ain","02B","Matériaux recyclables","02E","Valorisation organique",2331.97999
2013,84,"Auvergne-Rhône-Alpes","01","Ain","02C","Déchets verts","02A","Valorisation matière",101.74659
2013,84,"Auvergne-Rhône-Alpes","01","Ain","02C","Déchets verts","02E","Valorisation organique",46493.53371
2013,84,"Auvergne-Rhône-Alpes","01","Ain","02D","Encombrants","02A","Valorisation matière",1209.49426
2013,84,"Auvergne-Rhône-Alpes","01","Ain","02D","Encombrants","02B","Incinération avec récupération d'énergie",21727.71169
2013,84,"Auvergne-Rhône-Alpes","01","Ain","02D","Encombrants","02D","Stockage",11279.47958
2013,84,"Auvergne-Rhône-Alpes","01","Ain","02E","Déblais et gravats","02A","Valorisation matière",19949.60098
2013,84,"Auvergne-Rhône-Alpes","01","Ain","02E","Déblais et gravats","02D","Stockage",10149.68
2013,84,"Auvergne-Rhône-Alpes","01","Ain","02E","Déblais et gravats","02F","Stockage pour inertes",9362.55238
2013,84,"Auvergne-Rhône-Alpes","01","Ain","02F","DEEE","02A","Valorisation matière",4589.21033
2013,84,"Auvergne-Rhône-Alpes","01","Ain","02Z","Autres déchets","02A","Valorisation matière",13.36351
2013,84,"Auvergne-Rhône-Alpes","01","Ain","02Z","Autres déchets","02B","Incinération avec récupération d'énergie",19.71722
2013,84,"Auvergne-Rhône-Alpes","01","Ain","02Z","Autres déchets","02Z","Non précisé",6.65
2013,84,"Auvergne-Rhône-Alpes","03","Allier","02A","Déchets dangereux","02A","Valorisation matière",648.70051
2013,84,"Auvergne-Rhône-Alpes","03","Allier","02A","Déchets dangereux","02B","Incinération avec récupération d'énergie",9.25167
2013,84,"Auvergne-Rhône-Alpes","03","Allier","02A","Déchets dangereux","02C","Incinération sans récupération d'énergie",0.19
2013,84,"Auvergne-Rhône-Alpes","03","Allier","02A","Déchets dangereux","02D","Stockage",48.31577
2013,84,"Auvergne-Rhône-Alpes","03","Allier","02A","Déchets dangereux","02Z","Non précisé",0.3
2013,84,"Auvergne-Rhône-Alpes","03","Allier","02B","Matériaux recyclables","02A","Valorisation matière",12137.95474
2013,84,"Auvergne-Rhône-Alpes","03","Allier","02B","Matériaux recyclables","02B","Incinération avec récupération d'énergie",4.25557
2013,84,"Auvergne-Rhône-Alpes","03","Allier","02B","Matériaux recyclables","02D","Stockage",143.80217
2013,84,"Auvergne-Rhône-Alpes","03","Allier","02B","Matériaux recyclables","02Z","Non précisé",2332
2013,84,"Auvergne-Rhône-Alpes","03","Allier","02C","Déchets verts","02A","Valorisation matière",8711.45227
2013,84,"Auvergne-Rhône-Alpes","03","Allier","02C","Déchets verts","02E","Valorisation organique",16482.55919
2013,84,"Auvergne-Rhône-Alpes","03","Allier","02D","Encombrants","02A","Valorisation matière",442.82705
2013,84,"Auvergne-Rhône-Alpes","03","Allier","02D","Encombrants","02B","Incinération avec récupération d'énergie",1166.06217
2013,84,"Auvergne-Rhône-Alpes","03","Allier","02D","Encombrants","02D","Stockage",13944.63706
2013,84,"Auvergne-Rhône-Alpes","03","Allier","02E","Déblais et gravats","02A","Valorisation matière",579.60484
2013,84,"Auvergne-Rhône-Alpes","03","Allier","02E","Déblais et gravats","02D","Stockage",6626.63384
2013,84,"Auvergne-Rhône-Alpes","03","Allier","02E","Déblais et gravats","02F","Stockage pour inertes",7201.5655
2013,84,"Auvergne-Rhône-Alpes","03","Allier","02E","Déblais et gravats","02Z","Non précisé",18.08
2013,84,"Auvergne-Rhône-Alpes","03","Allier","02F","DEEE","02A","Valorisation matière",2284.61727
2013,84,"Auvergne-Rhône-Alpes","03","Allier","02Z","Autres déchets","02A","Valorisation matière",1.50436
2013,84,"Auvergne-Rhône-Alpes","03","Allier","02Z","Autres déchets","02C","Incinération sans récupération d'énergie",1.813
2013,84,"Auvergne-Rhône-Alpes","03","Allier","02Z","Autres déchets","02Z","Non précisé",9.54697
2013,84,"Auvergne-Rhône-Alpes","07","Ardèche","02A","Déchets dangereux","02A","Valorisation matière",139.15819
2013,84,"Auvergne-Rhône-Alpes","07","Ardèche","02A","Déchets dangereux","02B","Incinération avec récupération d'énergie",77.53174
2013,84,"Auvergne-Rhône-Alpes","07","Ardèche","02A","Déchets dangereux","02C","Incinération sans récupération d'énergie",8.45151
2013,84,"Auvergne-Rhône-Alpes","07","Ardèche","02A","Déchets dangereux","02D","Stockage",43.9519
2013,84,"Auvergne-Rhône-Alpes","07","Ardèche","02A","Déchets dangereux","02Z","Non précisé",271.68415
2013,84,"Auvergne-Rhône-Alpes","07","Ardèche","02B","Matériaux recyclables","02A","Valorisation matière",11919.98568
2013,84,"Auvergne-Rhône-Alpes","07","Ardèche","02B","Matériaux recyclables","02B","Incinération avec récupération d'énergie",1124.72719
2013,84,"Auvergne-Rhône-Alpes","07","Ardèche","02B","Matériaux recyclables","02E","Valorisation organique",792.65925
2013,84,"Auvergne-Rhône-Alpes","07","Ardèche","02C","Déchets verts","02A","Valorisation matière",10.98968
2013,84,"Auvergne-Rhône-Alpes","07","Ardèche","02C","Déchets verts","02B","Incinération avec récupération d'énergie",53.34
2013,84,"Auvergne-Rhône-Alpes","07","Ardèche","02C","Déchets verts","02E","Valorisation organique",16052.10954
2013,84,"Auvergne-Rhône-Alpes","07","Ardèche","02D","Encombrants","02A","Valorisation matière",2257.19216
2013,84,"Auvergne-Rhône-Alpes","07","Ardèche","02D","Encombrants","02D","Stockage",16248.55458
2013,84,"Auvergne-Rhône-Alpes","07","Ardèche","02E","Déblais et gravats","02A","Valorisation matière",12426.5418
2013,84,"Auvergne-Rhône-Alpes","07","Ardèche","02E","Déblais et gravats","02D","Stockage",4686.23057
2013,84,"Auvergne-Rhône-Alpes","07","Ardèche","02E","Déblais et gravats","02F","Stockage pour inertes",638.10968
2013,84,"Auvergne-Rhône-Alpes","07","Ardèche","02E","Déblais et gravats","02Z","Non précisé",271.56
2013,84,"Auvergne-Rhône-Alpes","07","Ardèche","02F","DEEE","02A","Valorisation matière",1978.11972
2013,84,"Auvergne-Rhône-Alpes","07","Ardèche","02Z","Autres déchets","02A","Valorisation matière",5.49999
2013,84,"Auvergne-Rhône-Alpes","07","Ardèche","02Z","Autres déchets","02B","Incinération avec récupération d'énergie",1.70779
2013,84,"Auvergne-Rhône-Alpes","07","Ardèche","02Z","Autres déchets","02Z","Non précisé",1.17
2013,84,"Auvergne-Rhône-Alpes","15","Cantal","02A","Déchets dangereux","02A","Valorisation matière",62.57642
2013,84,"Auvergne-Rhône-Alpes","15","Cantal","02A","Déchets dangereux","02B","Incinération avec récupération d'énergie",9.2
2013,84,"Auvergne-Rhône-Alpes","15","Cantal","02A","Déchets dangereux","02D","Stockage",2.92711
2013,84,"Auvergne-Rhône-Alpes","15","Cantal","02A","Déchets dangereux","02Z","Non précisé",73.39117
2013,84,"Auvergne-Rhône-Alpes","15","Cantal","02B","Matériaux recyclables","02A","Valorisation matière",4638.4445
2013,84,"Auvergne-Rhône-Alpes","15","Cantal","02B","Matériaux recyclables","02D","Stockage",673.28311
2013,84,"Auvergne-Rhône-Alpes","15","Cantal","02B","Matériaux recyclables","02E","Valorisation organique",414.17
2013,84,"Auvergne-Rhône-Alpes","15","Cantal","02C","Déchets verts","02A","Valorisation matière",4488
2013,84,"Auvergne-Rhône-Alpes","15","Cantal","02C","Déchets verts","02D","Stockage",1178.67535
2013,84,"Auvergne-Rhône-Alpes","15","Cantal","02C","Déchets verts","02E","Valorisation organique",1666.38853
2013,84,"Auvergne-Rhône-Alpes","15","Cantal","02D","Encombrants","02A","Valorisation matière",26.5
2013,84,"Auvergne-Rhône-Alpes","15","Cantal","02D","Encombrants","02B","Incinération avec récupération d'énergie",527.27225
2013,84,"Auvergne-Rhône-Alpes","15","Cantal","02D","Encombrants","02D","Stockage",5432.57876
2013,84,"Auvergne-Rhône-Alpes","15","Cantal","02E","Déblais et gravats","02A","Valorisation matière",1029.95173
2013,84,"Auvergne-Rhône-Alpes","15","Cantal","02E","Déblais et gravats","02D","Stockage",3377.35
2013,84,"Auvergne-Rhône-Alpes","15","Cantal","02E","Déblais et gravats","02F","Stockage pour inertes",1360.69774
2013,84,"Auvergne-Rhône-Alpes","15","Cantal","02F","DEEE","02A","Valorisation matière",683.20032
2013,84,"Auvergne-Rhône-Alpes","15","Cantal","02F","DEEE","02Z","Non précisé",79.076
2013,84,"Auvergne-Rhône-Alpes","15","Cantal","02Z","Autres déchets","02A","Valorisation matière",4.97963
2013,84,"Auvergne-Rhône-Alpes","26","Drôme","02A","Déchets dangereux","02A","Valorisation matière",96.29455
2013,84,"Auvergne-Rhône-Alpes","26","Drôme","02A","Déchets dangereux","02B","Incinération avec récupération d'énergie",40.93347
2013,84,"Auvergne-Rhône-Alpes","26","Drôme","02A","Déchets dangereux","02C","Incinération sans récupération d'énergie",3.92665
2013,84,"Auvergne-Rhône-Alpes","26","Drôme","02A","Déchets dangereux","02D","Stockage",183.4981
2013,84,"Auvergne-Rhône-Alpes","26","Drôme","02A","Déchets dangereux","02Z","Non précisé",445.30377
2013,84,"Auvergne-Rhône-Alpes","26","Drôme","02B","Matériaux recyclables","02A","Valorisation matière",16603.82463
2013,84,"Auvergne-Rhône-Alpes","26","Drôme","02B","Matériaux recyclables","02B","Incinération avec récupération d'énergie",2647.9228
2013,84,"Auvergne-Rhône-Alpes","26","Drôme","02B","Matériaux recyclables","02E","Valorisation organique",1374.66923
2013,84,"Auvergne-Rhône-Alpes","26","Drôme","02C","Déchets verts","02A","Valorisation matière",4339.55991
2013,84,"Auvergne-Rhône-Alpes","26","Drôme","02C","Déchets verts","02E","Valorisation organique",28707.24174
2013,84,"Auvergne-Rhône-Alpes","26","Drôme","02C","Déchets verts","02Z","Non précisé",40
2013,84,"Auvergne-Rhône-Alpes","26","Drôme","02D","Encombrants","02A","Valorisation matière",338.44805
2013,84,"Auvergne-Rhône-Alpes","26","Drôme","02D","Encombrants","02B","Incinération avec récupération d'énergie",7.59612
2013,84,"Auvergne-Rhône-Alpes","26","Drôme","02D","Encombrants","02D","Stockage",32808.86182
2013,84,"Auvergne-Rhône-Alpes","26","Drôme","02D","Encombrants","02Z","Non précisé",0.05294
2013,84,"Auvergne-Rhône-Alpes","26","Drôme","02E","Déblais et gravats","02A","Valorisation matière",31700.49231
2013,84,"Auvergne-Rhône-Alpes","26","Drôme","02E","Déblais et gravats","02D","Stockage",1097.62
2013,84,"Auvergne-Rhône-Alpes","26","Drôme","02E","Déblais et gravats","02F","Stockage pour inertes",4429.28556
2013,84,"Auvergne-Rhône-Alpes","26","Drôme","02E","Déblais et gravats","02Z","Non précisé",300.91709
2013,84,"Auvergne-Rhône-Alpes","26","Drôme","02F","DEEE","02A","Valorisation matière",2633.71937
2013,84,"Auvergne-Rhône-Alpes","26","Drôme","02Z","Autres déchets","02A","Valorisation matière",0.5369
2013,84,"Auvergne-Rhône-Alpes","26","Drôme","02Z","Autres déchets","02B","Incinération avec récupération d'énergie",3.2622
2013,84,"Auvergne-Rhône-Alpes","26","Drôme","02Z","Autres déchets","02Z","Non précisé",11.08
2013,84,"Auvergne-Rhône-Alpes","38","Isère","02A","Déchets dangereux","02A","Valorisation matière",486.59108
2013,84,"Auvergne-Rhône-Alpes","38","Isère","02A","Déchets dangereux","02B","Incinération avec récupération d'énergie",77.09263
2013,84,"Auvergne-Rhône-Alpes","38","Isère","02A","Déchets dangereux","02D","Stockage",424.16
2013,84,"Auvergne-Rhône-Alpes","38","Isère","02A","Déchets dangereux","02Z","Non précisé",1429.14931
2013,84,"Auvergne-Rhône-Alpes","38","Isère","02B","Matériaux recyclables","02A","Valorisation matière",56269.19134
2013,84,"Auvergne-Rhône-Alpes","38","Isère","02B","Matériaux recyclables","02B","Incinération avec récupération d'énergie",4307.80908
2013,84,"Auvergne-Rhône-Alpes","38","Isère","02B","Matériaux recyclables","02D","Stockage",179.06
2013,84,"Auvergne-Rhône-Alpes","38","Isère","02B","Matériaux recyclables","02E","Valorisation organique",625.30826
2013,84,"Auvergne-Rhône-Alpes","38","Isère","02C","Déchets verts","02A","Valorisation matière",12893.01047
2013,84,"Auvergne-Rhône-Alpes","38","Isère","02C","Déchets verts","02E","Valorisation organique",85313.46126
2013,84,"Auvergne-Rhône-Alpes","38","Isère","02D","Encombrants","02A","Valorisation matière",2934.38612
2013,84,"Auvergne-Rhône-Alpes","38","Isère","02D","Encombrants","02B","Incinération avec récupération d'énergie",22119.95081
2013,84,"Auvergne-Rhône-Alpes","38","Isère","02D","Encombrants","02D","Stockage",58115.67602
2013,84,"Auvergne-Rhône-Alpes","38","Isère","02E","Déblais et gravats","02A","Valorisation matière",55192.624
2013,84,"Auvergne-Rhône-Alpes","38","Isère","02E","Déblais et gravats","02D","Stockage",33738.39799
2013,84,"Auvergne-Rhône-Alpes","38","Isère","02E","Déblais et gravats","02F","Stockage pour inertes",16684.22833
2013,84,"Auvergne-Rhône-Alpes","38","Isère","02E","Déblais et gravats","02Z","Non précisé",17.88291
2013,84,"Auvergne-Rhône-Alpes","38","Isère","02F","DEEE","02A","Valorisation matière",6658.82291
2013,84,"Auvergne-Rhône-Alpes","38","Isère","02Z","Autres déchets","02A","Valorisation matière",5.24
2013,84,"Auvergne-Rhône-Alpes","38","Isère","02Z","Autres déchets","02B","Incinération avec récupération d'énergie",35.22085
2013,84,"Auvergne-Rhône-Alpes","38","Isère","02Z","Autres déchets","02D","Stockage",8258.6
2013,84,"Auvergne-Rhône-Alpes","38","Isère","02Z","Autres déchets","02Z","Non précisé",10.28817
2013,84,"Auvergne-Rhône-Alpes","42","Loire","02A","Déchets dangereux","02A","Valorisation matière",273.33153
2013,84,"Auvergne-Rhône-Alpes","42","Loire","02A","Déchets dangereux","02B","Incinération avec récupération d'énergie",92.89477
2013,84,"Auvergne-Rhône-Alpes","42","Loire","02A","Déchets dangereux","02C","Incinération sans récupération d'énergie",12.41821
2013,84,"Auvergne-Rhône-Alpes","42","Loire","02A","Déchets dangereux","02D","Stockage",244.30456
2013,84,"Auvergne-Rhône-Alpes","42","Loire","02A","Déchets dangereux","02Z","Non précisé",756.06844
2013,84,"Auvergne-Rhône-Alpes","42","Loire","02B","Matériaux recyclables","02A","Valorisation matière",24187.39622
2013,84,"Auvergne-Rhône-Alpes","42","Loire","02B","Matériaux recyclables","02B","Incinération avec récupération d'énergie",571.11
2013,84,"Auvergne-Rhône-Alpes","42","Loire","02B","Matériaux recyclables","02D","Stockage",473.11999
2013,84,"Auvergne-Rhône-Alpes","42","Loire","02B","Matériaux recyclables","02E","Valorisation organique",130.7
2013,84,"Auvergne-Rhône-Alpes","42","Loire","02C","Déchets verts","02A","Valorisation matière",6455.67524
2013,84,"Auvergne-Rhône-Alpes","42","Loire","02C","Déchets verts","02D","Stockage",593.35176
2013,84,"Auvergne-Rhône-Alpes","42","Loire","02C","Déchets verts","02E","Valorisation organique",37044.96389
2013,84,"Auvergne-Rhône-Alpes","42","Loire","02D","Encombrants","02A","Valorisation matière",1177.40682
2013,84,"Auvergne-Rhône-Alpes","42","Loire","02D","Encombrants","02B","Incinération avec récupération d'énergie",3133.10001
2013,84,"Auvergne-Rhône-Alpes","42","Loire","02D","Encombrants","02D","Stockage",37798.56736
2013,84,"Auvergne-Rhône-Alpes","42","Loire","02E","Déblais et gravats","02A","Valorisation matière",14965.05645
2013,84,"Auvergne-Rhône-Alpes","42","Loire","02E","Déblais et gravats","02D","Stockage",13902.50215
2013,84,"Auvergne-Rhône-Alpes","42","Loire","02E","Déblais et gravats","02F","Stockage pour inertes",11423.65
2013,84,"Auvergne-Rhône-Alpes","42","Loire","02E","Déblais et gravats","02Z","Non précisé",230
2013,84,"Auvergne-Rhône-Alpes","42","Loire","02F","DEEE","02A","Valorisation matière",4547.59051
2013,84,"Auvergne-Rhône-Alpes","42","Loire","02Z","Autres déchets","02A","Valorisation matière",2.34001
2013,84,"Auvergne-Rhône-Alpes","42","Loire","02Z","Autres déchets","02B","Incinération avec récupération d'énergie",6.55
2013,84,"Auvergne-Rhône-Alpes","42","Loire","02Z","Autres déchets","02Z","Non précisé",1.41617
2013,84,"Auvergne-Rhône-Alpes","43","Haute-Loire","02A","Déchets dangereux","02A","Valorisation matière",172.23177
2013,84,"Auvergne-Rhône-Alpes","43","Haute-Loire","02A","Déchets dangereux","02B","Incinération avec récupération d'énergie",82.999
2013,84,"Auvergne-Rhône-Alpes","43","Haute-Loire","02A","Déchets dangereux","02C","Incinération sans récupération d'énergie",69.84028
2013,84,"Auvergne-Rhône-Alpes","43","Haute-Loire","02A","Déchets dangereux","02Z","Non précisé",46.12306
2013,84,"Auvergne-Rhône-Alpes","43","Haute-Loire","02B","Matériaux recyclables","02A","Valorisation matière",8622.65831
2013,84,"Auvergne-Rhône-Alpes","43","Haute-Loire","02B","Matériaux recyclables","02D","Stockage",4.23689
2013,84,"Auvergne-Rhône-Alpes","43","Haute-Loire","02B","Matériaux recyclables","02E","Valorisation organique",1090.17152
2013,84,"Auvergne-Rhône-Alpes","43","Haute-Loire","02B","Matériaux recyclables","02Z","Non précisé",25.00739
2013,84,"Auvergne-Rhône-Alpes","43","Haute-Loire","02C","Déchets verts","02A","Valorisation matière",350
2013,84,"Auvergne-Rhône-Alpes","43","Haute-Loire","02C","Déchets verts","02D","Stockage",840.85289
2013,84,"Auvergne-Rhône-Alpes","43","Haute-Loire","02C","Déchets verts","02E","Valorisation organique",11037.38459
2013,84,"Auvergne-Rhône-Alpes","43","Haute-Loire","02D","Encombrants","02A","Valorisation matière",1719.59036
2013,84,"Auvergne-Rhône-Alpes","43","Haute-Loire","02D","Encombrants","02D","Stockage",7333.92553
2013,84,"Auvergne-Rhône-Alpes","43","Haute-Loire","02D","Encombrants","02Z","Non précisé",16.095
2013,84,"Auvergne-Rhône-Alpes","43","Haute-Loire","02E","Déblais et gravats","02A","Valorisation matière",6288.40827
2013,84,"Auvergne-Rhône-Alpes","43","Haute-Loire","02E","Déblais et gravats","02D","Stockage",1494.14729
2013,84,"Auvergne-Rhône-Alpes","43","Haute-Loire","02E","Déblais et gravats","02F","Stockage pour inertes",4882.89511
2013,84,"Auvergne-Rhône-Alpes","43","Haute-Loire","02E","Déblais et gravats","02Z","Non précisé",214.38
2013,84,"Auvergne-Rhône-Alpes","43","Haute-Loire","02F","DEEE","02A","Valorisation matière",1197.49131
2013,84,"Auvergne-Rhône-Alpes","43","Haute-Loire","02Z","Autres déchets","02A","Valorisation matière",0.11237
2013,84,"Auvergne-Rhône-Alpes","43","Haute-Loire","02Z","Autres déchets","02C","Incinération sans récupération d'énergie",1.806
2013,84,"Auvergne-Rhône-Alpes","43","Haute-Loire","02Z","Autres déchets","02Z","Non précisé",0.22
2013,84,"Auvergne-Rhône-Alpes","63","Puy-de-Dôme","02A","Déchets dangereux","02A","Valorisation matière",330.44387
2013,84,"Auvergne-Rhône-Alpes","63","Puy-de-Dôme","02A","Déchets dangereux","02B","Incinération avec récupération d'énergie",280.89561
2013,84,"Auvergne-Rhône-Alpes","63","Puy-de-Dôme","02A","Déchets dangereux","02D","Stockage",72.5
2013,84,"Auvergne-Rhône-Alpes","63","Puy-de-Dôme","02A","Déchets dangereux","02Z","Non précisé",484.97768
2013,84,"Auvergne-Rhône-Alpes","63","Puy-de-Dôme","02B","Matériaux recyclables","02A","Valorisation matière",17029.3233
2013,84,"Auvergne-Rhône-Alpes","63","Puy-de-Dôme","02B","Matériaux recyclables","02D","Stockage",67.14
2013,84,"Auvergne-Rhône-Alpes","63","Puy-de-Dôme","02B","Matériaux recyclables","02E","Valorisation organique",5249.66106
2013,84,"Auvergne-Rhône-Alpes","63","Puy-de-Dôme","02B","Matériaux recyclables","02Z","Non précisé",1.10461
2013,84,"Auvergne-Rhône-Alpes","63","Puy-de-Dôme","02C","Déchets verts","02A","Valorisation matière",20.79384
2013,84,"Auvergne-Rhône-Alpes","63","Puy-de-Dôme","02C","Déchets verts","02E","Valorisation organique",32907.85969
2013,84,"Auvergne-Rhône-Alpes","63","Puy-de-Dôme","02D","Encombrants","02A","Valorisation matière",3319.7869
2013,84,"Auvergne-Rhône-Alpes","63","Puy-de-Dôme","02D","Encombrants","02B","Incinération avec récupération d'énergie",5734.17783
2013,84,"Auvergne-Rhône-Alpes","63","Puy-de-Dôme","02D","Encombrants","02D","Stockage",23594.29927
2013,84,"Auvergne-Rhône-Alpes","63","Puy-de-Dôme","02E","Déblais et gravats","02A","Valorisation matière",13042.5
2013,84,"Auvergne-Rhône-Alpes","63","Puy-de-Dôme","02E","Déblais et gravats","02D","Stockage",16247.62917
2013,84,"Auvergne-Rhône-Alpes","63","Puy-de-Dôme","02E","Déblais et gravats","02F","Stockage pour inertes",4264.23424
2013,84,"Auvergne-Rhône-Alpes","63","Puy-de-Dôme","02F","DEEE","02A","Valorisation matière",2585.05051
2013,84,"Auvergne-Rhône-Alpes","63","Puy-de-Dôme","02F","DEEE","02Z","Non précisé",1268.948
2013,84,"Auvergne-Rhône-Alpes","63","Puy-de-Dôme","02Z","Autres déchets","02A","Valorisation matière",6.94799
2013,84,"Auvergne-Rhône-Alpes","63","Puy-de-Dôme","02Z","Autres déchets","02D","Stockage",337
2013,84,"Auvergne-Rhône-Alpes","63","Puy-de-Dôme","02Z","Autres déchets","02Z","Non précisé",0.702
2013,84,"Auvergne-Rhône-Alpes","69","Rhône","02A","Déchets dangereux","02A","Valorisation matière",444.40157
2013,84,"Auvergne-Rhône-Alpes","69","Rhône","02A","Déchets dangereux","02B","Incinération avec récupération d'énergie",29.41693
2013,84,"Auvergne-Rhône-Alpes","69","Rhône","02A","Déchets dangereux","02D","Stockage",41.89132
2013,84,"Auvergne-Rhône-Alpes","69","Rhône","02A","Déchets dangereux","02Z","Non précisé",1753.85793
2013,84,"Auvergne-Rhône-Alpes","69","Rhône","02B","Matériaux recyclables","02A","Valorisation matière",54640.26088
2013,84,"Auvergne-Rhône-Alpes","69","Rhône","02B","Matériaux recyclables","02E","Valorisation organique",52.29174
2013,84,"Auvergne-Rhône-Alpes","69","Rhône","02C","Déchets verts","02A","Valorisation matière",991.6577
2013,84,"Auvergne-Rhône-Alpes","69","Rhône","02C","Déchets verts","02E","Valorisation organique",58381.73001
2013,84,"Auvergne-Rhône-Alpes","69","Rhône","02D","Encombrants","02A","Valorisation matière",10067.61829
2013,84,"Auvergne-Rhône-Alpes","69","Rhône","02D","Encombrants","02B","Incinération avec récupération d'énergie",4031
2013,84,"Auvergne-Rhône-Alpes","69","Rhône","02D","Encombrants","02D","Stockage",29038.85522
2013,84,"Auvergne-Rhône-Alpes","69","Rhône","02E","Déblais et gravats","02A","Valorisation matière",30037.48105
2013,84,"Auvergne-Rhône-Alpes","69","Rhône","02E","Déblais et gravats","02D","Stockage",3349.82202
2013,84,"Auvergne-Rhône-Alpes","69","Rhône","02E","Déblais et gravats","02F","Stockage pour inertes",22576.6753
2013,84,"Auvergne-Rhône-Alpes","69","Rhône","02F","DEEE","02A","Valorisation matière",8111.85055
2013,84,"Auvergne-Rhône-Alpes","69","Rhône","02Z","Autres déchets","02A","Valorisation matière",0.00371
2013,84,"Auvergne-Rhône-Alpes","69","Rhône","02Z","Autres déchets","02B","Incinération avec récupération d'énergie",23.03
2013,84,"Auvergne-Rhône-Alpes","69","Rhône","02Z","Autres déchets","02Z","Non précisé",6.03565
2013,84,"Auvergne-Rhône-Alpes","73","Savoie","02A","Déchets dangereux","02A","Valorisation matière",106.62394
2013,84,"Auvergne-Rhône-Alpes","73","Savoie","02A","Déchets dangereux","02B","Incinération avec récupération d'énergie",103.79936
2013,84,"Auvergne-Rhône-Alpes","73","Savoie","02A","Déchets dangereux","02D","Stockage",218.85999
2013,84,"Auvergne-Rhône-Alpes","73","Savoie","02A","Déchets dangereux","02F","Stockage pour inertes",81.15
2013,84,"Auvergne-Rhône-Alpes","73","Savoie","02A","Déchets dangereux","02Z","Non précisé",816.00841
2013,84,"Auvergne-Rhône-Alpes","73","Savoie","02B","Matériaux recyclables","02A","Valorisation matière",27681.09106
2013,84,"Auvergne-Rhône-Alpes","73","Savoie","02B","Matériaux recyclables","02B","Incinération avec récupération d'énergie",3709.00092
2013,84,"Auvergne-Rhône-Alpes","73","Savoie","02B","Matériaux recyclables","02D","Stockage",17.78
2013,84,"Auvergne-Rhône-Alpes","73","Savoie","02C","Déchets verts","02A","Valorisation matière",737.5
2013,84,"Auvergne-Rhône-Alpes","73","Savoie","02C","Déchets verts","02E","Valorisation organique",33176.25945
2013,84,"Auvergne-Rhône-Alpes","73","Savoie","02D","Encombrants","02A","Valorisation matière",4287.91137
2013,84,"Auvergne-Rhône-Alpes","73","Savoie","02D","Encombrants","02B","Incinération avec récupération d'énergie",13058.30636
2013,84,"Auvergne-Rhône-Alpes","73","Savoie","02D","Encombrants","02D","Stockage",7435.88001
2013,84,"Auvergne-Rhône-Alpes","73","Savoie","02E","Déblais et gravats","02A","Valorisation matière",17054.03409
2013,84,"Auvergne-Rhône-Alpes","73","Savoie","02E","Déblais et gravats","02F","Stockage pour inertes",15214.38637
2013,84,"Auvergne-Rhône-Alpes","73","Savoie","02F","DEEE","02A","Valorisation matière",3897.73353
2013,84,"Auvergne-Rhône-Alpes","73","Savoie","02Z","Autres déchets","02A","Valorisation matière",6
2013,84,"Auvergne-Rhône-Alpes","73","Savoie","02Z","Autres déchets","02B","Incinération avec récupération d'énergie",3.52915
2013,84,"Auvergne-Rhône-Alpes","73","Savoie","02Z","Autres déchets","02Z","Non précisé",19.77
2013,84,"Auvergne-Rhône-Alpes","74","Haute-Savoie","02A","Déchets dangereux","02A","Valorisation matière",608.56563
2013,84,"Auvergne-Rhône-Alpes","74","Haute-Savoie","02A","Déchets dangereux","02B","Incinération avec récupération d'énergie",70.09
2013,84,"Auvergne-Rhône-Alpes","74","Haute-Savoie","02A","Déchets dangereux","02D","Stockage",20.84
2013,84,"Auvergne-Rhône-Alpes","74","Haute-Savoie","02A","Déchets dangereux","02Z","Non précisé",680.92557
2013,84,"Auvergne-Rhône-Alpes","74","Haute-Savoie","02B","Matériaux recyclables","02A","Valorisation matière",40407.9011
2013,84,"Auvergne-Rhône-Alpes","74","Haute-Savoie","02B","Matériaux recyclables","02B","Incinération avec récupération d'énergie",8079.72001
2013,84,"Auvergne-Rhône-Alpes","74","Haute-Savoie","02B","Matériaux recyclables","02C","Incinération sans récupération d'énergie",12.22
2013,84,"Auvergne-Rhône-Alpes","74","Haute-Savoie","02B","Matériaux recyclables","02E","Valorisation organique",5161.36
2013,84,"Auvergne-Rhône-Alpes","74","Haute-Savoie","02B","Matériaux recyclables","02Z","Non précisé",0.14
2013,84,"Auvergne-Rhône-Alpes","74","Haute-Savoie","02C","Déchets verts","02A","Valorisation matière",6308.87
2013,84,"Auvergne-Rhône-Alpes","74","Haute-Savoie","02C","Déchets verts","02E","Valorisation organique",55172.44946
2013,84,"Auvergne-Rhône-Alpes","74","Haute-Savoie","02D","Encombrants","02A","Valorisation matière",8115.07574
2013,84,"Auvergne-Rhône-Alpes","74","Haute-Savoie","02D","Encombrants","02B","Incinération avec récupération d'énergie",26678.91223
2013,84,"Auvergne-Rhône-Alpes","74","Haute-Savoie","02D","Encombrants","02D","Stockage",6093.02
2013,84,"Auvergne-Rhône-Alpes","74","Haute-Savoie","02E","Déblais et gravats","02A","Valorisation matière",29366.71553
2013,84,"Auvergne-Rhône-Alpes","74","Haute-Savoie","02E","Déblais et gravats","02D","Stockage",2697.03
2013,84,"Auvergne-Rhône-Alpes","74","Haute-Savoie","02E","Déblais et gravats","02F","Stockage pour inertes",10301.77761
2013,84,"Auvergne-Rhône-Alpes","74","Haute-Savoie","02F","DEEE","02A","Valorisation matière",6119.9059
2013,84,"Auvergne-Rhône-Alpes","74","Haute-Savoie","02Z","Autres déchets","02A","Valorisation matière",14.28
2013,84,"Auvergne-Rhône-Alpes","74","Haute-Savoie","02Z","Autres déchets","02B","Incinération avec récupération d'énergie",69.15278
2013,84,"Auvergne-Rhône-Alpes","74","Haute-Savoie","02Z","Autres déchets","02Z","Non précisé",11.7
2013,27,"Bourgogne-Franche-Comté","21","Cote-d'Or","02A","Déchets dangereux","02A","Valorisation matière",212.0051
2013,27,"Bourgogne-Franche-Comté","21","Cote-d'Or","02A","Déchets dangereux","02B","Incinération avec récupération d'énergie",190.29
2013,27,"Bourgogne-Franche-Comté","21","Cote-d'Or","02A","Déchets dangereux","02C","Incinération sans récupération d'énergie",16.2
2013,27,"Bourgogne-Franche-Comté","21","Cote-d'Or","02A","Déchets dangereux","02D","Stockage",93.77
2013,27,"Bourgogne-Franche-Comté","21","Cote-d'Or","02A","Déchets dangereux","02F","Stockage pour inertes",9.48
2013,27,"Bourgogne-Franche-Comté","21","Cote-d'Or","02A","Déchets dangereux","02Z","Non précisé",815.1
2013,27,"Bourgogne-Franche-Comté","21","Cote-d'Or","02B","Matériaux recyclables","02A","Valorisation matière",16319.56559
2013,27,"Bourgogne-Franche-Comté","21","Cote-d'Or","02B","Matériaux recyclables","02B","Incinération avec récupération d'énergie",2543.53
2013,27,"Bourgogne-Franche-Comté","21","Cote-d'Or","02B","Matériaux recyclables","02D","Stockage",322.28426
2013,27,"Bourgogne-Franche-Comté","21","Cote-d'Or","02B","Matériaux recyclables","02E","Valorisation organique",243.89
2013,27,"Bourgogne-Franche-Comté","21","Cote-d'Or","02C","Déchets verts","02A","Valorisation matière",39.86
2013,27,"Bourgogne-Franche-Comté","21","Cote-d'Or","02C","Déchets verts","02E","Valorisation organique",37490.11285
2013,27,"Bourgogne-Franche-Comté","21","Cote-d'Or","02D","Encombrants","02A","Valorisation matière",303.73
2013,27,"Bourgogne-Franche-Comté","21","Cote-d'Or","02D","Encombrants","02B","Incinération avec récupération d'énergie",7439.38
2013,27,"Bourgogne-Franche-Comté","21","Cote-d'Or","02D","Encombrants","02D","Stockage",16881.17113
2013,27,"Bourgogne-Franche-Comté","21","Cote-d'Or","02D","Encombrants","02Z","Non précisé",7.06
2013,27,"Bourgogne-Franche-Comté","21","Cote-d'Or","02E","Déblais et gravats","02A","Valorisation matière",1272.02032
2013,27,"Bourgogne-Franche-Comté","21","Cote-d'Or","02E","Déblais et gravats","02D","Stockage",46.92
2013,27,"Bourgogne-Franche-Comté","21","Cote-d'Or","02E","Déblais et gravats","02F","Stockage pour inertes",35210.47001
2013,27,"Bourgogne-Franche-Comté","21","Cote-d'Or","02F","DEEE","02A","Valorisation matière",3372.07175
2013,27,"Bourgogne-Franche-Comté","21","Cote-d'Or","02Z","Autres déchets","02A","Valorisation matière",19.35744
2013,27,"Bourgogne-Franche-Comté","25","Doubs","02A","Déchets dangereux","02A","Valorisation matière",823.05077
2013,27,"Bourgogne-Franche-Comté","25","Doubs","02A","Déchets dangereux","02B","Incinération avec récupération d'énergie",9.34901
2013,27,"Bourgogne-Franche-Comté","25","Doubs","02A","Déchets dangereux","02C","Incinération sans récupération d'énergie",104.55638
2013,27,"Bourgogne-Franche-Comté","25","Doubs","02A","Déchets dangereux","02Z","Non précisé",2.611
2013,27,"Bourgogne-Franche-Comté","25","Doubs","02B","Matériaux recyclables","02A","Valorisation matière",22187.38253
2013,27,"Bourgogne-Franche-Comté","25","Doubs","02B","Matériaux recyclables","02B","Incinération avec récupération d'énergie",8184.356
2013,27,"Bourgogne-Franche-Comté","25","Doubs","02B","Matériaux recyclables","02Z","Non précisé",143.07
2013,27,"Bourgogne-Franche-Comté","25","Doubs","02C","Déchets verts","02B","Incinération avec récupération d'énergie",450
2013,27,"Bourgogne-Franche-Comté","25","Doubs","02C","Déchets verts","02E","Valorisation organique",31858.20026
2013,27,"Bourgogne-Franche-Comté","25","Doubs","02D","Encombrants","02A","Valorisation matière",1733.89346
2013,27,"Bourgogne-Franche-Comté","25","Doubs","02D","Encombrants","02B","Incinération avec récupération d'énergie",6138.28
2013,27,"Bourgogne-Franche-Comté","25","Doubs","02D","Encombrants","02D","Stockage",20033.41242
2013,27,"Bourgogne-Franche-Comté","25","Doubs","02D","Encombrants","02Z","Non précisé",25.96668
2013,27,"Bourgogne-Franche-Comté","25","Doubs","02E","Déblais et gravats","02A","Valorisation matière",736.59027
2013,27,"Bourgogne-Franche-Comté","25","Doubs","02E","Déblais et gravats","02F","Stockage pour inertes",20168.64912
2013,27,"Bourgogne-Franche-Comté","25","Doubs","02F","DEEE","02A","Valorisation matière",3599.49729
2013,27,"Bourgogne-Franche-Comté","25","Doubs","02Z","Autres déchets","02A","Valorisation matière",11.52996
2013,27,"Bourgogne-Franche-Comté","25","Doubs","02Z","Autres déchets","02B","Incinération avec récupération d'énergie",0.015
2013,27,"Bourgogne-Franche-Comté","25","Doubs","02Z","Autres déchets","02C","Incinération sans récupération d'énergie",25.00001
2013,27,"Bourgogne-Franche-Comté","25","Doubs","02Z","Autres déchets","02E","Valorisation organique",21.35
2013,27,"Bourgogne-Franche-Comté","39","Jura","02A","Déchets dangereux","02A","Valorisation matière",607.101
2013,27,"Bourgogne-Franche-Comté","39","Jura","02A","Déchets dangereux","02B","Incinération avec récupération d'énergie",12.914
2013,27,"Bourgogne-Franche-Comté","39","Jura","02A","Déchets dangereux","02C","Incinération sans récupération d'énergie",78.875
2013,27,"Bourgogne-Franche-Comté","39","Jura","02A","Déchets dangereux","02Z","Non précisé",2.49
2013,27,"Bourgogne-Franche-Comté","39","Jura","02B","Matériaux recyclables","02A","Valorisation matière",10952.304
2013,27,"Bourgogne-Franche-Comté","39","Jura","02B","Matériaux recyclables","02E","Valorisation organique",3075.64
2013,27,"Bourgogne-Franche-Comté","39","Jura","02B","Matériaux recyclables","02Z","Non précisé",117.9
2013,27,"Bourgogne-Franche-Comté","39","Jura","02C","Déchets verts","02E","Valorisation organique",11300.2
2013,27,"Bourgogne-Franche-Comté","39","Jura","02D","Encombrants","02A","Valorisation matière",591.894
2013,27,"Bourgogne-Franche-Comté","39","Jura","02D","Encombrants","02D","Stockage",10700.88
2013,27,"Bourgogne-Franche-Comté","39","Jura","02E","Déblais et gravats","02F","Stockage pour inertes",12742
2013,27,"Bourgogne-Franche-Comté","39","Jura","02F","DEEE","02A","Valorisation matière",2440.855
2013,27,"Bourgogne-Franche-Comté","39","Jura","02Z","Autres déchets","02A","Valorisation matière",23.309
2013,27,"Bourgogne-Franche-Comté","58","Nièvre","02A","Déchets dangereux","02A","Valorisation matière",396.61842
2013,27,"Bourgogne-Franche-Comté","58","Nièvre","02A","Déchets dangereux","02B","Incinération avec récupération d'énergie",1.32272
2013,27,"Bourgogne-Franche-Comté","58","Nièvre","02A","Déchets dangereux","02D","Stockage",23.621
2013,27,"Bourgogne-Franche-Comté","58","Nièvre","02A","Déchets dangereux","02Z","Non précisé",114.51765
2013,27,"Bourgogne-Franche-Comté","58","Nièvre","02B","Matériaux recyclables","02A","Valorisation matière",7104.45172
2013,27,"Bourgogne-Franche-Comté","58","Nièvre","02B","Matériaux recyclables","02B","Incinération avec récupération d'énergie",0.12443
2013,27,"Bourgogne-Franche-Comté","58","Nièvre","02B","Matériaux recyclables","02D","Stockage",70.42
2013,27,"Bourgogne-Franche-Comté","58","Nièvre","02B","Matériaux recyclables","02E","Valorisation organique",528.36
2013,27,"Bourgogne-Franche-Comté","58","Nièvre","02B","Matériaux recyclables","02Z","Non précisé",1340.13
2013,27,"Bourgogne-Franche-Comté","58","Nièvre","02C","Déchets verts","02A","Valorisation matière",903.72653
2013,27,"Bourgogne-Franche-Comté","58","Nièvre","02C","Déchets verts","02E","Valorisation organique",13788.0026
2013,27,"Bourgogne-Franche-Comté","58","Nièvre","02C","Déchets verts","02Z","Non précisé",500.58
2013,27,"Bourgogne-Franche-Comté","58","Nièvre","02D","Encombrants","02A","Valorisation matière",554.1261
2013,27,"Bourgogne-Franche-Comté","58","Nièvre","02D","Encombrants","02B","Incinération avec récupération d'énergie",2172.38
2013,27,"Bourgogne-Franche-Comté","58","Nièvre","02D","Encombrants","02D","Stockage",11291.01315
2013,27,"Bourgogne-Franche-Comté","58","Nièvre","02D","Encombrants","02Z","Non précisé",49.93
2013,27,"Bourgogne-Franche-Comté","58","Nièvre","02E","Déblais et gravats","02A","Valorisation matière",5100.19709
2013,27,"Bourgogne-Franche-Comté","58","Nièvre","02E","Déblais et gravats","02D","Stockage",739.32513
2013,27,"Bourgogne-Franche-Comté","58","Nièvre","02E","Déblais et gravats","02F","Stockage pour inertes",3279.609
2013,27,"Bourgogne-Franche-Comté","58","Nièvre","02E","Déblais et gravats","02Z","Non précisé",453.24
2013,27,"Bourgogne-Franche-Comté","58","Nièvre","02F","DEEE","02A","Valorisation matière",1828.07478
2013,27,"Bourgogne-Franche-Comté","58","Nièvre","02Z","Autres déchets","02A","Valorisation matière",9.341
2013,27,"Bourgogne-Franche-Comté","58","Nièvre","02Z","Autres déchets","02Z","Non précisé",2.8283
2013,27,"Bourgogne-Franche-Comté","70","Haute-Saône","02A","Déchets dangereux","02A","Valorisation matière",561.75716
2013,27,"Bourgogne-Franche-Comté","70","Haute-Saône","02A","Déchets dangereux","02B","Incinération avec récupération d'énergie",117.11099
2013,27,"Bourgogne-Franche-Comté","70","Haute-Saône","02A","Déchets dangereux","02C","Incinération sans récupération d'énergie",5.91595
2013,27,"Bourgogne-Franche-Comté","70","Haute-Saône","02A","Déchets dangereux","02F","Stockage pour inertes",1.56275
2013,27,"Bourgogne-Franche-Comté","70","Haute-Saône","02A","Déchets dangereux","02Z","Non précisé",19.38499
2013,27,"Bourgogne-Franche-Comté","70","Haute-Saône","02B","Matériaux recyclables","02A","Valorisation matière",13743.52136
2013,27,"Bourgogne-Franche-Comté","70","Haute-Saône","02B","Matériaux recyclables","02E","Valorisation organique",28.73408
2013,27,"Bourgogne-Franche-Comté","70","Haute-Saône","02C","Déchets verts","02E","Valorisation organique",13078.16091
2013,27,"Bourgogne-Franche-Comté","70","Haute-Saône","02D","Encombrants","02A","Valorisation matière",1095.21378
2013,27,"Bourgogne-Franche-Comté","70","Haute-Saône","02D","Encombrants","02B","Incinération avec récupération d'énergie",608.57158
2013,27,"Bourgogne-Franche-Comté","70","Haute-Saône","02D","Encombrants","02D","Stockage",14861.6776
2013,27,"Bourgogne-Franche-Comté","70","Haute-Saône","02D","Encombrants","02Z","Non précisé",325.27334
2013,27,"Bourgogne-Franche-Comté","70","Haute-Saône","02E","Déblais et gravats","02A","Valorisation matière",186.22352
2013,27,"Bourgogne-Franche-Comté","70","Haute-Saône","02E","Déblais et gravats","02F","Stockage pour inertes",10451.77647
2013,27,"Bourgogne-Franche-Comté","70","Haute-Saône","02F","DEEE","02A","Valorisation matière",2291.77194
2013,27,"Bourgogne-Franche-Comté","70","Haute-Saône","02Z","Autres déchets","02A","Valorisation matière",41.52504
2013,27,"Bourgogne-Franche-Comté","70","Haute-Saône","02Z","Autres déchets","02B","Incinération avec récupération d'énergie",0.07815
2013,27,"Bourgogne-Franche-Comté","70","Haute-Saône","02Z","Autres déchets","02Z","Non précisé",1.07485
2013,27,"Bourgogne-Franche-Comté","71","Saône-et-Loire","02A","Déchets dangereux","02A","Valorisation matière",841.71795
2013,27,"Bourgogne-Franche-Comté","71","Saône-et-Loire","02A","Déchets dangereux","02B","Incinération avec récupération d'énergie",186.60931
2013,27,"Bourgogne-Franche-Comté","71","Saône-et-Loire","02A","Déchets dangereux","02D","Stockage",248.70201
2013,27,"Bourgogne-Franche-Comté","71","Saône-et-Loire","02A","Déchets dangereux","02F","Stockage pour inertes",54
2013,27,"Bourgogne-Franche-Comté","71","Saône-et-Loire","02A","Déchets dangereux","02Z","Non précisé",15.045
2013,27,"Bourgogne-Franche-Comté","71","Saône-et-Loire","02B","Matériaux recyclables","02A","Valorisation matière",18124.62254
2013,27,"Bourgogne-Franche-Comté","71","Saône-et-Loire","02B","Matériaux recyclables","02B","Incinération avec récupération d'énergie",30.4
2013,27,"Bourgogne-Franche-Comté","71","Saône-et-Loire","02B","Matériaux recyclables","02D","Stockage",8549.06495
2013,27,"Bourgogne-Franche-Comté","71","Saône-et-Loire","02B","Matériaux recyclables","02E","Valorisation organique",2870.59
2013,27,"Bourgogne-Franche-Comté","71","Saône-et-Loire","02B","Matériaux recyclables","02Z","Non précisé",33.82
2013,27,"Bourgogne-Franche-Comté","71","Saône-et-Loire","02C","Déchets verts","02E","Valorisation organique",47043.43549
2013,27,"Bourgogne-Franche-Comté","71","Saône-et-Loire","02D","Encombrants","02A","Valorisation matière",13.476
2013,27,"Bourgogne-Franche-Comté","71","Saône-et-Loire","02D","Encombrants","02D","Stockage",27984.85465
2013,27,"Bourgogne-Franche-Comté","71","Saône-et-Loire","02D","Encombrants","02Z","Non précisé",5
2013,27,"Bourgogne-Franche-Comté","71","Saône-et-Loire","02E","Déblais et gravats","02A","Valorisation matière",14580.61757
2013,27,"Bourgogne-Franche-Comté","71","Saône-et-Loire","02E","Déblais et gravats","02D","Stockage",6036.10079
2013,27,"Bourgogne-Franche-Comté","71","Saône-et-Loire","02E","Déblais et gravats","02F","Stockage pour inertes",994.15
2013,27,"Bourgogne-Franche-Comté","71","Saône-et-Loire","02E","Déblais et gravats","02Z","Non précisé",2482.8
2013,27,"Bourgogne-Franche-Comté","71","Saône-et-Loire","02F","DEEE","02A","Valorisation matière",3679.16311
2013,27,"Bourgogne-Franche-Comté","71","Saône-et-Loire","02F","DEEE","02Z","Non précisé",96.4
2013,27,"Bourgogne-Franche-Comté","71","Saône-et-Loire","02Z","Autres déchets","02A","Valorisation matière",32.23298
2013,27,"Bourgogne-Franche-Comté","71","Saône-et-Loire","02Z","Autres déchets","02B","Incinération avec récupération d'énergie",1.05
2013,27,"Bourgogne-Franche-Comté","71","Saône-et-Loire","02Z","Autres déchets","02Z","Non précisé",3.671
2013,27,"Bourgogne-Franche-Comté","89","Yonne","02A","Déchets dangereux","02A","Valorisation matière",842.38119
2013,27,"Bourgogne-Franche-Comté","89","Yonne","02A","Déchets dangereux","02B","Incinération avec récupération d'énergie",1.845
2013,27,"Bourgogne-Franche-Comté","89","Yonne","02A","Déchets dangereux","02D","Stockage",89.884
2013,27,"Bourgogne-Franche-Comté","89","Yonne","02A","Déchets dangereux","02F","Stockage pour inertes",0.1
2013,27,"Bourgogne-Franche-Comté","89","Yonne","02A","Déchets dangereux","02Z","Non précisé",0.9
2013,27,"Bourgogne-Franche-Comté","89","Yonne","02B","Matériaux recyclables","02A","Valorisation matière",10428.87047
2013,27,"Bourgogne-Franche-Comté","89","Yonne","02B","Matériaux recyclables","02B","Incinération avec récupération d'énergie",40.72
2013,27,"Bourgogne-Franche-Comté","89","Yonne","02B","Matériaux recyclables","02E","Valorisation organique",483.59
2013,27,"Bourgogne-Franche-Comté","89","Yonne","02B","Matériaux recyclables","02Z","Non précisé",199.395
2013,27,"Bourgogne-Franche-Comté","89","Yonne","02C","Déchets verts","02A","Valorisation matière",473.01
2013,27,"Bourgogne-Franche-Comté","89","Yonne","02C","Déchets verts","02E","Valorisation organique",21449.07668
2013,27,"Bourgogne-Franche-Comté","89","Yonne","02D","Encombrants","02A","Valorisation matière",170.35582
2013,27,"Bourgogne-Franche-Comté","89","Yonne","02D","Encombrants","02B","Incinération avec récupération d'énergie",603
2013,27,"Bourgogne-Franche-Comté","89","Yonne","02D","Encombrants","02D","Stockage",21647.07851
2013,27,"Bourgogne-Franche-Comté","89","Yonne","02E","Déblais et gravats","02A","Valorisation matière",8192.27007
2013,27,"Bourgogne-Franche-Comté","89","Yonne","02E","Déblais et gravats","02D","Stockage",1882.64
2013,27,"Bourgogne-Franche-Comté","89","Yonne","02E","Déblais et gravats","02F","Stockage pour inertes",17036.532
2013,27,"Bourgogne-Franche-Comté","89","Yonne","02F","DEEE","02A","Valorisation matière",3117.14929
2013,27,"Bourgogne-Franche-Comté","89","Yonne","02Z","Autres déchets","02A","Valorisation matière",10.43201
2013,27,"Bourgogne-Franche-Comté","90","Territoire-de-Belfort","02A","Déchets dangereux","02A","Valorisation matière",26.75999
2013,27,"Bourgogne-Franche-Comté","90","Territoire-de-Belfort","02A","Déchets dangereux","02B","Incinération avec récupération d'énergie",105.31
2013,27,"Bourgogne-Franche-Comté","90","Territoire-de-Belfort","02A","Déchets dangereux","02C","Incinération sans récupération d'énergie",58.68236
2013,27,"Bourgogne-Franche-Comté","90","Territoire-de-Belfort","02A","Déchets dangereux","02Z","Non précisé",36.47981
2013,27,"Bourgogne-Franche-Comté","90","Territoire-de-Belfort","02B","Matériaux recyclables","02A","Valorisation matière",3606.63527
2013,27,"Bourgogne-Franche-Comté","90","Territoire-de-Belfort","02B","Matériaux recyclables","02B","Incinération avec récupération d'énergie",1977
2013,27,"Bourgogne-Franche-Comté","90","Territoire-de-Belfort","02C","Déchets verts","02E","Valorisation organique",5995.99825
2013,27,"Bourgogne-Franche-Comté","90","Territoire-de-Belfort","02D","Encombrants","02A","Valorisation matière",57.47994
2013,27,"Bourgogne-Franche-Comté","90","Territoire-de-Belfort","02D","Encombrants","02B","Incinération avec récupération d'énergie",4172.03526
2013,27,"Bourgogne-Franche-Comté","90","Territoire-de-Belfort","02D","Encombrants","02D","Stockage",1106
2013,27,"Bourgogne-Franche-Comté","90","Territoire-de-Belfort","02E","Déblais et gravats","02A","Valorisation matière",100.79948
2013,27,"Bourgogne-Franche-Comté","90","Territoire-de-Belfort","02E","Déblais et gravats","02F","Stockage pour inertes",7109.91524
2013,27,"Bourgogne-Franche-Comté","90","Territoire-de-Belfort","02F","DEEE","02A","Valorisation matière",748.91937
2013,27,"Bourgogne-Franche-Comté","90","Territoire-de-Belfort","02Z","Autres déchets","02A","Valorisation matière",3.6
2013,27,"Bourgogne-Franche-Comté","90","Territoire-de-Belfort","02Z","Autres déchets","02C","Incinération sans récupération d'énergie",3
2013,27,"Bourgogne-Franche-Comté","90","Territoire-de-Belfort","02Z","Autres déchets","02Z","Non précisé",2.02271
2013,53,"Bretagne","22","Cotes-d'Armor","02A","Déchets dangereux","02A","Valorisation matière",1519.31419
2013,53,"Bretagne","22","Cotes-d'Armor","02A","Déchets dangereux","02B","Incinération avec récupération d'énergie",785.18883
2013,53,"Bretagne","22","Cotes-d'Armor","02A","Déchets dangereux","02C","Incinération sans récupération d'énergie",72.74
2013,53,"Bretagne","22","Cotes-d'Armor","02A","Déchets dangereux","02D","Stockage",125.74723
2013,53,"Bretagne","22","Cotes-d'Armor","02A","Déchets dangereux","02F","Stockage pour inertes",166.95
2013,53,"Bretagne","22","Cotes-d'Armor","02A","Déchets dangereux","02Z","Non précisé",291.1456
2013,53,"Bretagne","22","Cotes-d'Armor","02B","Matériaux recyclables","02A","Valorisation matière",27813.59001
2013,53,"Bretagne","22","Cotes-d'Armor","02B","Matériaux recyclables","02B","Incinération avec récupération d'énergie",813.26176
2013,53,"Bretagne","22","Cotes-d'Armor","02B","Matériaux recyclables","02Z","Non précisé",0.78183
2013,53,"Bretagne","22","Cotes-d'Armor","02C","Déchets verts","02A","Valorisation matière",41477.21
2013,53,"Bretagne","22","Cotes-d'Armor","02C","Déchets verts","02E","Valorisation organique",59395.55039
2013,53,"Bretagne","22","Cotes-d'Armor","02C","Déchets verts","02Z","Non précisé",4424
2013,53,"Bretagne","22","Cotes-d'Armor","02D","Encombrants","02A","Valorisation matière",1054.64999
2013,53,"Bretagne","22","Cotes-d'Armor","02D","Encombrants","02B","Incinération avec récupération d'énergie",18142.67684
2013,53,"Bretagne","22","Cotes-d'Armor","02D","Encombrants","02D","Stockage",18733.39128
2013,53,"Bretagne","22","Cotes-d'Armor","02E","Déblais et gravats","02A","Valorisation matière",1144.47999
2013,53,"Bretagne","22","Cotes-d'Armor","02E","Déblais et gravats","02B","Incinération avec récupération d'énergie",203.9
2013,53,"Bretagne","22","Cotes-d'Armor","02E","Déblais et gravats","02D","Stockage",4894.4
2013,53,"Bretagne","22","Cotes-d'Armor","02E","Déblais et gravats","02F","Stockage pour inertes",34301.92225
2013,53,"Bretagne","22","Cotes-d'Armor","02E","Déblais et gravats","02Z","Non précisé",15748.88
2013,53,"Bretagne","22","Cotes-d'Armor","02F","DEEE","02A","Valorisation matière",4629.1555
2013,53,"Bretagne","22","Cotes-d'Armor","02Z","Autres déchets","02A","Valorisation matière",1102.48886
2013,53,"Bretagne","22","Cotes-d'Armor","02Z","Autres déchets","02C","Incinération sans récupération d'énergie",0.69
2013,53,"Bretagne","22","Cotes-d'Armor","02Z","Autres déchets","02E","Valorisation organique",1.9
2013,53,"Bretagne","22","Cotes-d'Armor","02Z","Autres déchets","02Z","Non précisé",7.53
2013,53,"Bretagne","29","Finistère","02A","Déchets dangereux","02A","Valorisation matière",421.40897
2013,53,"Bretagne","29","Finistère","02A","Déchets dangereux","02B","Incinération avec récupération d'énergie",134.69118
2013,53,"Bretagne","29","Finistère","02A","Déchets dangereux","02D","Stockage",363.51278
2013,53,"Bretagne","29","Finistère","02A","Déchets dangereux","02F","Stockage pour inertes",376.3
2013,53,"Bretagne","29","Finistère","02A","Déchets dangereux","02Z","Non précisé",1460.11773
2013,53,"Bretagne","29","Finistère","02B","Matériaux recyclables","02A","Valorisation matière",28456.81457
2013,53,"Bretagne","29","Finistère","02B","Matériaux recyclables","02B","Incinération avec récupération d'énergie",4039.42824
2013,53,"Bretagne","29","Finistère","02B","Matériaux recyclables","02D","Stockage",2.74
2013,53,"Bretagne","29","Finistère","02B","Matériaux recyclables","02E","Valorisation organique",122.1
2013,53,"Bretagne","29","Finistère","02B","Matériaux recyclables","02Z","Non précisé",3.31
2013,53,"Bretagne","29","Finistère","02C","Déchets verts","02E","Valorisation organique",145032.506
2013,53,"Bretagne","29","Finistère","02D","Encombrants","02A","Valorisation matière",3529.89
2013,53,"Bretagne","29","Finistère","02D","Encombrants","02B","Incinération avec récupération d'énergie",14318.53315
2013,53,"Bretagne","29","Finistère","02D","Encombrants","02D","Stockage",50469.73507
2013,53,"Bretagne","29","Finistère","02E","Déblais et gravats","02A","Valorisation matière",291.35
2013,53,"Bretagne","29","Finistère","02E","Déblais et gravats","02D","Stockage",19.32
2013,53,"Bretagne","29","Finistère","02E","Déblais et gravats","02F","Stockage pour inertes",78025.76107
2013,53,"Bretagne","29","Finistère","02F","DEEE","02A","Valorisation matière",5642.71327
2013,53,"Bretagne","29","Finistère","02Z","Autres déchets","02A","Valorisation matière",44.28
2013,53,"Bretagne","29","Finistère","02Z","Autres déchets","02B","Incinération avec récupération d'énergie",20.09001
2013,53,"Bretagne","35","Ille-et-Vilaine","02A","Déchets dangereux","02A","Valorisation matière",444.3265
2013,53,"Bretagne","35","Ille-et-Vilaine","02A","Déchets dangereux","02B","Incinération avec récupération d'énergie",541.81
2013,53,"Bretagne","35","Ille-et-Vilaine","02A","Déchets dangereux","02C","Incinération sans récupération d'énergie",0.17
2013,53,"Bretagne","35","Ille-et-Vilaine","02A","Déchets dangereux","02D","Stockage",761.18
2013,53,"Bretagne","35","Ille-et-Vilaine","02A","Déchets dangereux","02F","Stockage pour inertes",38.8
2013,53,"Bretagne","35","Ille-et-Vilaine","02A","Déchets dangereux","02Z","Non précisé",538.64623
2013,53,"Bretagne","35","Ille-et-Vilaine","02B","Matériaux recyclables","02A","Valorisation matière",28105.36688
2013,53,"Bretagne","35","Ille-et-Vilaine","02B","Matériaux recyclables","02B","Incinération avec récupération d'énergie",101.4
2013,53,"Bretagne","35","Ille-et-Vilaine","02B","Matériaux recyclables","02E","Valorisation organique",845.6
2013,53,"Bretagne","35","Ille-et-Vilaine","02B","Matériaux recyclables","02Z","Non précisé",5.75775
2013,53,"Bretagne","35","Ille-et-Vilaine","02C","Déchets verts","02E","Valorisation organique",80382.57125
2013,53,"Bretagne","35","Ille-et-Vilaine","02D","Encombrants","02A","Valorisation matière",139
2013,53,"Bretagne","35","Ille-et-Vilaine","02D","Encombrants","02B","Incinération avec récupération d'énergie",6154.36
2013,53,"Bretagne","35","Ille-et-Vilaine","02D","Encombrants","02D","Stockage",40126.51997
2013,53,"Bretagne","35","Ille-et-Vilaine","02E","Déblais et gravats","02A","Valorisation matière",7.02
2013,53,"Bretagne","35","Ille-et-Vilaine","02E","Déblais et gravats","02B","Incinération avec récupération d'énergie",123.3
2013,53,"Bretagne","35","Ille-et-Vilaine","02E","Déblais et gravats","02D","Stockage",5617
2013,53,"Bretagne","35","Ille-et-Vilaine","02E","Déblais et gravats","02F","Stockage pour inertes",47480.07939
2013,53,"Bretagne","35","Ille-et-Vilaine","02F","DEEE","02A","Valorisation matière",6619.64651
2013,53,"Bretagne","35","Ille-et-Vilaine","02Z","Autres déchets","02A","Valorisation matière",11.83244
2013,53,"Bretagne","35","Ille-et-Vilaine","02Z","Autres déchets","02B","Incinération avec récupération d'énergie",9.79
2013,53,"Bretagne","56","Morbihan","02A","Déchets dangereux","02A","Valorisation matière",66.42308
2013,53,"Bretagne","56","Morbihan","02A","Déchets dangereux","02B","Incinération avec récupération d'énergie",0.00861
2013,53,"Bretagne","56","Morbihan","02A","Déchets dangereux","02C","Incinération sans récupération d'énergie",0.6897
2013,53,"Bretagne","56","Morbihan","02A","Déchets dangereux","02D","Stockage",6.555
2013,53,"Bretagne","56","Morbihan","02A","Déchets dangereux","02F","Stockage pour inertes",35
2013,53,"Bretagne","56","Morbihan","02A","Déchets dangereux","02Z","Non précisé",1406.98013
2013,53,"Bretagne","56","Morbihan","02B","Matériaux recyclables","02A","Valorisation matière",30110.17797
2013,53,"Bretagne","56","Morbihan","02B","Matériaux recyclables","02B","Incinération avec récupération d'énergie",436
2013,53,"Bretagne","56","Morbihan","02B","Matériaux recyclables","02D","Stockage",2076.54
2013,53,"Bretagne","56","Morbihan","02B","Matériaux recyclables","02Z","Non précisé",266.07042
2013,53,"Bretagne","56","Morbihan","02C","Déchets verts","02A","Valorisation matière",17789.79408
2013,53,"Bretagne","56","Morbihan","02C","Déchets verts","02D","Stockage",999.8
2013,53,"Bretagne","56","Morbihan","02C","Déchets verts","02E","Valorisation organique",69040.83523
2013,53,"Bretagne","56","Morbihan","02C","Déchets verts","02Z","Non précisé",2291
2013,53,"Bretagne","56","Morbihan","02D","Encombrants","02A","Valorisation matière",768.21004
2013,53,"Bretagne","56","Morbihan","02D","Encombrants","02D","Stockage",43322.13098
2013,53,"Bretagne","56","Morbihan","02D","Encombrants","02Z","Non précisé",1189
2013,53,"Bretagne","56","Morbihan","02E","Déblais et gravats","02A","Valorisation matière",8656.83714
2013,53,"Bretagne","56","Morbihan","02E","Déblais et gravats","02D","Stockage",2282.2
2013,53,"Bretagne","56","Morbihan","02E","Déblais et gravats","02F","Stockage pour inertes",42178.51739
2013,53,"Bretagne","56","Morbihan","02E","Déblais et gravats","02Z","Non précisé",3526.1
2013,53,"Bretagne","56","Morbihan","02F","DEEE","02A","Valorisation matière",4128.37231
2013,53,"Bretagne","56","Morbihan","02F","DEEE","02Z","Non précisé",204
2013,53,"Bretagne","56","Morbihan","02Z","Autres déchets","02A","Valorisation matière",5.78391
2013,53,"Bretagne","56","Morbihan","02Z","Autres déchets","02Z","Non précisé",1.78
2013,24,"Centre-Val de Loire","18","Cher","02A","Déchets dangereux","02A","Valorisation matière",342.73952
2013,24,"Centre-Val de Loire","18","Cher","02A","Déchets dangereux","02B","Incinération avec récupération d'énergie",5.193
2013,24,"Centre-Val de Loire","18","Cher","02A","Déchets dangereux","02C","Incinération sans récupération d'énergie",179.67294
2013,24,"Centre-Val de Loire","18","Cher","02A","Déchets dangereux","02D","Stockage",62.99
2013,24,"Centre-Val de Loire","18","Cher","02A","Déchets dangereux","02Z","Non précisé",3.57135
2013,24,"Centre-Val de Loire","18","Cher","02B","Matériaux recyclables","02A","Valorisation matière",9847.21556
2013,24,"Centre-Val de Loire","18","Cher","02B","Matériaux recyclables","02D","Stockage",64.87783
2013,24,"Centre-Val de Loire","18","Cher","02B","Matériaux recyclables","02E","Valorisation organique",596.38
2013,24,"Centre-Val de Loire","18","Cher","02B","Matériaux recyclables","02F","Stockage pour inertes",129
2013,24,"Centre-Val de Loire","18","Cher","02C","Déchets verts","02A","Valorisation matière",1540.76
2013,24,"Centre-Val de Loire","18","Cher","02C","Déchets verts","02E","Valorisation organique",22758.11675
2013,24,"Centre-Val de Loire","18","Cher","02D","Encombrants","02A","Valorisation matière",1202.78811
2013,24,"Centre-Val de Loire","18","Cher","02D","Encombrants","02D","Stockage",18985.49766
2013,24,"Centre-Val de Loire","18","Cher","02D","Encombrants","02Z","Non précisé",3.5
2013,24,"Centre-Val de Loire","18","Cher","02E","Déblais et gravats","02A","Valorisation matière",11132.34
2013,24,"Centre-Val de Loire","18","Cher","02E","Déblais et gravats","02D","Stockage",1227.39024
2013,24,"Centre-Val de Loire","18","Cher","02E","Déblais et gravats","02F","Stockage pour inertes",4050.40745
2013,24,"Centre-Val de Loire","18","Cher","02F","DEEE","02A","Valorisation matière",1583.59357
2013,24,"Centre-Val de Loire","18","Cher","02Z","Autres déchets","02A","Valorisation matière",17.083
2013,24,"Centre-Val de Loire","18","Cher","02Z","Autres déchets","02Z","Non précisé",1.11973
2013,24,"Centre-Val de Loire","28","Eure-et-Loir","02A","Déchets dangereux","02A","Valorisation matière",310.32683
2013,24,"Centre-Val de Loire","28","Eure-et-Loir","02A","Déchets dangereux","02B","Incinération avec récupération d'énergie",1.43403
2013,24,"Centre-Val de Loire","28","Eure-et-Loir","02A","Déchets dangereux","02C","Incinération sans récupération d'énergie",229.71487
2013,24,"Centre-Val de Loire","28","Eure-et-Loir","02A","Déchets dangereux","02F","Stockage pour inertes",0.81636
2013,24,"Centre-Val de Loire","28","Eure-et-Loir","02A","Déchets dangereux","02Z","Non précisé",238.39028
2013,24,"Centre-Val de Loire","28","Eure-et-Loir","02B","Matériaux recyclables","02A","Valorisation matière",10000.34618
2013,24,"Centre-Val de Loire","28","Eure-et-Loir","02B","Matériaux recyclables","02B","Incinération avec récupération d'énergie",1684.35147
2013,24,"Centre-Val de Loire","28","Eure-et-Loir","02B","Matériaux recyclables","02E","Valorisation organique",377.33385
2013,24,"Centre-Val de Loire","28","Eure-et-Loir","02B","Matériaux recyclables","02Z","Non précisé",1258.05028
2013,24,"Centre-Val de Loire","28","Eure-et-Loir","02C","Déchets verts","02A","Valorisation matière",5.36783
2013,24,"Centre-Val de Loire","28","Eure-et-Loir","02C","Déchets verts","02E","Valorisation organique",26311.22222
2013,24,"Centre-Val de Loire","28","Eure-et-Loir","02D","Encombrants","02A","Valorisation matière",9.7
2013,24,"Centre-Val de Loire","28","Eure-et-Loir","02D","Encombrants","02B","Incinération avec récupération d'énergie",2046.58989
2013,24,"Centre-Val de Loire","28","Eure-et-Loir","02D","Encombrants","02D","Stockage",30986.83671
2013,24,"Centre-Val de Loire","28","Eure-et-Loir","02D","Encombrants","02F","Stockage pour inertes",13.85572
2013,24,"Centre-Val de Loire","28","Eure-et-Loir","02D","Encombrants","02Z","Non précisé",0.98634
2013,24,"Centre-Val de Loire","28","Eure-et-Loir","02E","Déblais et gravats","02A","Valorisation matière",3752.52172
2013,24,"Centre-Val de Loire","28","Eure-et-Loir","02E","Déblais et gravats","02F","Stockage pour inertes",24822.32729
2013,24,"Centre-Val de Loire","28","Eure-et-Loir","02F","DEEE","02A","Valorisation matière",2320.35973
2013,24,"Centre-Val de Loire","28","Eure-et-Loir","02F","DEEE","02Z","Non précisé",4.80868
2013,24,"Centre-Val de Loire","28","Eure-et-Loir","02Z","Autres déchets","02A","Valorisation matière",5.00425
2013,24,"Centre-Val de Loire","36","Indre","02A","Déchets dangereux","02A","Valorisation matière",419.85252
2013,24,"Centre-Val de Loire","36","Indre","02A","Déchets dangereux","02B","Incinération avec récupération d'énergie",0.8228
2013,24,"Centre-Val de Loire","36","Indre","02A","Déchets dangereux","02C","Incinération sans récupération d'énergie",78.74336
2013,24,"Centre-Val de Loire","36","Indre","02A","Déchets dangereux","02D","Stockage",0.704
2013,24,"Centre-Val de Loire","36","Indre","02A","Déchets dangereux","02Z","Non précisé",50.02289
2013,24,"Centre-Val de Loire","36","Indre","02B","Matériaux recyclables","02A","Valorisation matière",5424.02706
2013,24,"Centre-Val de Loire","36","Indre","02B","Matériaux recyclables","02B","Incinération avec récupération d'énergie",116
2013,24,"Centre-Val de Loire","36","Indre","02B","Matériaux recyclables","02D","Stockage",480.4
2013,24,"Centre-Val de Loire","36","Indre","02B","Matériaux recyclables","02E","Valorisation organique",142.6
2013,24,"Centre-Val de Loire","36","Indre","02C","Déchets verts","02A","Valorisation matière",2776.21
2013,24,"Centre-Val de Loire","36","Indre","02C","Déchets verts","02E","Valorisation organique",18268.21973
2013,24,"Centre-Val de Loire","36","Indre","02D","Encombrants","02A","Valorisation matière",64.78189
2013,24,"Centre-Val de Loire","36","Indre","02D","Encombrants","02D","Stockage",13682.48607
2013,24,"Centre-Val de Loire","36","Indre","02E","Déblais et gravats","02A","Valorisation matière",2837.66669
2013,24,"Centre-Val de Loire","36","Indre","02E","Déblais et gravats","02D","Stockage",3014.03456
2013,24,"Centre-Val de Loire","36","Indre","02E","Déblais et gravats","02F","Stockage pour inertes",3532.3
2013,24,"Centre-Val de Loire","36","Indre","02F","DEEE","02A","Valorisation matière",1081.98829
2013,24,"Centre-Val de Loire","36","Indre","02Z","Autres déchets","02A","Valorisation matière",2.071
2013,24,"Centre-Val de Loire","37","Indre-et-Loire","02A","Déchets dangereux","02A","Valorisation matière",598.24801
2013,24,"Centre-Val de Loire","37","Indre-et-Loire","02A","Déchets dangereux","02B","Incinération avec récupération d'énergie",22.40001
2013,24,"Centre-Val de Loire","37","Indre-et-Loire","02A","Déchets dangereux","02C","Incinération sans récupération d'énergie",207.772
2013,24,"Centre-Val de Loire","37","Indre-et-Loire","02A","Déchets dangereux","02D","Stockage",183.17
2013,24,"Centre-Val de Loire","37","Indre-et-Loire","02A","Déchets dangereux","02F","Stockage pour inertes",20.12
2013,24,"Centre-Val de Loire","37","Indre-et-Loire","02A","Déchets dangereux","02Z","Non précisé",10.974
2013,24,"Centre-Val de Loire","37","Indre-et-Loire","02B","Matériaux recyclables","02A","Valorisation matière",11014.762
2013,24,"Centre-Val de Loire","37","Indre-et-Loire","02B","Matériaux recyclables","02B","Incinération avec récupération d'énergie",921
2013,24,"Centre-Val de Loire","37","Indre-et-Loire","02B","Matériaux recyclables","02C","Incinération sans récupération d'énergie",18.284
2013,24,"Centre-Val de Loire","37","Indre-et-Loire","02B","Matériaux recyclables","02D","Stockage",1365.54
2013,24,"Centre-Val de Loire","37","Indre-et-Loire","02B","Matériaux recyclables","02Z","Non précisé",313.215
2013,24,"Centre-Val de Loire","37","Indre-et-Loire","02C","Déchets verts","02A","Valorisation matière",2334.14
2013,24,"Centre-Val de Loire","37","Indre-et-Loire","02C","Déchets verts","02E","Valorisation organique",32659.86001
2013,24,"Centre-Val de Loire","37","Indre-et-Loire","02D","Encombrants","02A","Valorisation matière",216.4
2013,24,"Centre-Val de Loire","37","Indre-et-Loire","02D","Encombrants","02D","Stockage",31664.35
2013,24,"Centre-Val de Loire","37","Indre-et-Loire","02D","Encombrants","02Z","Non précisé",3.8
2013,24,"Centre-Val de Loire","37","Indre-et-Loire","02E","Déblais et gravats","02A","Valorisation matière",15132.11
2013,24,"Centre-Val de Loire","37","Indre-et-Loire","02E","Déblais et gravats","02D","Stockage",9823.08
2013,24,"Centre-Val de Loire","37","Indre-et-Loire","02E","Déblais et gravats","02F","Stockage pour inertes",2013.001
2013,24,"Centre-Val de Loire","37","Indre-et-Loire","02E","Déblais et gravats","02Z","Non précisé",905.26
2013,24,"Centre-Val de Loire","37","Indre-et-Loire","02F","DEEE","02A","Valorisation matière",2539.623
2013,24,"Centre-Val de Loire","37","Indre-et-Loire","02F","DEEE","02Z","Non précisé",11
2013,24,"Centre-Val de Loire","37","Indre-et-Loire","02Z","Autres déchets","02A","Valorisation matière",19.343
2013,24,"Centre-Val de Loire","37","Indre-et-Loire","02Z","Autres déchets","02Z","Non précisé",0.489
2013,24,"Centre-Val de Loire","41","Loir-et-Cher","02A","Déchets dangereux","02A","Valorisation matière",336.99479
2013,24,"Centre-Val de Loire","41","Loir-et-Cher","02A","Déchets dangereux","02B","Incinération avec récupération d'énergie",167.68648
2013,24,"Centre-Val de Loire","41","Loir-et-Cher","02A","Déchets dangereux","02C","Incinération sans récupération d'énergie",12.40752
2013,24,"Centre-Val de Loire","41","Loir-et-Cher","02A","Déchets dangereux","02D","Stockage",25.2078
2013,24,"Centre-Val de Loire","41","Loir-et-Cher","02A","Déchets dangereux","02F","Stockage pour inertes",0.34712
2013,24,"Centre-Val de Loire","41","Loir-et-Cher","02A","Déchets dangereux","02Z","Non précisé",15.53115
2013,24,"Centre-Val de Loire","41","Loir-et-Cher","02B","Matériaux recyclables","02A","Valorisation matière",8244.63754
2013,24,"Centre-Val de Loire","41","Loir-et-Cher","02B","Matériaux recyclables","02B","Incinération avec récupération d'énergie",1.729
2013,24,"Centre-Val de Loire","41","Loir-et-Cher","02B","Matériaux recyclables","02C","Incinération sans récupération d'énergie",0.12857
2013,24,"Centre-Val de Loire","41","Loir-et-Cher","02B","Matériaux recyclables","02E","Valorisation organique",1043.86
2013,24,"Centre-Val de Loire","41","Loir-et-Cher","02B","Matériaux recyclables","02Z","Non précisé",133.13798
2013,24,"Centre-Val de Loire","41","Loir-et-Cher","02C","Déchets verts","02E","Valorisation organique",32811.00163
2013,24,"Centre-Val de Loire","41","Loir-et-Cher","02D","Encombrants","02A","Valorisation matière",131.42684
2013,24,"Centre-Val de Loire","41","Loir-et-Cher","02D","Encombrants","02B","Incinération avec récupération d'énergie",2938.92
2013,24,"Centre-Val de Loire","41","Loir-et-Cher","02D","Encombrants","02D","Stockage",21969.91837
2013,24,"Centre-Val de Loire","41","Loir-et-Cher","02E","Déblais et gravats","02A","Valorisation matière",4153.32654
2013,24,"Centre-Val de Loire","41","Loir-et-Cher","02E","Déblais et gravats","02D","Stockage",134.66075
2013,24,"Centre-Val de Loire","41","Loir-et-Cher","02E","Déblais et gravats","02F","Stockage pour inertes",16209.47646
2013,24,"Centre-Val de Loire","41","Loir-et-Cher","02F","DEEE","02A","Valorisation matière",1631.88634
2013,24,"Centre-Val de Loire","41","Loir-et-Cher","02Z","Autres déchets","02A","Valorisation matière",6.09351
2013,24,"Centre-Val de Loire","41","Loir-et-Cher","02Z","Autres déchets","02B","Incinération avec récupération d'énergie",3.416
2013,24,"Centre-Val de Loire","41","Loir-et-Cher","02Z","Autres déchets","02C","Incinération sans récupération d'énergie",0.064
2013,24,"Centre-Val de Loire","45","Loiret","02A","Déchets dangereux","02A","Valorisation matière",494.38288
2013,24,"Centre-Val de Loire","45","Loiret","02A","Déchets dangereux","02B","Incinération avec récupération d'énergie",16.959
2013,24,"Centre-Val de Loire","45","Loiret","02A","Déchets dangereux","02C","Incinération sans récupération d'énergie",461.31669
2013,24,"Centre-Val de Loire","45","Loiret","02A","Déchets dangereux","02D","Stockage",34.9822
2013,24,"Centre-Val de Loire","45","Loiret","02A","Déchets dangereux","02Z","Non précisé",23.532
2013,24,"Centre-Val de Loire","45","Loiret","02B","Matériaux recyclables","02A","Valorisation matière",18772.48224
2013,24,"Centre-Val de Loire","45","Loiret","02B","Matériaux recyclables","02C","Incinération sans récupération d'énergie",2133.18
2013,24,"Centre-Val de Loire","45","Loiret","02B","Matériaux recyclables","02Z","Non précisé",559.64
2013,24,"Centre-Val de Loire","45","Loiret","02C","Déchets verts","02E","Valorisation organique",55673.80373
2013,24,"Centre-Val de Loire","45","Loiret","02D","Encombrants","02A","Valorisation matière",60.33
2013,24,"Centre-Val de Loire","45","Loiret","02D","Encombrants","02B","Incinération avec récupération d'énergie",12947.46719
2013,24,"Centre-Val de Loire","45","Loiret","02D","Encombrants","02D","Stockage",39351.18881
2013,24,"Centre-Val de Loire","45","Loiret","02E","Déblais et gravats","02D","Stockage",2844.47
2013,24,"Centre-Val de Loire","45","Loiret","02E","Déblais et gravats","02F","Stockage pour inertes",31770.84341
2013,24,"Centre-Val de Loire","45","Loiret","02F","DEEE","02A","Valorisation matière",3058.1655
2013,24,"Centre-Val de Loire","45","Loiret","02F","DEEE","02Z","Non précisé",463.83261
2013,24,"Centre-Val de Loire","45","Loiret","02Z","Autres déchets","02A","Valorisation matière",2.94128
2013,94,"Corse","2A","Corse-du-Sud","02A","Déchets dangereux","02A","Valorisation matière",30.594
2013,94,"Corse","2A","Corse-du-Sud","02A","Déchets dangereux","02Z","Non précisé",3.51
2013,94,"Corse","2A","Corse-du-Sud","02B","Matériaux recyclables","02A","Valorisation matière",1378.08
2013,94,"Corse","2A","Corse-du-Sud","02B","Matériaux recyclables","02E","Valorisation organique",71
2013,94,"Corse","2A","Corse-du-Sud","02B","Matériaux recyclables","02Z","Non précisé",1543.33
2013,94,"Corse","2A","Corse-du-Sud","02C","Déchets verts","02E","Valorisation organique",4508.03
2013,94,"Corse","2A","Corse-du-Sud","02D","Encombrants","02A","Valorisation matière",27.76001
2013,94,"Corse","2A","Corse-du-Sud","02D","Encombrants","02D","Stockage",2720.36
2013,94,"Corse","2A","Corse-du-Sud","02D","Encombrants","02Z","Non précisé",2775.2
2013,94,"Corse","2A","Corse-du-Sud","02E","Déblais et gravats","02A","Valorisation matière",2695.36
2013,94,"Corse","2A","Corse-du-Sud","02E","Déblais et gravats","02F","Stockage pour inertes",840.28
2013,94,"Corse","2A","Corse-du-Sud","02F","DEEE","02A","Valorisation matière",1346.5
2013,94,"Corse","2A","Corse-du-Sud","02Z","Autres déchets","02A","Valorisation matière",16.63001
2013,94,"Corse","2A","Corse-du-Sud","02Z","Autres déchets","02Z","Non précisé",0.05
2013,94,"Corse","2B","Haute-Corse","02A","Déchets dangereux","02A","Valorisation matière",8.86
2013,94,"Corse","2B","Haute-Corse","02A","Déchets dangereux","02C","Incinération sans récupération d'énergie",1.29
2013,94,"Corse","2B","Haute-Corse","02A","Déchets dangereux","02Z","Non précisé",3.038
2013,94,"Corse","2B","Haute-Corse","02B","Matériaux recyclables","02A","Valorisation matière",4982.7
2013,94,"Corse","2B","Haute-Corse","02B","Matériaux recyclables","02E","Valorisation organique",3850
2013,94,"Corse","2B","Haute-Corse","02B","Matériaux recyclables","02Z","Non précisé",555
2013,94,"Corse","2B","Haute-Corse","02C","Déchets verts","02A","Valorisation matière",688
2013,94,"Corse","2B","Haute-Corse","02C","Déchets verts","02E","Valorisation organique",6792
2013,94,"Corse","2B","Haute-Corse","02C","Déchets verts","02Z","Non précisé",62
2013,94,"Corse","2B","Haute-Corse","02D","Encombrants","02A","Valorisation matière",480
2013,94,"Corse","2B","Haute-Corse","02D","Encombrants","02D","Stockage",6483
2013,94,"Corse","2B","Haute-Corse","02D","Encombrants","02Z","Non précisé",2714
2013,94,"Corse","2B","Haute-Corse","02E","Déblais et gravats","02A","Valorisation matière",876.95
2013,94,"Corse","2B","Haute-Corse","02E","Déblais et gravats","02F","Stockage pour inertes",3516
2013,94,"Corse","2B","Haute-Corse","02F","DEEE","02A","Valorisation matière",1468.4
2013,94,"Corse","2B","Haute-Corse","02Z","Autres déchets","02A","Valorisation matière",5.3
2013,97,"Dom-Com","971","Guadeloupe","02A","Déchets dangereux","02A","Valorisation matière",46.73001
2013,97,"Dom-Com","971","Guadeloupe","02A","Déchets dangereux","02C","Incinération sans récupération d'énergie",0.006
2013,97,"Dom-Com","971","Guadeloupe","02A","Déchets dangereux","02D","Stockage",1.1
2013,97,"Dom-Com","971","Guadeloupe","02B","Matériaux recyclables","02A","Valorisation matière",2489.99
2013,97,"Dom-Com","971","Guadeloupe","02C","Déchets verts","02E","Valorisation organique",8205.27999
2013,97,"Dom-Com","971","Guadeloupe","02D","Encombrants","02D","Stockage",8514.55
2013,97,"Dom-Com","971","Guadeloupe","02E","Déblais et gravats","02D","Stockage",775.74
2013,97,"Dom-Com","971","Guadeloupe","02F","DEEE","02A","Valorisation matière",863.36
2013,97,"Dom-Com","972","Martinique","02A","Déchets dangereux","02A","Valorisation matière",175.361
2013,97,"Dom-Com","972","Martinique","02A","Déchets dangereux","02B","Incinération avec récupération d'énergie",3.671
2013,97,"Dom-Com","972","Martinique","02B","Matériaux recyclables","02A","Valorisation matière",1486.44
2013,97,"Dom-Com","972","Martinique","02B","Matériaux recyclables","02E","Valorisation organique",46.78
2013,97,"Dom-Com","972","Martinique","02C","Déchets verts","02E","Valorisation organique",3029.33
2013,97,"Dom-Com","972","Martinique","02D","Encombrants","02A","Valorisation matière",15.94
2013,97,"Dom-Com","972","Martinique","02D","Encombrants","02D","Stockage",4260.93
2013,97,"Dom-Com","972","Martinique","02E","Déblais et gravats","02F","Stockage pour inertes",546.57
2013,97,"Dom-Com","972","Martinique","02F","DEEE","02A","Valorisation matière",1014.12
2013,97,"Dom-Com","973","Guyane","02A","Déchets dangereux","02A","Valorisation matière",47.67801
2013,97,"Dom-Com","973","Guyane","02B","Matériaux recyclables","02A","Valorisation matière",721.70001
2013,97,"Dom-Com","973","Guyane","02B","Matériaux recyclables","02D","Stockage",1143.99999
2013,97,"Dom-Com","973","Guyane","02C","Déchets verts","02E","Valorisation organique",676
2013,97,"Dom-Com","973","Guyane","02D","Encombrants","02A","Valorisation matière",20.448
2013,97,"Dom-Com","973","Guyane","02D","Encombrants","02D","Stockage",794
2013,97,"Dom-Com","973","Guyane","02E","Déblais et gravats","02F","Stockage pour inertes",523.99999
2013,97,"Dom-Com","973","Guyane","02F","DEEE","02A","Valorisation matière",180
2013,97,"Dom-Com","974","Réunion","02A","Déchets dangereux","02A","Valorisation matière",165.637
2013,97,"Dom-Com","974","Réunion","02B","Matériaux recyclables","02A","Valorisation matière",5146.98
2013,97,"Dom-Com","974","Réunion","02B","Matériaux recyclables","02Z","Non précisé",1624.68
2013,97,"Dom-Com","974","Réunion","02C","Déchets verts","02A","Valorisation matière",641
2013,97,"Dom-Com","974","Réunion","02C","Déchets verts","02E","Valorisation organique",10771.97
2013,97,"Dom-Com","974","Réunion","02D","Encombrants","02A","Valorisation matière",798
2013,97,"Dom-Com","974","Réunion","02D","Encombrants","02D","Stockage",16995.49
2013,97,"Dom-Com","974","Réunion","02E","Déblais et gravats","02A","Valorisation matière",9490.74
2013,97,"Dom-Com","974","Réunion","02E","Déblais et gravats","02D","Stockage",2110
2013,97,"Dom-Com","974","Réunion","02F","DEEE","02A","Valorisation matière",2823.722
2013,97,"Dom-Com","987","Polynésie-française","02A","Déchets dangereux","02A","Valorisation matière",24.21
2013,97,"Dom-Com","987","Polynésie-française","02A","Déchets dangereux","02Z","Non précisé",4
2013,97,"Dom-Com","987","Polynésie-française","02B","Matériaux recyclables","02A","Valorisation matière",35
2013,97,"Dom-Com","987","Polynésie-française","02D","Encombrants","02D","Stockage",700
2013,97,"Dom-Com","987","Polynésie-française","02Z","Autres déchets","02D","Stockage",350
2013,44,"Grand-Est","08","Ardennes","02A","Déchets dangereux","02A","Valorisation matière",57.565
2013,44,"Grand-Est","08","Ardennes","02A","Déchets dangereux","02B","Incinération avec récupération d'énergie",19.055
2013,44,"Grand-Est","08","Ardennes","02A","Déchets dangereux","02C","Incinération sans récupération d'énergie",65.57
2013,44,"Grand-Est","08","Ardennes","02A","Déchets dangereux","02D","Stockage",10
2013,44,"Grand-Est","08","Ardennes","02A","Déchets dangereux","02Z","Non précisé",90.314
2013,44,"Grand-Est","08","Ardennes","02B","Matériaux recyclables","02A","Valorisation matière",5436.72
2013,44,"Grand-Est","08","Ardennes","02B","Matériaux recyclables","02B","Incinération avec récupération d'énergie",1347.61
2013,44,"Grand-Est","08","Ardennes","02B","Matériaux recyclables","02E","Valorisation organique",2567.86
2013,44,"Grand-Est","08","Ardennes","02B","Matériaux recyclables","02Z","Non précisé",0.442
2013,44,"Grand-Est","08","Ardennes","02C","Déchets verts","02A","Valorisation matière",133.22
2013,44,"Grand-Est","08","Ardennes","02C","Déchets verts","02E","Valorisation organique",9834.50999
2013,44,"Grand-Est","08","Ardennes","02D","Encombrants","02A","Valorisation matière",10.089
2013,44,"Grand-Est","08","Ardennes","02D","Encombrants","02D","Stockage",15966.93
2013,44,"Grand-Est","08","Ardennes","02E","Déblais et gravats","02A","Valorisation matière",7378
2013,44,"Grand-Est","08","Ardennes","02E","Déblais et gravats","02D","Stockage",2424.88
2013,44,"Grand-Est","08","Ardennes","02E","Déblais et gravats","02F","Stockage pour inertes",6472.03
2013,44,"Grand-Est","08","Ardennes","02F","DEEE","02A","Valorisation matière",1546.244
2013,44,"Grand-Est","08","Ardennes","02Z","Autres déchets","02A","Valorisation matière",6.195
2013,44,"Grand-Est","08","Ardennes","02Z","Autres déchets","02Z","Non précisé",3.499
2013,44,"Grand-Est","10","Aube","02A","Déchets dangereux","02A","Valorisation matière",177.17223
2013,44,"Grand-Est","10","Aube","02A","Déchets dangereux","02B","Incinération avec récupération d'énergie",8.861
2013,44,"Grand-Est","10","Aube","02A","Déchets dangereux","02C","Incinération sans récupération d'énergie",210.596
2013,44,"Grand-Est","10","Aube","02A","Déchets dangereux","02Z","Non précisé",32.136
2013,44,"Grand-Est","10","Aube","02B","Matériaux recyclables","02A","Valorisation matière",3571.86623
2013,44,"Grand-Est","10","Aube","02B","Matériaux recyclables","02C","Incinération sans récupération d'énergie",0.142
2013,44,"Grand-Est","10","Aube","02B","Matériaux recyclables","02E","Valorisation organique",660.76557
2013,44,"Grand-Est","10","Aube","02B","Matériaux recyclables","02Z","Non précisé",930.85
2013,44,"Grand-Est","10","Aube","02C","Déchets verts","02A","Valorisation matière",1697
2013,44,"Grand-Est","10","Aube","02C","Déchets verts","02E","Valorisation organique",13058.27815
2013,44,"Grand-Est","10","Aube","02D","Encombrants","02A","Valorisation matière",100.73919
2013,44,"Grand-Est","10","Aube","02D","Encombrants","02C","Incinération sans récupération d'énergie",263.6
2013,44,"Grand-Est","10","Aube","02D","Encombrants","02D","Stockage",16500.03986
2013,44,"Grand-Est","10","Aube","02E","Déblais et gravats","02A","Valorisation matière",953.71
2013,44,"Grand-Est","10","Aube","02E","Déblais et gravats","02D","Stockage",3810.24425
2013,44,"Grand-Est","10","Aube","02E","Déblais et gravats","02F","Stockage pour inertes",9562.76
2013,44,"Grand-Est","10","Aube","02E","Déblais et gravats","02Z","Non précisé",600.14
2013,44,"Grand-Est","10","Aube","02F","DEEE","02A","Valorisation matière",1501.57623
2013,44,"Grand-Est","10","Aube","02Z","Autres déchets","02A","Valorisation matière",3.40875
2013,44,"Grand-Est","10","Aube","02Z","Autres déchets","02C","Incinération sans récupération d'énergie",0.057
2013,44,"Grand-Est","10","Aube","02Z","Autres déchets","02Z","Non précisé",0.12
2013,44,"Grand-Est","51","Marne","02A","Déchets dangereux","02A","Valorisation matière",183.56742
2013,44,"Grand-Est","51","Marne","02A","Déchets dangereux","02B","Incinération avec récupération d'énergie",1.401
2013,44,"Grand-Est","51","Marne","02A","Déchets dangereux","02C","Incinération sans récupération d'énergie",419.47161
2013,44,"Grand-Est","51","Marne","02A","Déchets dangereux","02D","Stockage",68.363
2013,44,"Grand-Est","51","Marne","02A","Déchets dangereux","02F","Stockage pour inertes",0.51634
2013,44,"Grand-Est","51","Marne","02A","Déchets dangereux","02Z","Non précisé",330.485
2013,44,"Grand-Est","51","Marne","02B","Matériaux recyclables","02A","Valorisation matière",15144.55304
2013,44,"Grand-Est","51","Marne","02B","Matériaux recyclables","02E","Valorisation organique",655.83389
2013,44,"Grand-Est","51","Marne","02B","Matériaux recyclables","02Z","Non précisé",10.514
2013,44,"Grand-Est","51","Marne","02C","Déchets verts","02E","Valorisation organique",21975.28341
2013,44,"Grand-Est","51","Marne","02D","Encombrants","02A","Valorisation matière",73.35047
2013,44,"Grand-Est","51","Marne","02D","Encombrants","02B","Incinération avec récupération d'énergie",6008.12118
2013,44,"Grand-Est","51","Marne","02D","Encombrants","02D","Stockage",25002.38952
2013,44,"Grand-Est","51","Marne","02D","Encombrants","02F","Stockage pour inertes",138.8
2013,44,"Grand-Est","51","Marne","02E","Déblais et gravats","02A","Valorisation matière",25083.8143
2013,44,"Grand-Est","51","Marne","02E","Déblais et gravats","02F","Stockage pour inertes",33.77417
2013,44,"Grand-Est","51","Marne","02F","DEEE","02A","Valorisation matière",3054.8474
2013,44,"Grand-Est","51","Marne","02Z","Autres déchets","02A","Valorisation matière",4.513
2013,44,"Grand-Est","51","Marne","02Z","Autres déchets","02B","Incinération avec récupération d'énergie",0.02582
2013,44,"Grand-Est","51","Marne","02Z","Autres déchets","02Z","Non précisé",3.0617
2013,44,"Grand-Est","52","Haute-Marne","02A","Déchets dangereux","02A","Valorisation matière",297.12561
2013,44,"Grand-Est","52","Haute-Marne","02A","Déchets dangereux","02D","Stockage",0.07553
2013,44,"Grand-Est","52","Haute-Marne","02A","Déchets dangereux","02F","Stockage pour inertes",138.29092
2013,44,"Grand-Est","52","Haute-Marne","02A","Déchets dangereux","02Z","Non précisé",0.30134
2013,44,"Grand-Est","52","Haute-Marne","02B","Matériaux recyclables","02A","Valorisation matière",2631.33921
2013,44,"Grand-Est","52","Haute-Marne","02B","Matériaux recyclables","02B","Incinération avec récupération d'énergie",6.91262
2013,44,"Grand-Est","52","Haute-Marne","02B","Matériaux recyclables","02E","Valorisation organique",2542.74203
2013,44,"Grand-Est","52","Haute-Marne","02C","Déchets verts","02E","Valorisation organique",9373.39907
2013,44,"Grand-Est","52","Haute-Marne","02D","Encombrants","02A","Valorisation matière",182.38069
2013,44,"Grand-Est","52","Haute-Marne","02D","Encombrants","02B","Incinération avec récupération d'énergie",11013.46193
2013,44,"Grand-Est","52","Haute-Marne","02D","Encombrants","02D","Stockage",8.3053
2013,44,"Grand-Est","52","Haute-Marne","02E","Déblais et gravats","02A","Valorisation matière",0.25218
2013,44,"Grand-Est","52","Haute-Marne","02E","Déblais et gravats","02F","Stockage pour inertes",9054.6015
2013,44,"Grand-Est","52","Haute-Marne","02F","DEEE","02A","Valorisation matière",1497.31605
2013,44,"Grand-Est","52","Haute-Marne","02Z","Autres déchets","02B","Incinération avec récupération d'énergie",6.91603
2013,44,"Grand-Est","54","Meurthe-et-Moselle","02A","Déchets dangereux","02A","Valorisation matière",323.83053
2013,44,"Grand-Est","54","Meurthe-et-Moselle","02A","Déchets dangereux","02C","Incinération sans récupération d'énergie",518.07514
2013,44,"Grand-Est","54","Meurthe-et-Moselle","02A","Déchets dangereux","02D","Stockage",0.26971
2013,44,"Grand-Est","54","Meurthe-et-Moselle","02A","Déchets dangereux","02F","Stockage pour inertes",5.96
2013,44,"Grand-Est","54","Meurthe-et-Moselle","02A","Déchets dangereux","02Z","Non précisé",146.07035
2013,44,"Grand-Est","54","Meurthe-et-Moselle","02B","Matériaux recyclables","02A","Valorisation matière",6296.90806
2013,44,"Grand-Est","54","Meurthe-et-Moselle","02B","Matériaux recyclables","02B","Incinération avec récupération d'énergie",8729.71391
2013,44,"Grand-Est","54","Meurthe-et-Moselle","02B","Matériaux recyclables","02E","Valorisation organique",3582.92108
2013,44,"Grand-Est","54","Meurthe-et-Moselle","02B","Matériaux recyclables","02Z","Non précisé",4720.89516
2013,44,"Grand-Est","54","Meurthe-et-Moselle","02C","Déchets verts","02A","Valorisation matière",1296
2013,44,"Grand-Est","54","Meurthe-et-Moselle","02C","Déchets verts","02E","Valorisation organique",15830.80315
2013,44,"Grand-Est","54","Meurthe-et-Moselle","02D","Encombrants","02A","Valorisation matière",2710.00585
2013,44,"Grand-Est","54","Meurthe-et-Moselle","02D","Encombrants","02B","Incinération avec récupération d'énergie",15.37438
2013,44,"Grand-Est","54","Meurthe-et-Moselle","02D","Encombrants","02D","Stockage",33151.96883
2013,44,"Grand-Est","54","Meurthe-et-Moselle","02D","Encombrants","02Z","Non précisé",23.84
2013,44,"Grand-Est","54","Meurthe-et-Moselle","02E","Déblais et gravats","02A","Valorisation matière",1965.62185
2013,44,"Grand-Est","54","Meurthe-et-Moselle","02E","Déblais et gravats","02E","Valorisation organique",492
2013,44,"Grand-Est","54","Meurthe-et-Moselle","02E","Déblais et gravats","02F","Stockage pour inertes",19991.39728
2013,44,"Grand-Est","54","Meurthe-et-Moselle","02E","Déblais et gravats","02Z","Non précisé",8692.95226
2013,44,"Grand-Est","54","Meurthe-et-Moselle","02F","DEEE","02A","Valorisation matière",2504.65035
2013,44,"Grand-Est","54","Meurthe-et-Moselle","02F","DEEE","02Z","Non précisé",810.0688
2013,44,"Grand-Est","54","Meurthe-et-Moselle","02Z","Autres déchets","02A","Valorisation matière",4.87896
2013,44,"Grand-Est","54","Meurthe-et-Moselle","02Z","Autres déchets","02B","Incinération avec récupération d'énergie",2.29092
2013,44,"Grand-Est","54","Meurthe-et-Moselle","02Z","Autres déchets","02Z","Non précisé",1.08967
2013,44,"Grand-Est","55","Meuse","02A","Déchets dangereux","02A","Valorisation matière",10
2013,44,"Grand-Est","55","Meuse","02A","Déchets dangereux","02C","Incinération sans récupération d'énergie",13.98552
2013,44,"Grand-Est","55","Meuse","02A","Déchets dangereux","02Z","Non précisé",370.89496
2013,44,"Grand-Est","55","Meuse","02B","Matériaux recyclables","02A","Valorisation matière",1847.4965
2013,44,"Grand-Est","55","Meuse","02B","Matériaux recyclables","02E","Valorisation organique",559.56892
2013,44,"Grand-Est","55","Meuse","02B","Matériaux recyclables","02Z","Non précisé",2256.72104
2013,44,"Grand-Est","55","Meuse","02C","Déchets verts","02E","Valorisation organique",6064.03572
2013,44,"Grand-Est","55","Meuse","02C","Déchets verts","02Z","Non précisé",704
2013,44,"Grand-Est","55","Meuse","02D","Encombrants","02A","Valorisation matière",15
2013,44,"Grand-Est","55","Meuse","02D","Encombrants","02D","Stockage",12249.10201
2013,44,"Grand-Est","55","Meuse","02D","Encombrants","02Z","Non précisé",701.74
2013,44,"Grand-Est","55","Meuse","02E","Déblais et gravats","02D","Stockage",108
2013,44,"Grand-Est","55","Meuse","02E","Déblais et gravats","02F","Stockage pour inertes",3605.77796
2013,44,"Grand-Est","55","Meuse","02E","Déblais et gravats","02Z","Non précisé",1763.82925
2013,44,"Grand-Est","55","Meuse","02F","DEEE","02A","Valorisation matière",443.59392
2013,44,"Grand-Est","55","Meuse","02F","DEEE","02Z","Non précisé",518
2013,44,"Grand-Est","57","Moselle","02A","Déchets dangereux","02A","Valorisation matière",326.05778
2013,44,"Grand-Est","57","Moselle","02A","Déchets dangereux","02B","Incinération avec récupération d'énergie",25.67267
2013,44,"Grand-Est","57","Moselle","02A","Déchets dangereux","02C","Incinération sans récupération d'énergie",770.12488
2013,44,"Grand-Est","57","Moselle","02A","Déchets dangereux","02Z","Non précisé",836.17542
2013,44,"Grand-Est","57","Moselle","02B","Matériaux recyclables","02A","Valorisation matière",18736.96693
2013,44,"Grand-Est","57","Moselle","02B","Matériaux recyclables","02B","Incinération avec récupération d'énergie",19756.27215
2013,44,"Grand-Est","57","Moselle","02B","Matériaux recyclables","02E","Valorisation organique",1201.91
2013,44,"Grand-Est","57","Moselle","02B","Matériaux recyclables","02Z","Non précisé",21.76378
2013,44,"Grand-Est","57","Moselle","02C","Déchets verts","02E","Valorisation organique",47165.69898
2013,44,"Grand-Est","57","Moselle","02D","Encombrants","02A","Valorisation matière",228.36854
2013,44,"Grand-Est","57","Moselle","02D","Encombrants","02B","Incinération avec récupération d'énergie",5920.72562
2013,44,"Grand-Est","57","Moselle","02D","Encombrants","02D","Stockage",55676.42846
2013,44,"Grand-Est","57","Moselle","02E","Déblais et gravats","02A","Valorisation matière",18246.39294
2013,44,"Grand-Est","57","Moselle","02E","Déblais et gravats","02D","Stockage",1021.56
2013,44,"Grand-Est","57","Moselle","02E","Déblais et gravats","02F","Stockage pour inertes",46354.14133
2013,44,"Grand-Est","57","Moselle","02E","Déblais et gravats","02Z","Non précisé",301.3685
2013,44,"Grand-Est","57","Moselle","02F","DEEE","02A","Valorisation matière",4980.2182
2013,44,"Grand-Est","57","Moselle","02F","DEEE","02Z","Non précisé",91.8802
2013,44,"Grand-Est","57","Moselle","02Z","Autres déchets","02A","Valorisation matière",1.965
2013,44,"Grand-Est","57","Moselle","02Z","Autres déchets","02B","Incinération avec récupération d'énergie",26.22107
2013,44,"Grand-Est","57","Moselle","02Z","Autres déchets","02C","Incinération sans récupération d'énergie",1.9576
2013,44,"Grand-Est","57","Moselle","02Z","Autres déchets","02E","Valorisation organique",10.73496
2013,44,"Grand-Est","57","Moselle","02Z","Autres déchets","02Z","Non précisé",2.67033
2013,44,"Grand-Est","67","Bas-Rhin","02A","Déchets dangereux","02A","Valorisation matière",682.68464
2013,44,"Grand-Est","67","Bas-Rhin","02A","Déchets dangereux","02B","Incinération avec récupération d'énergie",8.36161
2013,44,"Grand-Est","67","Bas-Rhin","02A","Déchets dangereux","02C","Incinération sans récupération d'énergie",494.18246
2013,44,"Grand-Est","67","Bas-Rhin","02A","Déchets dangereux","02D","Stockage",89.4
2013,44,"Grand-Est","67","Bas-Rhin","02A","Déchets dangereux","02Z","Non précisé",207.83434
2013,44,"Grand-Est","67","Bas-Rhin","02B","Matériaux recyclables","02A","Valorisation matière",35316.94523
2013,44,"Grand-Est","67","Bas-Rhin","02B","Matériaux recyclables","02B","Incinération avec récupération d'énergie",732.77549
2013,44,"Grand-Est","67","Bas-Rhin","02B","Matériaux recyclables","02E","Valorisation organique",5027.56589
2013,44,"Grand-Est","67","Bas-Rhin","02B","Matériaux recyclables","02Z","Non précisé",2021.84
2013,44,"Grand-Est","67","Bas-Rhin","02C","Déchets verts","02E","Valorisation organique",51150.47
2013,44,"Grand-Est","67","Bas-Rhin","02D","Encombrants","02A","Valorisation matière",680.18951
2013,44,"Grand-Est","67","Bas-Rhin","02D","Encombrants","02B","Incinération avec récupération d'énergie",32364.36477
2013,44,"Grand-Est","67","Bas-Rhin","02D","Encombrants","02D","Stockage",20500.64264
2013,44,"Grand-Est","67","Bas-Rhin","02E","Déblais et gravats","02A","Valorisation matière",34489.32306
2013,44,"Grand-Est","67","Bas-Rhin","02E","Déblais et gravats","02D","Stockage",10855.5835
2013,44,"Grand-Est","67","Bas-Rhin","02E","Déblais et gravats","02F","Stockage pour inertes",4892.10703
2013,44,"Grand-Est","67","Bas-Rhin","02F","DEEE","02A","Valorisation matière",6796.41712
2013,44,"Grand-Est","67","Bas-Rhin","02Z","Autres déchets","02A","Valorisation matière",76.17629
2013,44,"Grand-Est","67","Bas-Rhin","02Z","Autres déchets","02C","Incinération sans récupération d'énergie",0.1634
2013,44,"Grand-Est","67","Bas-Rhin","02Z","Autres déchets","02D","Stockage",8190.91
2013,44,"Grand-Est","67","Bas-Rhin","02Z","Autres déchets","02E","Valorisation organique",3.39004
2013,44,"Grand-Est","67","Bas-Rhin","02Z","Autres déchets","02Z","Non précisé",4.09
2013,44,"Grand-Est","68","Haut-Rhin","02A","Déchets dangereux","02A","Valorisation matière",383.69107
2013,44,"Grand-Est","68","Haut-Rhin","02A","Déchets dangereux","02B","Incinération avec récupération d'énergie",427.23472
2013,44,"Grand-Est","68","Haut-Rhin","02A","Déchets dangereux","02C","Incinération sans récupération d'énergie",17.99108
2013,44,"Grand-Est","68","Haut-Rhin","02A","Déchets dangereux","02D","Stockage",314.39
2013,44,"Grand-Est","68","Haut-Rhin","02A","Déchets dangereux","02F","Stockage pour inertes",27.72
2013,44,"Grand-Est","68","Haut-Rhin","02A","Déchets dangereux","02Z","Non précisé",169.0902
2013,44,"Grand-Est","68","Haut-Rhin","02B","Matériaux recyclables","02A","Valorisation matière",28330.88755
2013,44,"Grand-Est","68","Haut-Rhin","02B","Matériaux recyclables","02D","Stockage",89.56
2013,44,"Grand-Est","68","Haut-Rhin","02B","Matériaux recyclables","02E","Valorisation organique",3243.04411
2013,44,"Grand-Est","68","Haut-Rhin","02B","Matériaux recyclables","02Z","Non précisé",275.89
2013,44,"Grand-Est","68","Haut-Rhin","02C","Déchets verts","02E","Valorisation organique",34189.37114
2013,44,"Grand-Est","68","Haut-Rhin","02D","Encombrants","02A","Valorisation matière",6945.33778
2013,44,"Grand-Est","68","Haut-Rhin","02D","Encombrants","02B","Incinération avec récupération d'énergie",21756.97527
2013,44,"Grand-Est","68","Haut-Rhin","02D","Encombrants","02D","Stockage",15154.57742
2013,44,"Grand-Est","68","Haut-Rhin","02D","Encombrants","02Z","Non précisé",655.32
2013,44,"Grand-Est","68","Haut-Rhin","02E","Déblais et gravats","02A","Valorisation matière",35195.85673
2013,44,"Grand-Est","68","Haut-Rhin","02E","Déblais et gravats","02D","Stockage",6311.14651
2013,44,"Grand-Est","68","Haut-Rhin","02E","Déblais et gravats","02F","Stockage pour inertes",1236.89966
2013,44,"Grand-Est","68","Haut-Rhin","02E","Déblais et gravats","02Z","Non précisé",1952.78
2013,44,"Grand-Est","68","Haut-Rhin","02F","DEEE","02A","Valorisation matière",3752.20017
2013,44,"Grand-Est","68","Haut-Rhin","02Z","Autres déchets","02A","Valorisation matière",110.07171
2013,44,"Grand-Est","68","Haut-Rhin","02Z","Autres déchets","02B","Incinération avec récupération d'énergie",3134.277
2013,44,"Grand-Est","68","Haut-Rhin","02Z","Autres déchets","02Z","Non précisé",4.12844
2013,44,"Grand-Est","88","Vosges","02A","Déchets dangereux","02A","Valorisation matière",211.84444
2013,44,"Grand-Est","88","Vosges","02A","Déchets dangereux","02C","Incinération sans récupération d'énergie",0.42022
2013,44,"Grand-Est","88","Vosges","02A","Déchets dangereux","02D","Stockage",188.81476
2013,44,"Grand-Est","88","Vosges","02A","Déchets dangereux","02Z","Non précisé",544.76661
2013,44,"Grand-Est","88","Vosges","02B","Matériaux recyclables","02A","Valorisation matière",8421.0498
2013,44,"Grand-Est","88","Vosges","02B","Matériaux recyclables","02B","Incinération avec récupération d'énergie",10285.42582
2013,44,"Grand-Est","88","Vosges","02B","Matériaux recyclables","02Z","Non précisé",1249.51
2013,44,"Grand-Est","88","Vosges","02C","Déchets verts","02E","Valorisation organique",20576.02839
2013,44,"Grand-Est","88","Vosges","02C","Déchets verts","02Z","Non précisé",202.54
2013,44,"Grand-Est","88","Vosges","02D","Encombrants","02A","Valorisation matière",330.81202
2013,44,"Grand-Est","88","Vosges","02D","Encombrants","02B","Incinération avec récupération d'énergie",7768.38
2013,44,"Grand-Est","88","Vosges","02D","Encombrants","02D","Stockage",11885.14532
2013,44,"Grand-Est","88","Vosges","02D","Encombrants","02Z","Non précisé",40.945
2013,44,"Grand-Est","88","Vosges","02E","Déblais et gravats","02A","Valorisation matière",835.57696
2013,44,"Grand-Est","88","Vosges","02E","Déblais et gravats","02F","Stockage pour inertes",13097.62522
2013,44,"Grand-Est","88","Vosges","02E","Déblais et gravats","02Z","Non précisé",455
2013,44,"Grand-Est","88","Vosges","02F","DEEE","02A","Valorisation matière",2437.07259
2013,44,"Grand-Est","88","Vosges","02F","DEEE","02Z","Non précisé",189.5
2013,44,"Grand-Est","88","Vosges","02Z","Autres déchets","02A","Valorisation matière",25.68203
2013,44,"Grand-Est","88","Vosges","02Z","Autres déchets","02Z","Non précisé",3.148
2013,32,"Hauts-de-France","02","Aisne","02A","Déchets dangereux","02A","Valorisation matière",494.59659
2013,32,"Hauts-de-France","02","Aisne","02A","Déchets dangereux","02C","Incinération sans récupération d'énergie",1.34539
2013,32,"Hauts-de-France","02","Aisne","02A","Déchets dangereux","02Z","Non précisé",560.6861
2013,32,"Hauts-de-France","02","Aisne","02B","Matériaux recyclables","02A","Valorisation matière",8845.02833
2013,32,"Hauts-de-France","02","Aisne","02B","Matériaux recyclables","02B","Incinération avec récupération d'énergie",768.86867
2013,32,"Hauts-de-France","02","Aisne","02B","Matériaux recyclables","02D","Stockage",307
2013,32,"Hauts-de-France","02","Aisne","02B","Matériaux recyclables","02E","Valorisation organique",5226.27
2013,32,"Hauts-de-France","02","Aisne","02C","Déchets verts","02A","Valorisation matière",13081.55
2013,32,"Hauts-de-France","02","Aisne","02C","Déchets verts","02E","Valorisation organique",16095.53242
2013,32,"Hauts-de-France","02","Aisne","02D","Encombrants","02A","Valorisation matière",4996.60001
2013,32,"Hauts-de-France","02","Aisne","02D","Encombrants","02D","Stockage",30981.09463
2013,32,"Hauts-de-France","02","Aisne","02E","Déblais et gravats","02A","Valorisation matière",14103.016
2013,32,"Hauts-de-France","02","Aisne","02E","Déblais et gravats","02D","Stockage",4589.2
2013,32,"Hauts-de-France","02","Aisne","02E","Déblais et gravats","02F","Stockage pour inertes",7037
2013,32,"Hauts-de-France","02","Aisne","02F","DEEE","02A","Valorisation matière",2961.06691
2013,32,"Hauts-de-France","02","Aisne","02Z","Autres déchets","02A","Valorisation matière",4.53
2013,32,"Hauts-de-France","02","Aisne","02Z","Autres déchets","02Z","Non précisé",2.12431
2013,32,"Hauts-de-France","59","Nord","02A","Déchets dangereux","02A","Valorisation matière",1920.9484
2013,32,"Hauts-de-France","59","Nord","02A","Déchets dangereux","02B","Incinération avec récupération d'énergie",1098.71548
2013,32,"Hauts-de-France","59","Nord","02A","Déchets dangereux","02C","Incinération sans récupération d'énergie",657.94293
2013,32,"Hauts-de-France","59","Nord","02A","Déchets dangereux","02D","Stockage",3897.52015
2013,32,"Hauts-de-France","59","Nord","02A","Déchets dangereux","02Z","Non précisé",573.25946
2013,32,"Hauts-de-France","59","Nord","02B","Matériaux recyclables","02A","Valorisation matière",37185.00846
2013,32,"Hauts-de-France","59","Nord","02B","Matériaux recyclables","02E","Valorisation organique",12825.58
2013,32,"Hauts-de-France","59","Nord","02B","Matériaux recyclables","02Z","Non précisé",11703.28
2013,32,"Hauts-de-France","59","Nord","02C","Déchets verts","02A","Valorisation matière",7871.40723
2013,32,"Hauts-de-France","59","Nord","02C","Déchets verts","02E","Valorisation organique",92044.72
2013,32,"Hauts-de-France","59","Nord","02D","Encombrants","02A","Valorisation matière",52437.24863
2013,32,"Hauts-de-France","59","Nord","02D","Encombrants","02B","Incinération avec récupération d'énergie",36635.02
2013,32,"Hauts-de-France","59","Nord","02D","Encombrants","02D","Stockage",21284.11
2013,32,"Hauts-de-France","59","Nord","02D","Encombrants","02Z","Non précisé",2.33
2013,32,"Hauts-de-France","59","Nord","02E","Déblais et gravats","02A","Valorisation matière",151564.7529
2013,32,"Hauts-de-France","59","Nord","02E","Déblais et gravats","02D","Stockage",9982.00001
2013,32,"Hauts-de-France","59","Nord","02E","Déblais et gravats","02F","Stockage pour inertes",31011.39
2013,32,"Hauts-de-France","59","Nord","02E","Déblais et gravats","02Z","Non précisé",4140.18
2013,32,"Hauts-de-France","59","Nord","02F","DEEE","02A","Valorisation matière",7019.44379
2013,32,"Hauts-de-France","59","Nord","02Z","Autres déchets","02A","Valorisation matière",50.57211
2013,32,"Hauts-de-France","59","Nord","02Z","Autres déchets","02B","Incinération avec récupération d'énergie",1
2013,32,"Hauts-de-France","59","Nord","02Z","Autres déchets","02C","Incinération sans récupération d'énergie",126.72
2013,32,"Hauts-de-France","59","Nord","02Z","Autres déchets","02Z","Non précisé",2.73
2013,32,"Hauts-de-France","60","Oise","02A","Déchets dangereux","02A","Valorisation matière",958.27999
2013,32,"Hauts-de-France","60","Oise","02A","Déchets dangereux","02B","Incinération avec récupération d'énergie",14.76
2013,32,"Hauts-de-France","60","Oise","02A","Déchets dangereux","02D","Stockage",34.97
2013,32,"Hauts-de-France","60","Oise","02A","Déchets dangereux","02Z","Non précisé",660.56999
2013,32,"Hauts-de-France","60","Oise","02B","Matériaux recyclables","02A","Valorisation matière",12821.65002
2013,32,"Hauts-de-France","60","Oise","02B","Matériaux recyclables","02D","Stockage",64.52
2013,32,"Hauts-de-France","60","Oise","02B","Matériaux recyclables","02E","Valorisation organique",9868.58
2013,32,"Hauts-de-France","60","Oise","02C","Déchets verts","02A","Valorisation matière",2930.12
2013,32,"Hauts-de-France","60","Oise","02C","Déchets verts","02E","Valorisation organique",40228.88999
2013,32,"Hauts-de-France","60","Oise","02D","Encombrants","02A","Valorisation matière",2500.67
2013,32,"Hauts-de-France","60","Oise","02D","Encombrants","02B","Incinération avec récupération d'énergie",11804.93999
2013,32,"Hauts-de-France","60","Oise","02D","Encombrants","02D","Stockage",42451.07001
2013,32,"Hauts-de-France","60","Oise","02E","Déblais et gravats","02A","Valorisation matière",41424.7
2013,32,"Hauts-de-France","60","Oise","02E","Déblais et gravats","02E","Valorisation organique",88
2013,32,"Hauts-de-France","60","Oise","02E","Déblais et gravats","02F","Stockage pour inertes",4636
2013,32,"Hauts-de-France","60","Oise","02F","DEEE","02A","Valorisation matière",4411.63
2013,32,"Hauts-de-France","60","Oise","02F","DEEE","02E","Valorisation organique",14
2013,32,"Hauts-de-France","60","Oise","02Z","Autres déchets","02A","Valorisation matière",3.29
2013,32,"Hauts-de-France","60","Oise","02Z","Autres déchets","02Z","Non précisé",0.32
2013,32,"Hauts-de-France","62","Pas-de-Calais","02A","Déchets dangereux","02A","Valorisation matière",1230.48887
2013,32,"Hauts-de-France","62","Pas-de-Calais","02A","Déchets dangereux","02B","Incinération avec récupération d'énergie",910.54751
2013,32,"Hauts-de-France","62","Pas-de-Calais","02A","Déchets dangereux","02C","Incinération sans récupération d'énergie",528.39108
2013,32,"Hauts-de-France","62","Pas-de-Calais","02A","Déchets dangereux","02D","Stockage",1342.50785
2013,32,"Hauts-de-France","62","Pas-de-Calais","02A","Déchets dangereux","02Z","Non précisé",39.26301
2013,32,"Hauts-de-France","62","Pas-de-Calais","02B","Matériaux recyclables","02A","Valorisation matière",27022.08736
2013,32,"Hauts-de-France","62","Pas-de-Calais","02B","Matériaux recyclables","02B","Incinération avec récupération d'énergie",5912.825
2013,32,"Hauts-de-France","62","Pas-de-Calais","02B","Matériaux recyclables","02C","Incinération sans récupération d'énergie",0.119
2013,32,"Hauts-de-France","62","Pas-de-Calais","02B","Matériaux recyclables","02D","Stockage",157.5625
2013,32,"Hauts-de-France","62","Pas-de-Calais","02B","Matériaux recyclables","02E","Valorisation organique",6719.44
2013,32,"Hauts-de-France","62","Pas-de-Calais","02B","Matériaux recyclables","02Z","Non précisé",839.075
2013,32,"Hauts-de-France","62","Pas-de-Calais","02C","Déchets verts","02A","Valorisation matière",5328.69885
2013,32,"Hauts-de-France","62","Pas-de-Calais","02C","Déchets verts","02D","Stockage",141.54774
2013,32,"Hauts-de-France","62","Pas-de-Calais","02C","Déchets verts","02E","Valorisation organique",62717.54
2013,32,"Hauts-de-France","62","Pas-de-Calais","02D","Encombrants","02A","Valorisation matière",22011.30636
2013,32,"Hauts-de-France","62","Pas-de-Calais","02D","Encombrants","02B","Incinération avec récupération d'énergie",11873.90001
2013,32,"Hauts-de-France","62","Pas-de-Calais","02D","Encombrants","02D","Stockage",46611.45112
2013,32,"Hauts-de-France","62","Pas-de-Calais","02E","Déblais et gravats","02A","Valorisation matière",64238.82586
2013,32,"Hauts-de-France","62","Pas-de-Calais","02E","Déblais et gravats","02D","Stockage",3991
2013,32,"Hauts-de-France","62","Pas-de-Calais","02E","Déblais et gravats","02F","Stockage pour inertes",24062.35
2013,32,"Hauts-de-France","62","Pas-de-Calais","02F","DEEE","02A","Valorisation matière",5167.78773
2013,32,"Hauts-de-France","62","Pas-de-Calais","02F","DEEE","02Z","Non précisé",131
2013,32,"Hauts-de-France","62","Pas-de-Calais","02Z","Autres déchets","02A","Valorisation matière",62.34768
2013,32,"Hauts-de-France","62","Pas-de-Calais","02Z","Autres déchets","02B","Incinération avec récupération d'énergie",4.7
2013,32,"Hauts-de-France","62","Pas-de-Calais","02Z","Autres déchets","02E","Valorisation organique",4.3
2013,32,"Hauts-de-France","62","Pas-de-Calais","02Z","Autres déchets","02Z","Non précisé",8
2013,32,"Hauts-de-France","80","Somme","02A","Déchets dangereux","02A","Valorisation matière",260.99083
2013,32,"Hauts-de-France","80","Somme","02A","Déchets dangereux","02B","Incinération avec récupération d'énergie",20.8011
2013,32,"Hauts-de-France","80","Somme","02A","Déchets dangereux","02D","Stockage",85.00764
2013,32,"Hauts-de-France","80","Somme","02A","Déchets dangereux","02Z","Non précisé",300.34943
2013,32,"Hauts-de-France","80","Somme","02B","Matériaux recyclables","02A","Valorisation matière",10850.31567
2013,32,"Hauts-de-France","80","Somme","02B","Matériaux recyclables","02B","Incinération avec récupération d'énergie",303.57778
2013,32,"Hauts-de-France","80","Somme","02B","Matériaux recyclables","02D","Stockage",374.74778
2013,32,"Hauts-de-France","80","Somme","02B","Matériaux recyclables","02E","Valorisation organique",1482.60476
2013,32,"Hauts-de-France","80","Somme","02C","Déchets verts","02A","Valorisation matière",8603.84392
2013,32,"Hauts-de-France","80","Somme","02C","Déchets verts","02B","Incinération avec récupération d'énergie",1371.48
2013,32,"Hauts-de-France","80","Somme","02C","Déchets verts","02D","Stockage",631.71226
2013,32,"Hauts-de-France","80","Somme","02C","Déchets verts","02E","Valorisation organique",25285.65509
2013,32,"Hauts-de-France","80","Somme","02D","Encombrants","02A","Valorisation matière",1854.90854
2013,32,"Hauts-de-France","80","Somme","02D","Encombrants","02D","Stockage",38566.55104
2013,32,"Hauts-de-France","80","Somme","02E","Déblais et gravats","02A","Valorisation matière",10007.72419
2013,32,"Hauts-de-France","80","Somme","02E","Déblais et gravats","02D","Stockage",21903.36957
2013,32,"Hauts-de-France","80","Somme","02F","DEEE","02A","Valorisation matière",1816.31864
2013,32,"Hauts-de-France","80","Somme","02Z","Autres déchets","02A","Valorisation matière",5.24424
2013,11,"Ile-de-France","75","Paris","02A","Déchets dangereux","02A","Valorisation matière",31.7771
2013,11,"Ile-de-France","75","Paris","02A","Déchets dangereux","02Z","Non précisé",19.11688
2013,11,"Ile-de-France","75","Paris","02B","Matériaux recyclables","02A","Valorisation matière",794.29286
2013,11,"Ile-de-France","75","Paris","02C","Déchets verts","02E","Valorisation organique",150.78102
2013,11,"Ile-de-France","75","Paris","02D","Encombrants","02B","Incinération avec récupération d'énergie",556.81276
2013,11,"Ile-de-France","75","Paris","02E","Déblais et gravats","02A","Valorisation matière",1861.06857
2013,11,"Ile-de-France","75","Paris","02E","Déblais et gravats","02D","Stockage",1617.12642
2013,11,"Ile-de-France","75","Paris","02F","DEEE","02A","Valorisation matière",154.55054
2013,11,"Ile-de-France","75","Paris","02Z","Autres déchets","02A","Valorisation matière",4013.46762
2013,11,"Ile-de-France","77","Seine-et-Marne","02A","Déchets dangereux","02A","Valorisation matière",192.51516
2013,11,"Ile-de-France","77","Seine-et-Marne","02A","Déchets dangereux","02B","Incinération avec récupération d'énergie",81.284
2013,11,"Ile-de-France","77","Seine-et-Marne","02A","Déchets dangereux","02Z","Non précisé",1907.85432
2013,11,"Ile-de-France","77","Seine-et-Marne","02B","Matériaux recyclables","02A","Valorisation matière",6890.5918
2013,11,"Ile-de-France","77","Seine-et-Marne","02B","Matériaux recyclables","02E","Valorisation organique",3145.2228
2013,11,"Ile-de-France","77","Seine-et-Marne","02C","Déchets verts","02A","Valorisation matière",0.528
2013,11,"Ile-de-France","77","Seine-et-Marne","02C","Déchets verts","02E","Valorisation organique",39583.05998
2013,11,"Ile-de-France","77","Seine-et-Marne","02D","Encombrants","02A","Valorisation matière",88.33281
2013,11,"Ile-de-France","77","Seine-et-Marne","02D","Encombrants","02B","Incinération avec récupération d'énergie",19083.47153
2013,11,"Ile-de-France","77","Seine-et-Marne","02D","Encombrants","02D","Stockage",56615.51515
2013,11,"Ile-de-France","77","Seine-et-Marne","02D","Encombrants","02Z","Non précisé",8.7
2013,11,"Ile-de-France","77","Seine-et-Marne","02E","Déblais et gravats","02A","Valorisation matière",5104.252
2013,11,"Ile-de-France","77","Seine-et-Marne","02E","Déblais et gravats","02D","Stockage",14470.18576
2013,11,"Ile-de-France","77","Seine-et-Marne","02E","Déblais et gravats","02E","Valorisation organique",172.64
2013,11,"Ile-de-France","77","Seine-et-Marne","02E","Déblais et gravats","02F","Stockage pour inertes",37243.04574
2013,11,"Ile-de-France","77","Seine-et-Marne","02F","DEEE","02A","Valorisation matière",3440.95913
2013,11,"Ile-de-France","77","Seine-et-Marne","02F","DEEE","02Z","Non précisé",19.30322
2013,11,"Ile-de-France","77","Seine-et-Marne","02Z","Autres déchets","02A","Valorisation matière",3.71525
2013,11,"Ile-de-France","78","Yvelines","02A","Déchets dangereux","02A","Valorisation matière",465.91794
2013,11,"Ile-de-France","78","Yvelines","02A","Déchets dangereux","02B","Incinération avec récupération d'énergie",26.12182
2013,11,"Ile-de-France","78","Yvelines","02A","Déchets dangereux","02C","Incinération sans récupération d'énergie",177.32059
2013,11,"Ile-de-France","78","Yvelines","02A","Déchets dangereux","02D","Stockage",12.19014
2013,11,"Ile-de-France","78","Yvelines","02A","Déchets dangereux","02Z","Non précisé",661.48945
2013,11,"Ile-de-France","78","Yvelines","02B","Matériaux recyclables","02A","Valorisation matière",13199.96796
2013,11,"Ile-de-France","78","Yvelines","02B","Matériaux recyclables","02E","Valorisation organique",1807.89999
2013,11,"Ile-de-France","78","Yvelines","02C","Déchets verts","02E","Valorisation organique",23583.08151
2013,11,"Ile-de-France","78","Yvelines","02C","Déchets verts","02Z","Non précisé",0.1753
2013,11,"Ile-de-France","78","Yvelines","02D","Encombrants","02A","Valorisation matière",77.4922
2013,11,"Ile-de-France","78","Yvelines","02D","Encombrants","02B","Incinération avec récupération d'énergie",5602.13254
2013,11,"Ile-de-France","78","Yvelines","02D","Encombrants","02D","Stockage",19838.89467
2013,11,"Ile-de-France","78","Yvelines","02E","Déblais et gravats","02A","Valorisation matière",13642.62379
2013,11,"Ile-de-France","78","Yvelines","02E","Déblais et gravats","02D","Stockage",10453.3701
2013,11,"Ile-de-France","78","Yvelines","02E","Déblais et gravats","02F","Stockage pour inertes",17049.57078
2013,11,"Ile-de-France","78","Yvelines","02E","Déblais et gravats","02Z","Non précisé",904.94
2013,11,"Ile-de-France","78","Yvelines","02F","DEEE","02A","Valorisation matière",2479.08242
2013,11,"Ile-de-France","78","Yvelines","02Z","Autres déchets","02A","Valorisation matière",13232.38678
2013,11,"Ile-de-France","78","Yvelines","02Z","Autres déchets","02D","Stockage",904.77
2013,11,"Ile-de-France","78","Yvelines","02Z","Autres déchets","02Z","Non précisé",1367.12
2013,11,"Ile-de-France","91","Essonne","02A","Déchets dangereux","02A","Valorisation matière",156.21223
2013,11,"Ile-de-France","91","Essonne","02A","Déchets dangereux","02C","Incinération sans récupération d'énergie",148.13312
2013,11,"Ile-de-France","91","Essonne","02A","Déchets dangereux","02Z","Non précisé",959.57457
2013,11,"Ile-de-France","91","Essonne","02B","Matériaux recyclables","02A","Valorisation matière",14474.64031
2013,11,"Ile-de-France","91","Essonne","02B","Matériaux recyclables","02E","Valorisation organique",18.04615
2013,11,"Ile-de-France","91","Essonne","02B","Matériaux recyclables","02Z","Non précisé",149.09988
2013,11,"Ile-de-France","91","Essonne","02C","Déchets verts","02E","Valorisation organique",21269.68611
2013,11,"Ile-de-France","91","Essonne","02C","Déchets verts","02Z","Non précisé",4.8247
2013,11,"Ile-de-France","91","Essonne","02D","Encombrants","02A","Valorisation matière",97.3
2013,11,"Ile-de-France","91","Essonne","02D","Encombrants","02B","Incinération avec récupération d'énergie",7887.72016
2013,11,"Ile-de-France","91","Essonne","02D","Encombrants","02D","Stockage",48652.71018
2013,11,"Ile-de-France","91","Essonne","02E","Déblais et gravats","02A","Valorisation matière",4641.14246
2013,11,"Ile-de-France","91","Essonne","02E","Déblais et gravats","02D","Stockage",28370.53403
2013,11,"Ile-de-France","91","Essonne","02E","Déblais et gravats","02F","Stockage pour inertes",6489.30166
2013,11,"Ile-de-France","91","Essonne","02E","Déblais et gravats","02Z","Non précisé",17.07
2013,11,"Ile-de-France","91","Essonne","02F","DEEE","02A","Valorisation matière",2417.33797
2013,11,"Ile-de-France","91","Essonne","02F","DEEE","02Z","Non précisé",11.17817
2013,11,"Ile-de-France","91","Essonne","02Z","Autres déchets","02A","Valorisation matière",2192.14533
2013,11,"Ile-de-France","92","Hauts-de-seine","02A","Déchets dangereux","02A","Valorisation matière",34.02501
2013,11,"Ile-de-France","92","Hauts-de-seine","02A","Déchets dangereux","02Z","Non précisé",186.72288
2013,11,"Ile-de-France","92","Hauts-de-seine","02B","Matériaux recyclables","02A","Valorisation matière",3332.54017
2013,11,"Ile-de-France","92","Hauts-de-seine","02B","Matériaux recyclables","02Z","Non précisé",1058.81012
2013,11,"Ile-de-France","92","Hauts-de-seine","02C","Déchets verts","02E","Valorisation organique",2128.49272
2013,11,"Ile-de-France","92","Hauts-de-seine","02D","Encombrants","02A","Valorisation matière",233.29082
2013,11,"Ile-de-France","92","Hauts-de-seine","02D","Encombrants","02B","Incinération avec récupération d'énergie",1084.67627
2013,11,"Ile-de-France","92","Hauts-de-seine","02D","Encombrants","02D","Stockage",2728.41862
2013,11,"Ile-de-France","92","Hauts-de-seine","02E","Déblais et gravats","02A","Valorisation matière",9323.367
2013,11,"Ile-de-France","92","Hauts-de-seine","02E","Déblais et gravats","02D","Stockage",3736.94836
2013,11,"Ile-de-France","92","Hauts-de-seine","02E","Déblais et gravats","02F","Stockage pour inertes",576.20521
2013,11,"Ile-de-France","92","Hauts-de-seine","02E","Déblais et gravats","02Z","Non précisé",121.22
2013,11,"Ile-de-France","92","Hauts-de-seine","02F","DEEE","02A","Valorisation matière",787.09214
2013,11,"Ile-de-France","92","Hauts-de-seine","02Z","Autres déchets","02A","Valorisation matière",9469.2088
2013,11,"Ile-de-France","92","Hauts-de-seine","02Z","Autres déchets","02Z","Non précisé",30.645
2013,11,"Ile-de-France","93","Seine-Saint-Denis","02A","Déchets dangereux","02A","Valorisation matière",125.03045
2013,11,"Ile-de-France","93","Seine-Saint-Denis","02A","Déchets dangereux","02D","Stockage",13
2013,11,"Ile-de-France","93","Seine-Saint-Denis","02A","Déchets dangereux","02Z","Non précisé",386.84248
2013,11,"Ile-de-France","93","Seine-Saint-Denis","02B","Matériaux recyclables","02A","Valorisation matière",7042.45116
2013,11,"Ile-de-France","93","Seine-Saint-Denis","02B","Matériaux recyclables","02D","Stockage",1758
2013,11,"Ile-de-France","93","Seine-Saint-Denis","02B","Matériaux recyclables","02E","Valorisation organique",248.49163
2013,11,"Ile-de-France","93","Seine-Saint-Denis","02B","Matériaux recyclables","02Z","Non précisé",341
2013,11,"Ile-de-France","93","Seine-Saint-Denis","02C","Déchets verts","02E","Valorisation organique",7903.75462
2013,11,"Ile-de-France","93","Seine-Saint-Denis","02D","Encombrants","02A","Valorisation matière",2445.254
2013,11,"Ile-de-France","93","Seine-Saint-Denis","02D","Encombrants","02B","Incinération avec récupération d'énergie",188.05702
2013,11,"Ile-de-France","93","Seine-Saint-Denis","02D","Encombrants","02D","Stockage",9251.65581
2013,11,"Ile-de-France","93","Seine-Saint-Denis","02D","Encombrants","02Z","Non précisé",30034.751
2013,11,"Ile-de-France","93","Seine-Saint-Denis","02E","Déblais et gravats","02A","Valorisation matière",3019.55421
2013,11,"Ile-de-France","93","Seine-Saint-Denis","02E","Déblais et gravats","02D","Stockage",9998.5956
2013,11,"Ile-de-France","93","Seine-Saint-Denis","02E","Déblais et gravats","02F","Stockage pour inertes",1923.56265
2013,11,"Ile-de-France","93","Seine-Saint-Denis","02E","Déblais et gravats","02Z","Non précisé",23529.72
2013,11,"Ile-de-France","93","Seine-Saint-Denis","02F","DEEE","02A","Valorisation matière",893.46311
2013,11,"Ile-de-France","93","Seine-Saint-Denis","02F","DEEE","02Z","Non précisé",147.43
2013,11,"Ile-de-France","93","Seine-Saint-Denis","02Z","Autres déchets","02A","Valorisation matière",1375.99891
2013,11,"Ile-de-France","93","Seine-Saint-Denis","02Z","Autres déchets","02Z","Non précisé",17140.3
2013,11,"Ile-de-France","94","Val-de-Marne","02A","Déchets dangereux","02A","Valorisation matière",245.48868
2013,11,"Ile-de-France","94","Val-de-Marne","02A","Déchets dangereux","02B","Incinération avec récupération d'énergie",64
2013,11,"Ile-de-France","94","Val-de-Marne","02A","Déchets dangereux","02Z","Non précisé",200.49684
2013,11,"Ile-de-France","94","Val-de-Marne","02B","Matériaux recyclables","02A","Valorisation matière",5039.15296
2013,11,"Ile-de-France","94","Val-de-Marne","02C","Déchets verts","02E","Valorisation organique",4202.45107
2013,11,"Ile-de-France","94","Val-de-Marne","02D","Encombrants","02A","Valorisation matière",26.259
2013,11,"Ile-de-France","94","Val-de-Marne","02D","Encombrants","02B","Incinération avec récupération d'énergie",8326.79729
2013,11,"Ile-de-France","94","Val-de-Marne","02D","Encombrants","02D","Stockage",17285
2013,11,"Ile-de-France","94","Val-de-Marne","02D","Encombrants","02Z","Non précisé",83.45
2013,11,"Ile-de-France","94","Val-de-Marne","02E","Déblais et gravats","02A","Valorisation matière",6540.15271
2013,11,"Ile-de-France","94","Val-de-Marne","02E","Déblais et gravats","02D","Stockage",3299.82887
2013,11,"Ile-de-France","94","Val-de-Marne","02E","Déblais et gravats","02F","Stockage pour inertes",8567.077
2013,11,"Ile-de-France","94","Val-de-Marne","02E","Déblais et gravats","02Z","Non précisé",97.26
2013,11,"Ile-de-France","94","Val-de-Marne","02F","DEEE","02A","Valorisation matière",978.66034
2013,11,"Ile-de-France","94","Val-de-Marne","02Z","Autres déchets","02A","Valorisation matière",3356.23962
2013,11,"Ile-de-France","95","Val-d'Oise","02A","Déchets dangereux","02A","Valorisation matière",198.09869
2013,11,"Ile-de-France","95","Val-d'Oise","02A","Déchets dangereux","02B","Incinération avec récupération d'énergie",129.82318
2013,11,"Ile-de-France","95","Val-d'Oise","02A","Déchets dangereux","02D","Stockage",0.75986
2013,11,"Ile-de-France","95","Val-d'Oise","02A","Déchets dangereux","02Z","Non précisé",810.36248
2013,11,"Ile-de-France","95","Val-d'Oise","02B","Matériaux recyclables","02A","Valorisation matière",9084.11622
2013,11,"Ile-de-France","95","Val-d'Oise","02C","Déchets verts","02E","Valorisation organique",17159.89405
2013,11,"Ile-de-France","95","Val-d'Oise","02D","Encombrants","02A","Valorisation matière",19.117
2013,11,"Ile-de-France","95","Val-d'Oise","02D","Encombrants","02B","Incinération avec récupération d'énergie",6713.45047
2013,11,"Ile-de-France","95","Val-d'Oise","02D","Encombrants","02D","Stockage",25853.58368
2013,11,"Ile-de-France","95","Val-d'Oise","02D","Encombrants","02Z","Non précisé",0.28
2013,11,"Ile-de-France","95","Val-d'Oise","02E","Déblais et gravats","02A","Valorisation matière",8383.67654
2013,11,"Ile-de-France","95","Val-d'Oise","02E","Déblais et gravats","02D","Stockage",18823.32662
2013,11,"Ile-de-France","95","Val-d'Oise","02E","Déblais et gravats","02F","Stockage pour inertes",11219.6486
2013,11,"Ile-de-France","95","Val-d'Oise","02F","DEEE","02A","Valorisation matière",1950.23889
2013,11,"Ile-de-France","95","Val-d'Oise","02Z","Autres déchets","02A","Valorisation matière",16871.73594
2013,28,"Normandie","14","Calvados","02A","Déchets dangereux","02A","Valorisation matière",318.0966
2013,28,"Normandie","14","Calvados","02A","Déchets dangereux","02B","Incinération avec récupération d'énergie",266.73363
2013,28,"Normandie","14","Calvados","02A","Déchets dangereux","02C","Incinération sans récupération d'énergie",455.32084
2013,28,"Normandie","14","Calvados","02A","Déchets dangereux","02D","Stockage",144.78
2013,28,"Normandie","14","Calvados","02A","Déchets dangereux","02F","Stockage pour inertes",155.73265
2013,28,"Normandie","14","Calvados","02B","Matériaux recyclables","02A","Valorisation matière",9154.97784
2013,28,"Normandie","14","Calvados","02B","Matériaux recyclables","02B","Incinération avec récupération d'énergie",11337.14951
2013,28,"Normandie","14","Calvados","02B","Matériaux recyclables","02C","Incinération sans récupération d'énergie",13.95307
2013,28,"Normandie","14","Calvados","02C","Déchets verts","02A","Valorisation matière",647.3
2013,28,"Normandie","14","Calvados","02C","Déchets verts","02E","Valorisation organique",72962.41991
2013,28,"Normandie","14","Calvados","02D","Encombrants","02A","Valorisation matière",11537.25484
2013,28,"Normandie","14","Calvados","02D","Encombrants","02B","Incinération avec récupération d'énergie",3212.13
2013,28,"Normandie","14","Calvados","02D","Encombrants","02D","Stockage",32905.28567
2013,28,"Normandie","14","Calvados","02E","Déblais et gravats","02A","Valorisation matière",5386.03262
2013,28,"Normandie","14","Calvados","02E","Déblais et gravats","02D","Stockage",1828.6
2013,28,"Normandie","14","Calvados","02E","Déblais et gravats","02F","Stockage pour inertes",49313.21999
2013,28,"Normandie","14","Calvados","02F","DEEE","02A","Valorisation matière",3742.60614
2013,28,"Normandie","14","Calvados","02Z","Autres déchets","02A","Valorisation matière",24.13485
2013,28,"Normandie","14","Calvados","02Z","Autres déchets","02B","Incinération avec récupération d'énergie",6.808
2013,28,"Normandie","27","Eure","02A","Déchets dangereux","02A","Valorisation matière",414.06785
2013,28,"Normandie","27","Eure","02A","Déchets dangereux","02C","Incinération sans récupération d'énergie",375.12137
2013,28,"Normandie","27","Eure","02A","Déchets dangereux","02F","Stockage pour inertes",262.20354
2013,28,"Normandie","27","Eure","02A","Déchets dangereux","02Z","Non précisé",414.86181
2013,28,"Normandie","27","Eure","02B","Matériaux recyclables","02A","Valorisation matière",17253.86484
2013,28,"Normandie","27","Eure","02B","Matériaux recyclables","02B","Incinération avec récupération d'énergie",1699
2013,28,"Normandie","27","Eure","02B","Matériaux recyclables","02D","Stockage",483.9
2013,28,"Normandie","27","Eure","02B","Matériaux recyclables","02E","Valorisation organique",1442
2013,28,"Normandie","27","Eure","02B","Matériaux recyclables","02Z","Non précisé",13.047
2013,28,"Normandie","27","Eure","02C","Déchets verts","02A","Valorisation matière",954.63217
2013,28,"Normandie","27","Eure","02C","Déchets verts","02B","Incinération avec récupération d'énergie",840.8
2013,28,"Normandie","27","Eure","02C","Déchets verts","02E","Valorisation organique",63677.6725
2013,28,"Normandie","27","Eure","02C","Déchets verts","02Z","Non précisé",855
2013,28,"Normandie","27","Eure","02D","Encombrants","02A","Valorisation matière",92.29629
2013,28,"Normandie","27","Eure","02D","Encombrants","02B","Incinération avec récupération d'énergie",11064.21487
2013,28,"Normandie","27","Eure","02D","Encombrants","02D","Stockage",11992.14739
2013,28,"Normandie","27","Eure","02D","Encombrants","02F","Stockage pour inertes",14694.60483
2013,28,"Normandie","27","Eure","02D","Encombrants","02Z","Non précisé",175.41366
2013,28,"Normandie","27","Eure","02E","Déblais et gravats","02A","Valorisation matière",15877.41713
2013,28,"Normandie","27","Eure","02E","Déblais et gravats","02D","Stockage",5454.39345
2013,28,"Normandie","27","Eure","02E","Déblais et gravats","02F","Stockage pour inertes",21769.46039
2013,28,"Normandie","27","Eure","02F","DEEE","02A","Valorisation matière",2884.24635
2013,28,"Normandie","27","Eure","02F","DEEE","02Z","Non précisé",855.19132
2013,28,"Normandie","27","Eure","02Z","Autres déchets","02A","Valorisation matière",2.566
2013,28,"Normandie","50","Manche","02A","Déchets dangereux","02A","Valorisation matière",589.234
2013,28,"Normandie","50","Manche","02A","Déchets dangereux","02B","Incinération avec récupération d'énergie",0.391
2013,28,"Normandie","50","Manche","02A","Déchets dangereux","02C","Incinération sans récupération d'énergie",33.129
2013,28,"Normandie","50","Manche","02A","Déchets dangereux","02D","Stockage",98.46
2013,28,"Normandie","50","Manche","02A","Déchets dangereux","02F","Stockage pour inertes",75.37
2013,28,"Normandie","50","Manche","02A","Déchets dangereux","02Z","Non précisé",38.938
2013,28,"Normandie","50","Manche","02B","Matériaux recyclables","02A","Valorisation matière",16287.677
2013,28,"Normandie","50","Manche","02B","Matériaux recyclables","02D","Stockage",202.82
2013,28,"Normandie","50","Manche","02B","Matériaux recyclables","02E","Valorisation organique",834.92
2013,28,"Normandie","50","Manche","02C","Déchets verts","02A","Valorisation matière",5780.75
2013,28,"Normandie","50","Manche","02C","Déchets verts","02E","Valorisation organique",58020.66
2013,28,"Normandie","50","Manche","02D","Encombrants","02A","Valorisation matière",3957.69
2013,28,"Normandie","50","Manche","02D","Encombrants","02D","Stockage",34602
2013,28,"Normandie","50","Manche","02E","Déblais et gravats","02A","Valorisation matière",5409.34
2013,28,"Normandie","50","Manche","02E","Déblais et gravats","02D","Stockage",2290.5
2013,28,"Normandie","50","Manche","02E","Déblais et gravats","02F","Stockage pour inertes",22293.38001
2013,28,"Normandie","50","Manche","02F","DEEE","02A","Valorisation matière",3038.534
2013,28,"Normandie","50","Manche","02F","DEEE","02Z","Non précisé",93
2013,28,"Normandie","50","Manche","02Z","Autres déchets","02A","Valorisation matière",16.276
2013,28,"Normandie","50","Manche","02Z","Autres déchets","02Z","Non précisé",1.12
2013,28,"Normandie","61","Orne","02A","Déchets dangereux","02A","Valorisation matière",302.03266
2013,28,"Normandie","61","Orne","02A","Déchets dangereux","02B","Incinération avec récupération d'énergie",20.71797
2013,28,"Normandie","61","Orne","02A","Déchets dangereux","02C","Incinération sans récupération d'énergie",272.84846
2013,28,"Normandie","61","Orne","02A","Déchets dangereux","02D","Stockage",62.55
2013,28,"Normandie","61","Orne","02A","Déchets dangereux","02F","Stockage pour inertes",51.53
2013,28,"Normandie","61","Orne","02B","Matériaux recyclables","02A","Valorisation matière",4841.65035
2013,28,"Normandie","61","Orne","02B","Matériaux recyclables","02B","Incinération avec récupération d'énergie",4491.5311
2013,28,"Normandie","61","Orne","02B","Matériaux recyclables","02C","Incinération sans récupération d'énergie",9.59156
2013,28,"Normandie","61","Orne","02B","Matériaux recyclables","02Z","Non précisé",15.85025
2013,28,"Normandie","61","Orne","02C","Déchets verts","02A","Valorisation matière",241
2013,28,"Normandie","61","Orne","02C","Déchets verts","02E","Valorisation organique",32319.22677
2013,28,"Normandie","61","Orne","02D","Encombrants","02A","Valorisation matière",28.68516
2013,28,"Normandie","61","Orne","02D","Encombrants","02D","Stockage",22874.63174
2013,28,"Normandie","61","Orne","02E","Déblais et gravats","02A","Valorisation matière",10071.74873
2013,28,"Normandie","61","Orne","02E","Déblais et gravats","02D","Stockage",1759.87
2013,28,"Normandie","61","Orne","02E","Déblais et gravats","02F","Stockage pour inertes",3558.6538
2013,28,"Normandie","61","Orne","02F","DEEE","02A","Valorisation matière",1823.60106
2013,28,"Normandie","61","Orne","02Z","Autres déchets","02A","Valorisation matière",7.37611
2013,28,"Normandie","76","Seine-Maritime","02A","Déchets dangereux","02A","Valorisation matière",1325.50857
2013,28,"Normandie","76","Seine-Maritime","02A","Déchets dangereux","02B","Incinération avec récupération d'énergie",149.5289
2013,28,"Normandie","76","Seine-Maritime","02A","Déchets dangereux","02C","Incinération sans récupération d'énergie",165.23371
2013,28,"Normandie","76","Seine-Maritime","02A","Déchets dangereux","02D","Stockage",807.83235
2013,28,"Normandie","76","Seine-Maritime","02A","Déchets dangereux","02F","Stockage pour inertes",364.20745
2013,28,"Normandie","76","Seine-Maritime","02A","Déchets dangereux","02Z","Non précisé",247.871
2013,28,"Normandie","76","Seine-Maritime","02B","Matériaux recyclables","02A","Valorisation matière",17111.16366
2013,28,"Normandie","76","Seine-Maritime","02B","Matériaux recyclables","02B","Incinération avec récupération d'énergie",2688.45355
2013,28,"Normandie","76","Seine-Maritime","02B","Matériaux recyclables","02C","Incinération sans récupération d'énergie",0.291
2013,28,"Normandie","76","Seine-Maritime","02B","Matériaux recyclables","02D","Stockage",63.72972
2013,28,"Normandie","76","Seine-Maritime","02B","Matériaux recyclables","02E","Valorisation organique",5458.49524
2013,28,"Normandie","76","Seine-Maritime","02B","Matériaux recyclables","02Z","Non précisé",1450.128
2013,28,"Normandie","76","Seine-Maritime","02C","Déchets verts","02A","Valorisation matière",4923.62
2013,28,"Normandie","76","Seine-Maritime","02C","Déchets verts","02D","Stockage",1952.36
2013,28,"Normandie","76","Seine-Maritime","02C","Déchets verts","02E","Valorisation organique",106862.9008
2013,28,"Normandie","76","Seine-Maritime","02C","Déchets verts","02Z","Non précisé",5562.12
2013,28,"Normandie","76","Seine-Maritime","02D","Encombrants","02A","Valorisation matière",773.47517
2013,28,"Normandie","76","Seine-Maritime","02D","Encombrants","02B","Incinération avec récupération d'énergie",32696.62
2013,28,"Normandie","76","Seine-Maritime","02D","Encombrants","02D","Stockage",71800.3616
2013,28,"Normandie","76","Seine-Maritime","02D","Encombrants","02F","Stockage pour inertes",71.24944
2013,28,"Normandie","76","Seine-Maritime","02D","Encombrants","02Z","Non précisé",865.02999
2013,28,"Normandie","76","Seine-Maritime","02E","Déblais et gravats","02A","Valorisation matière",20540.34921
2013,28,"Normandie","76","Seine-Maritime","02E","Déblais et gravats","02D","Stockage",1916.56698
2013,28,"Normandie","76","Seine-Maritime","02E","Déblais et gravats","02F","Stockage pour inertes",54151.425
2013,28,"Normandie","76","Seine-Maritime","02F","DEEE","02A","Valorisation matière",4894.99267
2013,28,"Normandie","76","Seine-Maritime","02F","DEEE","02Z","Non précisé",711.09
2013,28,"Normandie","76","Seine-Maritime","02Z","Autres déchets","02A","Valorisation matière",20.63697
2013,28,"Normandie","76","Seine-Maritime","02Z","Autres déchets","02F","Stockage pour inertes",184.28
2013,28,"Normandie","76","Seine-Maritime","02Z","Autres déchets","02Z","Non précisé",18.301
2013,75,"Nouvelle-Aquitaine","16","Charente","02A","Déchets dangereux","02A","Valorisation matière",258.5
2013,75,"Nouvelle-Aquitaine","16","Charente","02A","Déchets dangereux","02B","Incinération avec récupération d'énergie",542.58
2013,75,"Nouvelle-Aquitaine","16","Charente","02A","Déchets dangereux","02C","Incinération sans récupération d'énergie",48.44
2013,75,"Nouvelle-Aquitaine","16","Charente","02A","Déchets dangereux","02D","Stockage",206.67
2013,75,"Nouvelle-Aquitaine","16","Charente","02A","Déchets dangereux","02Z","Non précisé",21.32
2013,75,"Nouvelle-Aquitaine","16","Charente","02B","Matériaux recyclables","02A","Valorisation matière",16248.68
2013,75,"Nouvelle-Aquitaine","16","Charente","02B","Matériaux recyclables","02B","Incinération avec récupération d'énergie",10.46
2013,75,"Nouvelle-Aquitaine","16","Charente","02C","Déchets verts","02A","Valorisation matière",11096.4
2013,75,"Nouvelle-Aquitaine","16","Charente","02C","Déchets verts","02E","Valorisation organique",21878.92
2013,75,"Nouvelle-Aquitaine","16","Charente","02D","Encombrants","02A","Valorisation matière",13.44
2013,75,"Nouvelle-Aquitaine","16","Charente","02D","Encombrants","02B","Incinération avec récupération d'énergie",1136.54
2013,75,"Nouvelle-Aquitaine","16","Charente","02D","Encombrants","02D","Stockage",16600.51
2013,75,"Nouvelle-Aquitaine","16","Charente","02E","Déblais et gravats","02A","Valorisation matière",24938.11
2013,75,"Nouvelle-Aquitaine","16","Charente","02F","DEEE","02A","Valorisation matière",2801.17
2013,75,"Nouvelle-Aquitaine","16","Charente","02Z","Autres déchets","02A","Valorisation matière",65.31
2013,75,"Nouvelle-Aquitaine","17","Charente-Maritime","02A","Déchets dangereux","02A","Valorisation matière",250.31
2013,75,"Nouvelle-Aquitaine","17","Charente-Maritime","02A","Déchets dangereux","02B","Incinération avec récupération d'énergie",20.36
2013,75,"Nouvelle-Aquitaine","17","Charente-Maritime","02A","Déchets dangereux","02C","Incinération sans récupération d'énergie",552.79
2013,75,"Nouvelle-Aquitaine","17","Charente-Maritime","02A","Déchets dangereux","02D","Stockage",132.88
2013,75,"Nouvelle-Aquitaine","17","Charente-Maritime","02A","Déchets dangereux","02Z","Non précisé",194.54
2013,75,"Nouvelle-Aquitaine","17","Charente-Maritime","02B","Matériaux recyclables","02A","Valorisation matière",24836.9
2013,75,"Nouvelle-Aquitaine","17","Charente-Maritime","02B","Matériaux recyclables","02B","Incinération avec récupération d'énergie",384.89
2013,75,"Nouvelle-Aquitaine","17","Charente-Maritime","02C","Déchets verts","02A","Valorisation matière",15471.3
2013,75,"Nouvelle-Aquitaine","17","Charente-Maritime","02C","Déchets verts","02E","Valorisation organique",55444.51
2013,75,"Nouvelle-Aquitaine","17","Charente-Maritime","02D","Encombrants","02A","Valorisation matière",1012.48
2013,75,"Nouvelle-Aquitaine","17","Charente-Maritime","02D","Encombrants","02B","Incinération avec récupération d'énergie",181.8
2013,75,"Nouvelle-Aquitaine","17","Charente-Maritime","02D","Encombrants","02C","Incinération sans récupération d'énergie",1183.66
2013,75,"Nouvelle-Aquitaine","17","Charente-Maritime","02D","Encombrants","02D","Stockage",44890.59
2013,75,"Nouvelle-Aquitaine","17","Charente-Maritime","02E","Déblais et gravats","02A","Valorisation matière",11580.16
2013,75,"Nouvelle-Aquitaine","17","Charente-Maritime","02E","Déblais et gravats","02D","Stockage",1210.87
2013,75,"Nouvelle-Aquitaine","17","Charente-Maritime","02E","Déblais et gravats","02F","Stockage pour inertes",30658.06
2013,75,"Nouvelle-Aquitaine","17","Charente-Maritime","02F","DEEE","02A","Valorisation matière",5065.78
2013,75,"Nouvelle-Aquitaine","17","Charente-Maritime","02Z","Autres déchets","02A","Valorisation matière",38.6
2013,75,"Nouvelle-Aquitaine","19","Corrèze","02A","Déchets dangereux","02A","Valorisation matière",78.35075
2013,75,"Nouvelle-Aquitaine","19","Corrèze","02A","Déchets dangereux","02C","Incinération sans récupération d'énergie",65.54857
2013,75,"Nouvelle-Aquitaine","19","Corrèze","02A","Déchets dangereux","02D","Stockage",29.26162
2013,75,"Nouvelle-Aquitaine","19","Corrèze","02A","Déchets dangereux","02Z","Non précisé",59.2255
2013,75,"Nouvelle-Aquitaine","19","Corrèze","02B","Matériaux recyclables","02A","Valorisation matière",3865.50152
2013,75,"Nouvelle-Aquitaine","19","Corrèze","02B","Matériaux recyclables","02D","Stockage",348.64595
2013,75,"Nouvelle-Aquitaine","19","Corrèze","02B","Matériaux recyclables","02E","Valorisation organique",2053.98494
2013,75,"Nouvelle-Aquitaine","19","Corrèze","02B","Matériaux recyclables","02Z","Non précisé",31.3314
2013,75,"Nouvelle-Aquitaine","19","Corrèze","02C","Déchets verts","02E","Valorisation organique",12492.79294
2013,75,"Nouvelle-Aquitaine","19","Corrèze","02D","Encombrants","02A","Valorisation matière",4.04
2013,75,"Nouvelle-Aquitaine","19","Corrèze","02D","Encombrants","02B","Incinération avec récupération d'énergie",12567.74366
2013,75,"Nouvelle-Aquitaine","19","Corrèze","02D","Encombrants","02D","Stockage",1264.78
2013,75,"Nouvelle-Aquitaine","19","Corrèze","02D","Encombrants","02Z","Non précisé",141.28564
2013,75,"Nouvelle-Aquitaine","19","Corrèze","02E","Déblais et gravats","02A","Valorisation matière",3784.94926
2013,75,"Nouvelle-Aquitaine","19","Corrèze","02E","Déblais et gravats","02D","Stockage",526
2013,75,"Nouvelle-Aquitaine","19","Corrèze","02E","Déblais et gravats","02F","Stockage pour inertes",1880.46726
2013,75,"Nouvelle-Aquitaine","19","Corrèze","02E","Déblais et gravats","02Z","Non précisé",187.28
2013,75,"Nouvelle-Aquitaine","19","Corrèze","02F","DEEE","02A","Valorisation matière",486.21077
2013,75,"Nouvelle-Aquitaine","19","Corrèze","02F","DEEE","02Z","Non précisé",97.7
2013,75,"Nouvelle-Aquitaine","23","Creuse","02A","Déchets dangereux","02A","Valorisation matière",27.9136
2013,75,"Nouvelle-Aquitaine","23","Creuse","02A","Déchets dangereux","02B","Incinération avec récupération d'énergie",3.7102
2013,75,"Nouvelle-Aquitaine","23","Creuse","02A","Déchets dangereux","02C","Incinération sans récupération d'énergie",150.3587
2013,75,"Nouvelle-Aquitaine","23","Creuse","02A","Déchets dangereux","02Z","Non précisé",86.70172
2013,75,"Nouvelle-Aquitaine","23","Creuse","02B","Matériaux recyclables","02A","Valorisation matière",2866.5651
2013,75,"Nouvelle-Aquitaine","23","Creuse","02B","Matériaux recyclables","02D","Stockage",17.44405
2013,75,"Nouvelle-Aquitaine","23","Creuse","02B","Matériaux recyclables","02E","Valorisation organique",295.36425
2013,75,"Nouvelle-Aquitaine","23","Creuse","02B","Matériaux recyclables","02Z","Non précisé",61.74859
2013,75,"Nouvelle-Aquitaine","23","Creuse","02C","Déchets verts","02A","Valorisation matière",408.71736
2013,75,"Nouvelle-Aquitaine","23","Creuse","02C","Déchets verts","02E","Valorisation organique",6064.94518
2013,75,"Nouvelle-Aquitaine","23","Creuse","02D","Encombrants","02A","Valorisation matière",85.24812
2013,75,"Nouvelle-Aquitaine","23","Creuse","02D","Encombrants","02D","Stockage",5617.50825
2013,75,"Nouvelle-Aquitaine","23","Creuse","02D","Encombrants","02Z","Non précisé",76.87437
2013,75,"Nouvelle-Aquitaine","23","Creuse","02E","Déblais et gravats","02A","Valorisation matière",307.10331
2013,75,"Nouvelle-Aquitaine","23","Creuse","02E","Déblais et gravats","02D","Stockage",717.57627
2013,75,"Nouvelle-Aquitaine","23","Creuse","02E","Déblais et gravats","02F","Stockage pour inertes",1746.08768
2013,75,"Nouvelle-Aquitaine","23","Creuse","02F","DEEE","02A","Valorisation matière",705.79246
2013,75,"Nouvelle-Aquitaine","23","Creuse","02F","DEEE","02Z","Non précisé",34.1
2013,75,"Nouvelle-Aquitaine","23","Creuse","02Z","Autres déchets","02A","Valorisation matière",3.327
2013,75,"Nouvelle-Aquitaine","23","Creuse","02Z","Autres déchets","02Z","Non précisé",0.15
2013,75,"Nouvelle-Aquitaine","24","Dordogne","02A","Déchets dangereux","02A","Valorisation matière",315.61255
2013,75,"Nouvelle-Aquitaine","24","Dordogne","02A","Déchets dangereux","02B","Incinération avec récupération d'énergie",359.85919
2013,75,"Nouvelle-Aquitaine","24","Dordogne","02A","Déchets dangereux","02C","Incinération sans récupération d'énergie",30.84743
2013,75,"Nouvelle-Aquitaine","24","Dordogne","02A","Déchets dangereux","02D","Stockage",10.62791
2013,75,"Nouvelle-Aquitaine","24","Dordogne","02A","Déchets dangereux","02Z","Non précisé",10.23937
2013,75,"Nouvelle-Aquitaine","24","Dordogne","02B","Matériaux recyclables","02A","Valorisation matière",15020.87152
2013,75,"Nouvelle-Aquitaine","24","Dordogne","02B","Matériaux recyclables","02B","Incinération avec récupération d'énergie",156.76523
2013,75,"Nouvelle-Aquitaine","24","Dordogne","02B","Matériaux recyclables","02D","Stockage",1684
2013,75,"Nouvelle-Aquitaine","24","Dordogne","02B","Matériaux recyclables","02E","Valorisation organique",809.69296
2013,75,"Nouvelle-Aquitaine","24","Dordogne","02B","Matériaux recyclables","02Z","Non précisé",36.277
2013,75,"Nouvelle-Aquitaine","24","Dordogne","02C","Déchets verts","02A","Valorisation matière",4554.83
2013,75,"Nouvelle-Aquitaine","24","Dordogne","02C","Déchets verts","02D","Stockage",2515.16
2013,75,"Nouvelle-Aquitaine","24","Dordogne","02C","Déchets verts","02E","Valorisation organique",18397.72166
2013,75,"Nouvelle-Aquitaine","24","Dordogne","02D","Encombrants","02A","Valorisation matière",10.08327
2013,75,"Nouvelle-Aquitaine","24","Dordogne","02D","Encombrants","02B","Incinération avec récupération d'énergie",2516.63164
2013,75,"Nouvelle-Aquitaine","24","Dordogne","02D","Encombrants","02D","Stockage",17010.91313
2013,75,"Nouvelle-Aquitaine","24","Dordogne","02E","Déblais et gravats","02A","Valorisation matière",7008.24061
2013,75,"Nouvelle-Aquitaine","24","Dordogne","02E","Déblais et gravats","02D","Stockage",5464.81
2013,75,"Nouvelle-Aquitaine","24","Dordogne","02E","Déblais et gravats","02F","Stockage pour inertes",7934.50999
2013,75,"Nouvelle-Aquitaine","24","Dordogne","02F","DEEE","02A","Valorisation matière",2097.35194
2013,75,"Nouvelle-Aquitaine","24","Dordogne","02F","DEEE","02Z","Non précisé",166.9
2013,75,"Nouvelle-Aquitaine","24","Dordogne","02Z","Autres déchets","02A","Valorisation matière",21.46458
2013,75,"Nouvelle-Aquitaine","24","Dordogne","02Z","Autres déchets","02B","Incinération avec récupération d'énergie",0.342
2013,75,"Nouvelle-Aquitaine","24","Dordogne","02Z","Autres déchets","02E","Valorisation organique",5.20001
2013,75,"Nouvelle-Aquitaine","24","Dordogne","02Z","Autres déchets","02Z","Non précisé",21.702
2013,75,"Nouvelle-Aquitaine","33","Gironde","02A","Déchets dangereux","02A","Valorisation matière",560.4242
2013,75,"Nouvelle-Aquitaine","33","Gironde","02A","Déchets dangereux","02B","Incinération avec récupération d'énergie",1205.81685
2013,75,"Nouvelle-Aquitaine","33","Gironde","02A","Déchets dangereux","02C","Incinération sans récupération d'énergie",12.6
2013,75,"Nouvelle-Aquitaine","33","Gironde","02A","Déchets dangereux","02F","Stockage pour inertes",121
2013,75,"Nouvelle-Aquitaine","33","Gironde","02B","Matériaux recyclables","02A","Valorisation matière",59281.25166
2013,75,"Nouvelle-Aquitaine","33","Gironde","02B","Matériaux recyclables","02B","Incinération avec récupération d'énergie",2.56
2013,75,"Nouvelle-Aquitaine","33","Gironde","02C","Déchets verts","02E","Valorisation organique",138338.3293
2013,75,"Nouvelle-Aquitaine","33","Gironde","02D","Encombrants","02A","Valorisation matière",141.19673
2013,75,"Nouvelle-Aquitaine","33","Gironde","02D","Encombrants","02B","Incinération avec récupération d'énergie",21175.09103
2013,75,"Nouvelle-Aquitaine","33","Gironde","02D","Encombrants","02D","Stockage",63582.81167
2013,75,"Nouvelle-Aquitaine","33","Gironde","02E","Déblais et gravats","02A","Valorisation matière",69656.52179
2013,75,"Nouvelle-Aquitaine","33","Gironde","02E","Déblais et gravats","02F","Stockage pour inertes",8986.13
2013,75,"Nouvelle-Aquitaine","33","Gironde","02F","DEEE","02A","Valorisation matière",5172.70532
2013,75,"Nouvelle-Aquitaine","33","Gironde","02Z","Autres déchets","02A","Valorisation matière",36.7654
2013,75,"Nouvelle-Aquitaine","40","Landes","02A","Déchets dangereux","02A","Valorisation matière",686.37358
2013,75,"Nouvelle-Aquitaine","40","Landes","02A","Déchets dangereux","02B","Incinération avec récupération d'énergie",123.93132
2013,75,"Nouvelle-Aquitaine","40","Landes","02A","Déchets dangereux","02Z","Non précisé",176.155
2013,75,"Nouvelle-Aquitaine","40","Landes","02B","Matériaux recyclables","02A","Valorisation matière",23963.69003
2013,75,"Nouvelle-Aquitaine","40","Landes","02B","Matériaux recyclables","02Z","Non précisé",16.57262
2013,75,"Nouvelle-Aquitaine","40","Landes","02C","Déchets verts","02E","Valorisation organique",90077.38629
2013,75,"Nouvelle-Aquitaine","40","Landes","02C","Déchets verts","02Z","Non précisé",82.65
2013,75,"Nouvelle-Aquitaine","40","Landes","02D","Encombrants","02A","Valorisation matière",6845.899
2013,75,"Nouvelle-Aquitaine","40","Landes","02D","Encombrants","02B","Incinération avec récupération d'énergie",4513.47
2013,75,"Nouvelle-Aquitaine","40","Landes","02D","Encombrants","02C","Incinération sans récupération d'énergie",8285.03
2013,75,"Nouvelle-Aquitaine","40","Landes","02D","Encombrants","02D","Stockage",5673.47354
2013,75,"Nouvelle-Aquitaine","40","Landes","02E","Déblais et gravats","02A","Valorisation matière",3658.02
2013,75,"Nouvelle-Aquitaine","40","Landes","02E","Déblais et gravats","02F","Stockage pour inertes",79924.75239
2013,75,"Nouvelle-Aquitaine","40","Landes","02F","DEEE","02A","Valorisation matière",2750.3767
2013,75,"Nouvelle-Aquitaine","40","Landes","02Z","Autres déchets","02A","Valorisation matière",28.17
2013,75,"Nouvelle-Aquitaine","40","Landes","02Z","Autres déchets","02B","Incinération avec récupération d'énergie",9.07332
2013,75,"Nouvelle-Aquitaine","47","Lot-et-Garonne","02A","Déchets dangereux","02A","Valorisation matière",168.38527
2013,75,"Nouvelle-Aquitaine","47","Lot-et-Garonne","02A","Déchets dangereux","02B","Incinération avec récupération d'énergie",208.30217
2013,75,"Nouvelle-Aquitaine","47","Lot-et-Garonne","02A","Déchets dangereux","02C","Incinération sans récupération d'énergie",7.76501
2013,75,"Nouvelle-Aquitaine","47","Lot-et-Garonne","02A","Déchets dangereux","02D","Stockage",0.181
2013,75,"Nouvelle-Aquitaine","47","Lot-et-Garonne","02A","Déchets dangereux","02Z","Non précisé",9.77821
2013,75,"Nouvelle-Aquitaine","47","Lot-et-Garonne","02B","Matériaux recyclables","02A","Valorisation matière",9938.3286
2013,75,"Nouvelle-Aquitaine","47","Lot-et-Garonne","02B","Matériaux recyclables","02B","Incinération avec récupération d'énergie",1311.17976
2013,75,"Nouvelle-Aquitaine","47","Lot-et-Garonne","02B","Matériaux recyclables","02C","Incinération sans récupération d'énergie",2.569
2013,75,"Nouvelle-Aquitaine","47","Lot-et-Garonne","02B","Matériaux recyclables","02E","Valorisation organique",1.898
2013,75,"Nouvelle-Aquitaine","47","Lot-et-Garonne","02C","Déchets verts","02E","Valorisation organique",22676.99791
2013,75,"Nouvelle-Aquitaine","47","Lot-et-Garonne","02D","Encombrants","02A","Valorisation matière",912.00904
2013,75,"Nouvelle-Aquitaine","47","Lot-et-Garonne","02D","Encombrants","02D","Stockage",16558.50434
2013,75,"Nouvelle-Aquitaine","47","Lot-et-Garonne","02E","Déblais et gravats","02A","Valorisation matière",8114.78402
2013,75,"Nouvelle-Aquitaine","47","Lot-et-Garonne","02E","Déblais et gravats","02D","Stockage",1739
2013,75,"Nouvelle-Aquitaine","47","Lot-et-Garonne","02E","Déblais et gravats","02F","Stockage pour inertes",8320.87499
2013,75,"Nouvelle-Aquitaine","47","Lot-et-Garonne","02F","DEEE","02A","Valorisation matière",2172.83039
2013,75,"Nouvelle-Aquitaine","47","Lot-et-Garonne","02Z","Autres déchets","02A","Valorisation matière",9.82653
2013,75,"Nouvelle-Aquitaine","47","Lot-et-Garonne","02Z","Autres déchets","02B","Incinération avec récupération d'énergie",3.239
2013,75,"Nouvelle-Aquitaine","47","Lot-et-Garonne","02Z","Autres déchets","02Z","Non précisé",1.227
2013,75,"Nouvelle-Aquitaine","64","Pyrénées-Atlantiques","02A","Déchets dangereux","02A","Valorisation matière",330.98053
2013,75,"Nouvelle-Aquitaine","64","Pyrénées-Atlantiques","02A","Déchets dangereux","02B","Incinération avec récupération d'énergie",816.48868
2013,75,"Nouvelle-Aquitaine","64","Pyrénées-Atlantiques","02A","Déchets dangereux","02C","Incinération sans récupération d'énergie",172.61037
2013,75,"Nouvelle-Aquitaine","64","Pyrénées-Atlantiques","02A","Déchets dangereux","02Z","Non précisé",2.15
2013,75,"Nouvelle-Aquitaine","64","Pyrénées-Atlantiques","02B","Matériaux recyclables","02A","Valorisation matière",25080.2541
2013,75,"Nouvelle-Aquitaine","64","Pyrénées-Atlantiques","02B","Matériaux recyclables","02B","Incinération avec récupération d'énergie",1.8
2013,75,"Nouvelle-Aquitaine","64","Pyrénées-Atlantiques","02C","Déchets verts","02A","Valorisation matière",21429
2013,75,"Nouvelle-Aquitaine","64","Pyrénées-Atlantiques","02C","Déchets verts","02E","Valorisation organique",28863.12449
2013,75,"Nouvelle-Aquitaine","64","Pyrénées-Atlantiques","02D","Encombrants","02A","Valorisation matière",869.64
2013,75,"Nouvelle-Aquitaine","64","Pyrénées-Atlantiques","02D","Encombrants","02B","Incinération avec récupération d'énergie",4489.41231
2013,75,"Nouvelle-Aquitaine","64","Pyrénées-Atlantiques","02D","Encombrants","02D","Stockage",26354.78181
2013,75,"Nouvelle-Aquitaine","64","Pyrénées-Atlantiques","02E","Déblais et gravats","02A","Valorisation matière",15148.00769
2013,75,"Nouvelle-Aquitaine","64","Pyrénées-Atlantiques","02E","Déblais et gravats","02D","Stockage",8403.51425
2013,75,"Nouvelle-Aquitaine","64","Pyrénées-Atlantiques","02E","Déblais et gravats","02F","Stockage pour inertes",7938.28463
2013,75,"Nouvelle-Aquitaine","64","Pyrénées-Atlantiques","02E","Déblais et gravats","02Z","Non précisé",1526
2013,75,"Nouvelle-Aquitaine","64","Pyrénées-Atlantiques","02F","DEEE","02A","Valorisation matière",3063.96706
2013,75,"Nouvelle-Aquitaine","64","Pyrénées-Atlantiques","02Z","Autres déchets","02A","Valorisation matière",39.49565
2013,75,"Nouvelle-Aquitaine","64","Pyrénées-Atlantiques","02Z","Autres déchets","02B","Incinération avec récupération d'énergie",0.10868
2013,75,"Nouvelle-Aquitaine","79","Deux-Sèvres","02A","Déchets dangereux","02A","Valorisation matière",151.13
2013,75,"Nouvelle-Aquitaine","79","Deux-Sèvres","02A","Déchets dangereux","02B","Incinération avec récupération d'énergie",37.96175
2013,75,"Nouvelle-Aquitaine","79","Deux-Sèvres","02A","Déchets dangereux","02C","Incinération sans récupération d'énergie",25.18
2013,75,"Nouvelle-Aquitaine","79","Deux-Sèvres","02A","Déchets dangereux","02D","Stockage",19.04
2013,75,"Nouvelle-Aquitaine","79","Deux-Sèvres","02A","Déchets dangereux","02Z","Non précisé",396.37
2013,75,"Nouvelle-Aquitaine","79","Deux-Sèvres","02B","Matériaux recyclables","02A","Valorisation matière",15291.50498
2013,75,"Nouvelle-Aquitaine","79","Deux-Sèvres","02B","Matériaux recyclables","02B","Incinération avec récupération d'énergie",392.16
2013,75,"Nouvelle-Aquitaine","79","Deux-Sèvres","02B","Matériaux recyclables","02E","Valorisation organique",108.61189
2013,75,"Nouvelle-Aquitaine","79","Deux-Sèvres","02B","Matériaux recyclables","02Z","Non précisé",0.29
2013,75,"Nouvelle-Aquitaine","79","Deux-Sèvres","02C","Déchets verts","02A","Valorisation matière",3545.33
2013,75,"Nouvelle-Aquitaine","79","Deux-Sèvres","02C","Déchets verts","02E","Valorisation organique",37530.29841
2013,75,"Nouvelle-Aquitaine","79","Deux-Sèvres","02D","Encombrants","02A","Valorisation matière",27.75
2013,75,"Nouvelle-Aquitaine","79","Deux-Sèvres","02D","Encombrants","02D","Stockage",15298.97351
2013,75,"Nouvelle-Aquitaine","79","Deux-Sèvres","02D","Encombrants","02E","Valorisation organique",1636.1
2013,75,"Nouvelle-Aquitaine","79","Deux-Sèvres","02E","Déblais et gravats","02A","Valorisation matière",5728.47
2013,75,"Nouvelle-Aquitaine","79","Deux-Sèvres","02E","Déblais et gravats","02F","Stockage pour inertes",17540.02
2013,75,"Nouvelle-Aquitaine","79","Deux-Sèvres","02F","DEEE","02A","Valorisation matière",2317.32732
2013,75,"Nouvelle-Aquitaine","79","Deux-Sèvres","02Z","Autres déchets","02A","Valorisation matière",41.37
2013,75,"Nouvelle-Aquitaine","79","Deux-Sèvres","02Z","Autres déchets","02B","Incinération avec récupération d'énergie",0.0994
2013,75,"Nouvelle-Aquitaine","86","Vienne","02A","Déchets dangereux","02A","Valorisation matière",109.63
2013,75,"Nouvelle-Aquitaine","86","Vienne","02A","Déchets dangereux","02B","Incinération avec récupération d'énergie",266.58
2013,75,"Nouvelle-Aquitaine","86","Vienne","02A","Déchets dangereux","02C","Incinération sans récupération d'énergie",1.03
2013,75,"Nouvelle-Aquitaine","86","Vienne","02A","Déchets dangereux","02D","Stockage",15.3
2013,75,"Nouvelle-Aquitaine","86","Vienne","02A","Déchets dangereux","02Z","Non précisé",314.54
2013,75,"Nouvelle-Aquitaine","86","Vienne","02B","Matériaux recyclables","02A","Valorisation matière",13016.8
2013,75,"Nouvelle-Aquitaine","86","Vienne","02B","Matériaux recyclables","02B","Incinération avec récupération d'énergie",651.59
2013,75,"Nouvelle-Aquitaine","86","Vienne","02B","Matériaux recyclables","02E","Valorisation organique",241
2013,75,"Nouvelle-Aquitaine","86","Vienne","02B","Matériaux recyclables","02Z","Non précisé",2.42
2013,75,"Nouvelle-Aquitaine","86","Vienne","02C","Déchets verts","02A","Valorisation matière",13020.65
2013,75,"Nouvelle-Aquitaine","86","Vienne","02C","Déchets verts","02E","Valorisation organique",30913.4
2013,75,"Nouvelle-Aquitaine","86","Vienne","02D","Encombrants","02A","Valorisation matière",47.64
2013,75,"Nouvelle-Aquitaine","86","Vienne","02D","Encombrants","02B","Incinération avec récupération d'énergie",2771.82
2013,75,"Nouvelle-Aquitaine","86","Vienne","02D","Encombrants","02D","Stockage",25684.24
2013,75,"Nouvelle-Aquitaine","86","Vienne","02E","Déblais et gravats","02A","Valorisation matière",6891.18
2013,75,"Nouvelle-Aquitaine","86","Vienne","02E","Déblais et gravats","02D","Stockage",3388.97
2013,75,"Nouvelle-Aquitaine","86","Vienne","02E","Déblais et gravats","02F","Stockage pour inertes",13938.81
2013,75,"Nouvelle-Aquitaine","86","Vienne","02F","DEEE","02A","Valorisation matière",2159.51
2013,75,"Nouvelle-Aquitaine","86","Vienne","02Z","Autres déchets","02A","Valorisation matière",3.45
2013,75,"Nouvelle-Aquitaine","86","Vienne","02Z","Autres déchets","02Z","Non précisé",9.42
2013,75,"Nouvelle-Aquitaine","87","Haute-Vienne","02A","Déchets dangereux","02A","Valorisation matière",131.374
2013,75,"Nouvelle-Aquitaine","87","Haute-Vienne","02A","Déchets dangereux","02Z","Non précisé",229.41201
2013,75,"Nouvelle-Aquitaine","87","Haute-Vienne","02B","Matériaux recyclables","02A","Valorisation matière",7320.49999
2013,75,"Nouvelle-Aquitaine","87","Haute-Vienne","02B","Matériaux recyclables","02E","Valorisation organique",2497.21
2013,75,"Nouvelle-Aquitaine","87","Haute-Vienne","02C","Déchets verts","02A","Valorisation matière",5294.66
2013,75,"Nouvelle-Aquitaine","87","Haute-Vienne","02C","Déchets verts","02E","Valorisation organique",21533.14
2013,75,"Nouvelle-Aquitaine","87","Haute-Vienne","02D","Encombrants","02D","Stockage",16947.35
2013,75,"Nouvelle-Aquitaine","87","Haute-Vienne","02E","Déblais et gravats","02D","Stockage",1022
2013,75,"Nouvelle-Aquitaine","87","Haute-Vienne","02E","Déblais et gravats","02F","Stockage pour inertes",10597.17
2013,75,"Nouvelle-Aquitaine","87","Haute-Vienne","02F","DEEE","02A","Valorisation matière",2071.312
2013,75,"Nouvelle-Aquitaine","87","Haute-Vienne","02Z","Autres déchets","02A","Valorisation matière",3
2013,75,"Nouvelle-Aquitaine","87","Haute-Vienne","02Z","Autres déchets","02B","Incinération avec récupération d'énergie",6.66
2013,76,"Occitanie","09","Ariège","02A","Déchets dangereux","02A","Valorisation matière",252.77
2013,76,"Occitanie","09","Ariège","02A","Déchets dangereux","02B","Incinération avec récupération d'énergie",1.015
2013,76,"Occitanie","09","Ariège","02A","Déchets dangereux","02Z","Non précisé",14.015
2013,76,"Occitanie","09","Ariège","02B","Matériaux recyclables","02A","Valorisation matière",3215.951
2013,76,"Occitanie","09","Ariège","02B","Matériaux recyclables","02B","Incinération avec récupération d'énergie",1806
2013,76,"Occitanie","09","Ariège","02B","Matériaux recyclables","02E","Valorisation organique",1535.95
2013,76,"Occitanie","09","Ariège","02B","Matériaux recyclables","02Z","Non précisé",227
2013,76,"Occitanie","09","Ariège","02C","Déchets verts","02E","Valorisation organique",12711.15
2013,76,"Occitanie","09","Ariège","02D","Encombrants","02A","Valorisation matière",259.2
2013,76,"Occitanie","09","Ariège","02D","Encombrants","02D","Stockage",7488.04
2013,76,"Occitanie","09","Ariège","02D","Encombrants","02Z","Non précisé",6
2013,76,"Occitanie","09","Ariège","02E","Déblais et gravats","02A","Valorisation matière",267
2013,76,"Occitanie","09","Ariège","02E","Déblais et gravats","02F","Stockage pour inertes",7143.361
2013,76,"Occitanie","09","Ariège","02E","Déblais et gravats","02Z","Non précisé",243
2013,76,"Occitanie","09","Ariège","02F","DEEE","02A","Valorisation matière",1007.69
2013,76,"Occitanie","09","Ariège","02F","DEEE","02Z","Non précisé",190
2013,76,"Occitanie","09","Ariège","02Z","Autres déchets","02A","Valorisation matière",603.34
2013,76,"Occitanie","09","Ariège","02Z","Autres déchets","02Z","Non précisé",0.001
2013,76,"Occitanie","11","Aude","02A","Déchets dangereux","02A","Valorisation matière",10.80468
2013,76,"Occitanie","11","Aude","02A","Déchets dangereux","02Z","Non précisé",32.307
2013,76,"Occitanie","11","Aude","02B","Matériaux recyclables","02A","Valorisation matière",13723.31482
2013,76,"Occitanie","11","Aude","02B","Matériaux recyclables","02D","Stockage",59.68655
2013,76,"Occitanie","11","Aude","02B","Matériaux recyclables","02E","Valorisation organique",1060.23751
2013,76,"Occitanie","11","Aude","02B","Matériaux recyclables","02Z","Non précisé",32.019
2013,76,"Occitanie","11","Aude","02C","Déchets verts","02A","Valorisation matière",1854.4
2013,76,"Occitanie","11","Aude","02C","Déchets verts","02E","Valorisation organique",18958.72412
2013,76,"Occitanie","11","Aude","02D","Encombrants","02A","Valorisation matière",1802.01
2013,76,"Occitanie","11","Aude","02D","Encombrants","02B","Incinération avec récupération d'énergie",2477.96
2013,76,"Occitanie","11","Aude","02D","Encombrants","02D","Stockage",21182.3657
2013,76,"Occitanie","11","Aude","02D","Encombrants","02F","Stockage pour inertes",60
2013,76,"Occitanie","11","Aude","02D","Encombrants","02Z","Non précisé",6
2013,76,"Occitanie","11","Aude","02E","Déblais et gravats","02A","Valorisation matière",10387.46
2013,76,"Occitanie","11","Aude","02E","Déblais et gravats","02F","Stockage pour inertes",3111.20493
2013,76,"Occitanie","11","Aude","02E","Déblais et gravats","02Z","Non précisé",10625.37965
2013,76,"Occitanie","11","Aude","02F","DEEE","02A","Valorisation matière",628.53341
2013,76,"Occitanie","11","Aude","02F","DEEE","02Z","Non précisé",646.14419
2013,76,"Occitanie","11","Aude","02Z","Autres déchets","02A","Valorisation matière",0.00859
2013,76,"Occitanie","11","Aude","02Z","Autres déchets","02Z","Non précisé",170.473
2013,76,"Occitanie","12","Aveyron","02A","Déchets dangereux","02A","Valorisation matière",328.785
2013,76,"Occitanie","12","Aveyron","02A","Déchets dangereux","02B","Incinération avec récupération d'énergie",48.919
2013,76,"Occitanie","12","Aveyron","02A","Déchets dangereux","02C","Incinération sans récupération d'énergie",0.3
2013,76,"Occitanie","12","Aveyron","02A","Déchets dangereux","02D","Stockage",1.785
2013,76,"Occitanie","12","Aveyron","02A","Déchets dangereux","02Z","Non précisé",34.53
2013,76,"Occitanie","12","Aveyron","02B","Matériaux recyclables","02A","Valorisation matière",8216.627
2013,76,"Occitanie","12","Aveyron","02B","Matériaux recyclables","02B","Incinération avec récupération d'énergie",1154.58
2013,76,"Occitanie","12","Aveyron","02B","Matériaux recyclables","02E","Valorisation organique",283.8
2013,76,"Occitanie","12","Aveyron","02B","Matériaux recyclables","02Z","Non précisé",272.82
2013,76,"Occitanie","12","Aveyron","02C","Déchets verts","02E","Valorisation organique",12380.82
2013,76,"Occitanie","12","Aveyron","02C","Déchets verts","02Z","Non précisé",16.8
2013,76,"Occitanie","12","Aveyron","02D","Encombrants","02A","Valorisation matière",4744.42
2013,76,"Occitanie","12","Aveyron","02D","Encombrants","02D","Stockage",8119.54001
2013,76,"Occitanie","12","Aveyron","02E","Déblais et gravats","02A","Valorisation matière",2656.51
2013,76,"Occitanie","12","Aveyron","02E","Déblais et gravats","02D","Stockage",682.6
2013,76,"Occitanie","12","Aveyron","02E","Déblais et gravats","02F","Stockage pour inertes",4710.98
2013,76,"Occitanie","12","Aveyron","02E","Déblais et gravats","02Z","Non précisé",437
2013,76,"Occitanie","12","Aveyron","02F","DEEE","02A","Valorisation matière",1819.439
2013,76,"Occitanie","12","Aveyron","02F","DEEE","02Z","Non précisé",33.6
2013,76,"Occitanie","12","Aveyron","02Z","Autres déchets","02A","Valorisation matière",77.712
2013,76,"Occitanie","12","Aveyron","02Z","Autres déchets","02Z","Non précisé",103
2013,76,"Occitanie","30","Gard","02A","Déchets dangereux","02A","Valorisation matière",460.19663
2013,76,"Occitanie","30","Gard","02A","Déchets dangereux","02B","Incinération avec récupération d'énergie",3.64974
2013,76,"Occitanie","30","Gard","02A","Déchets dangereux","02C","Incinération sans récupération d'énergie",135.769
2013,76,"Occitanie","30","Gard","02A","Déchets dangereux","02Z","Non précisé",26.723
2013,76,"Occitanie","30","Gard","02B","Matériaux recyclables","02A","Valorisation matière",30110.23969
2013,76,"Occitanie","30","Gard","02B","Matériaux recyclables","02Z","Non précisé",189
2013,76,"Occitanie","30","Gard","02C","Déchets verts","02A","Valorisation matière",12287.65032
2013,76,"Occitanie","30","Gard","02C","Déchets verts","02E","Valorisation organique",36172.31259
2013,76,"Occitanie","30","Gard","02D","Encombrants","02A","Valorisation matière",36.11951
2013,76,"Occitanie","30","Gard","02D","Encombrants","02B","Incinération avec récupération d'énergie",15417.06746
2013,76,"Occitanie","30","Gard","02D","Encombrants","02D","Stockage",20768.52737
2013,76,"Occitanie","30","Gard","02D","Encombrants","02F","Stockage pour inertes",453
2013,76,"Occitanie","30","Gard","02E","Déblais et gravats","02A","Valorisation matière",57652.84228
2013,76,"Occitanie","30","Gard","02E","Déblais et gravats","02D","Stockage",2965.26896
2013,76,"Occitanie","30","Gard","02E","Déblais et gravats","02F","Stockage pour inertes",16595.96032
2013,76,"Occitanie","30","Gard","02F","DEEE","02A","Valorisation matière",2177.50581
2013,76,"Occitanie","30","Gard","02F","DEEE","02Z","Non précisé",420
2013,76,"Occitanie","30","Gard","02Z","Autres déchets","02A","Valorisation matière",11.418
2013,76,"Occitanie","30","Gard","02Z","Autres déchets","02Z","Non précisé",0.475
2013,76,"Occitanie","31","Haute-Garonne","02A","Déchets dangereux","02A","Valorisation matière",1081.58615
2013,76,"Occitanie","31","Haute-Garonne","02A","Déchets dangereux","02B","Incinération avec récupération d'énergie",9.07867
2013,76,"Occitanie","31","Haute-Garonne","02A","Déchets dangereux","02Z","Non précisé",91.88166
2013,76,"Occitanie","31","Haute-Garonne","02B","Matériaux recyclables","02A","Valorisation matière",22226.60113
2013,76,"Occitanie","31","Haute-Garonne","02B","Matériaux recyclables","02D","Stockage",66.43341
2013,76,"Occitanie","31","Haute-Garonne","02B","Matériaux recyclables","02E","Valorisation organique",3379.39282
2013,76,"Occitanie","31","Haute-Garonne","02B","Matériaux recyclables","02Z","Non précisé",7
2013,76,"Occitanie","31","Haute-Garonne","02C","Déchets verts","02A","Valorisation matière",1382
2013,76,"Occitanie","31","Haute-Garonne","02C","Déchets verts","02E","Valorisation organique",48628.66739
2013,76,"Occitanie","31","Haute-Garonne","02D","Encombrants","02A","Valorisation matière",13948.39765
2013,76,"Occitanie","31","Haute-Garonne","02D","Encombrants","02B","Incinération avec récupération d'énergie",5440.58578
2013,76,"Occitanie","31","Haute-Garonne","02D","Encombrants","02D","Stockage",16784.42279
2013,76,"Occitanie","31","Haute-Garonne","02E","Déblais et gravats","02A","Valorisation matière",29256.3125
2013,76,"Occitanie","31","Haute-Garonne","02E","Déblais et gravats","02D","Stockage",1422.83357
2013,76,"Occitanie","31","Haute-Garonne","02E","Déblais et gravats","02F","Stockage pour inertes",10875.36133
2013,76,"Occitanie","31","Haute-Garonne","02E","Déblais et gravats","02Z","Non précisé",354
2013,76,"Occitanie","31","Haute-Garonne","02F","DEEE","02A","Valorisation matière",3201.94438
2013,76,"Occitanie","31","Haute-Garonne","02Z","Autres déchets","02A","Valorisation matière",2030.74116
2013,76,"Occitanie","32","Gers","02A","Déchets dangereux","02A","Valorisation matière",225.39988
2013,76,"Occitanie","32","Gers","02A","Déchets dangereux","02Z","Non précisé",5.951
2013,76,"Occitanie","32","Gers","02B","Matériaux recyclables","02A","Valorisation matière",7130.55636
2013,76,"Occitanie","32","Gers","02B","Matériaux recyclables","02Z","Non précisé",44.75738
2013,76,"Occitanie","32","Gers","02C","Déchets verts","02E","Valorisation organique",11071.42312
2013,76,"Occitanie","32","Gers","02D","Encombrants","02D","Stockage",9676.70865
2013,76,"Occitanie","32","Gers","02E","Déblais et gravats","02F","Stockage pour inertes",8795.92053
2013,76,"Occitanie","32","Gers","02E","Déblais et gravats","02Z","Non précisé",5334
2013,76,"Occitanie","32","Gers","02F","DEEE","02A","Valorisation matière",1651.37108
2013,76,"Occitanie","32","Gers","02Z","Autres déchets","02A","Valorisation matière",9.83801
2013,76,"Occitanie","34","Hérault","02A","Déchets dangereux","02A","Valorisation matière",939.78962
2013,76,"Occitanie","34","Hérault","02A","Déchets dangereux","02B","Incinération avec récupération d'énergie",1
2013,76,"Occitanie","34","Hérault","02A","Déchets dangereux","02C","Incinération sans récupération d'énergie",11
2013,76,"Occitanie","34","Hérault","02A","Déchets dangereux","02Z","Non précisé",2
2013,76,"Occitanie","34","Hérault","02B","Matériaux recyclables","02A","Valorisation matière",34545.44599
2013,76,"Occitanie","34","Hérault","02B","Matériaux recyclables","02D","Stockage",12.18073
2013,76,"Occitanie","34","Hérault","02B","Matériaux recyclables","02E","Valorisation organique",13406.10191
2013,76,"Occitanie","34","Hérault","02C","Déchets verts","02A","Valorisation matière",953
2013,76,"Occitanie","34","Hérault","02C","Déchets verts","02E","Valorisation organique",72201.29216
2013,76,"Occitanie","34","Hérault","02D","Encombrants","02A","Valorisation matière",38.99649
2013,76,"Occitanie","34","Hérault","02D","Encombrants","02B","Incinération avec récupération d'énergie",12938.06675
2013,76,"Occitanie","34","Hérault","02D","Encombrants","02D","Stockage",64374.52782
2013,76,"Occitanie","34","Hérault","02E","Déblais et gravats","02A","Valorisation matière",59273.019
2013,76,"Occitanie","34","Hérault","02E","Déblais et gravats","02D","Stockage",4705
2013,76,"Occitanie","34","Hérault","02E","Déblais et gravats","02F","Stockage pour inertes",39318.4714
2013,76,"Occitanie","34","Hérault","02E","Déblais et gravats","02Z","Non précisé",46.64034
2013,76,"Occitanie","34","Hérault","02F","DEEE","02A","Valorisation matière",3750.56594
2013,76,"Occitanie","34","Hérault","02F","DEEE","02Z","Non précisé",4.14581
2013,76,"Occitanie","34","Hérault","02Z","Autres déchets","02A","Valorisation matière",19.90377
2013,76,"Occitanie","34","Hérault","02Z","Autres déchets","02Z","Non précisé",18
2013,76,"Occitanie","46","Lot","02A","Déchets dangereux","02A","Valorisation matière",426.96789
2013,76,"Occitanie","46","Lot","02A","Déchets dangereux","02B","Incinération avec récupération d'énergie",3.48279
2013,76,"Occitanie","46","Lot","02A","Déchets dangereux","02Z","Non précisé",0.02741
2013,76,"Occitanie","46","Lot","02B","Matériaux recyclables","02A","Valorisation matière",2594.72417
2013,76,"Occitanie","46","Lot","02B","Matériaux recyclables","02E","Valorisation organique",2029.45001
2013,76,"Occitanie","46","Lot","02C","Déchets verts","02E","Valorisation organique",11822.14595
2013,76,"Occitanie","46","Lot","02D","Encombrants","02A","Valorisation matière",302.91096
2013,76,"Occitanie","46","Lot","02D","Encombrants","02D","Stockage",12344.37087
2013,76,"Occitanie","46","Lot","02E","Déblais et gravats","02A","Valorisation matière",55.07882
2013,76,"Occitanie","46","Lot","02E","Déblais et gravats","02F","Stockage pour inertes",13131.02
2013,76,"Occitanie","46","Lot","02F","DEEE","02A","Valorisation matière",1778.14337
2013,76,"Occitanie","46","Lot","02Z","Autres déchets","02A","Valorisation matière",29.94446
2013,76,"Occitanie","48","Lozère","02A","Déchets dangereux","02A","Valorisation matière",0.44993
2013,76,"Occitanie","48","Lozère","02A","Déchets dangereux","02Z","Non précisé",175.00301
2013,76,"Occitanie","48","Lozère","02B","Matériaux recyclables","02A","Valorisation matière",27.3453
2013,76,"Occitanie","48","Lozère","02B","Matériaux recyclables","02Z","Non précisé",4001.64
2013,76,"Occitanie","48","Lozère","02C","Déchets verts","02Z","Non précisé",1431.02001
2013,76,"Occitanie","48","Lozère","02D","Encombrants","02A","Valorisation matière",0.52785
2013,76,"Occitanie","48","Lozère","02D","Encombrants","02D","Stockage",25.56338
2013,76,"Occitanie","48","Lozère","02D","Encombrants","02Z","Non précisé",4959.23999
2013,76,"Occitanie","48","Lozère","02E","Déblais et gravats","02D","Stockage",112.51103
2013,76,"Occitanie","48","Lozère","02F","DEEE","02Z","Non précisé",665.57199
2013,76,"Occitanie","48","Lozère","02Z","Autres déchets","02Z","Non précisé",5.53699
2013,76,"Occitanie","65","Hautes-Pyrénées","02A","Déchets dangereux","02A","Valorisation matière",341.64107
2013,76,"Occitanie","65","Hautes-Pyrénées","02A","Déchets dangereux","02B","Incinération avec récupération d'énergie",4.24033
2013,76,"Occitanie","65","Hautes-Pyrénées","02A","Déchets dangereux","02C","Incinération sans récupération d'énergie",1.13563
2013,76,"Occitanie","65","Hautes-Pyrénées","02A","Déchets dangereux","02D","Stockage",31.29336
2013,76,"Occitanie","65","Hautes-Pyrénées","02B","Matériaux recyclables","02A","Valorisation matière",4921.93896
2013,76,"Occitanie","65","Hautes-Pyrénées","02B","Matériaux recyclables","02B","Incinération avec récupération d'énergie",144
2013,76,"Occitanie","65","Hautes-Pyrénées","02B","Matériaux recyclables","02E","Valorisation organique",329.42856
2013,76,"Occitanie","65","Hautes-Pyrénées","02C","Déchets verts","02A","Valorisation matière",291
2013,76,"Occitanie","65","Hautes-Pyrénées","02C","Déchets verts","02E","Valorisation organique",13368.25179
2013,76,"Occitanie","65","Hautes-Pyrénées","02D","Encombrants","02A","Valorisation matière",1.2
2013,76,"Occitanie","65","Hautes-Pyrénées","02D","Encombrants","02B","Incinération avec récupération d'énergie",9.22913
2013,76,"Occitanie","65","Hautes-Pyrénées","02D","Encombrants","02D","Stockage",10792.29593
2013,76,"Occitanie","65","Hautes-Pyrénées","02E","Déblais et gravats","02A","Valorisation matière",122.38365
2013,76,"Occitanie","65","Hautes-Pyrénées","02E","Déblais et gravats","02D","Stockage",154.47465
2013,76,"Occitanie","65","Hautes-Pyrénées","02E","Déblais et gravats","02F","Stockage pour inertes",15992.26244
2013,76,"Occitanie","65","Hautes-Pyrénées","02F","DEEE","02A","Valorisation matière",854.24729
2013,76,"Occitanie","65","Hautes-Pyrénées","02Z","Autres déchets","02A","Valorisation matière",1077.04764
2013,76,"Occitanie","65","Hautes-Pyrénées","02Z","Autres déchets","02Z","Non précisé",2.19
2013,76,"Occitanie","66","Pyrénées-Orientales","02A","Déchets dangereux","02A","Valorisation matière",38.28901
2013,76,"Occitanie","66","Pyrénées-Orientales","02A","Déchets dangereux","02Z","Non précisé",174.037
2013,76,"Occitanie","66","Pyrénées-Orientales","02B","Matériaux recyclables","02A","Valorisation matière",12984.56998
2013,76,"Occitanie","66","Pyrénées-Orientales","02B","Matériaux recyclables","02D","Stockage",581.2
2013,76,"Occitanie","66","Pyrénées-Orientales","02B","Matériaux recyclables","02E","Valorisation organique",1724.39
2013,76,"Occitanie","66","Pyrénées-Orientales","02B","Matériaux recyclables","02Z","Non précisé",502.38
2013,76,"Occitanie","66","Pyrénées-Orientales","02C","Déchets verts","02E","Valorisation organique",32999.81
2013,76,"Occitanie","66","Pyrénées-Orientales","02D","Encombrants","02A","Valorisation matière",243.272
2013,76,"Occitanie","66","Pyrénées-Orientales","02D","Encombrants","02B","Incinération avec récupération d'énergie",7216.36
2013,76,"Occitanie","66","Pyrénées-Orientales","02D","Encombrants","02D","Stockage",26411.18
2013,76,"Occitanie","66","Pyrénées-Orientales","02D","Encombrants","02Z","Non précisé",795.3
2013,76,"Occitanie","66","Pyrénées-Orientales","02E","Déblais et gravats","02A","Valorisation matière",25230.45
2013,76,"Occitanie","66","Pyrénées-Orientales","02E","Déblais et gravats","02D","Stockage",2189.47
2013,76,"Occitanie","66","Pyrénées-Orientales","02E","Déblais et gravats","02Z","Non précisé",8236.47001
2013,76,"Occitanie","66","Pyrénées-Orientales","02F","DEEE","02A","Valorisation matière",1169.29099
2013,76,"Occitanie","66","Pyrénées-Orientales","02F","DEEE","02Z","Non précisé",225.03
2013,76,"Occitanie","66","Pyrénées-Orientales","02Z","Autres déchets","02A","Valorisation matière",25.47
2013,76,"Occitanie","81","Tarn","02A","Déchets dangereux","02A","Valorisation matière",702.78556
2013,76,"Occitanie","81","Tarn","02A","Déchets dangereux","02B","Incinération avec récupération d'énergie",0.29076
2013,76,"Occitanie","81","Tarn","02A","Déchets dangereux","02Z","Non précisé",0.94934
2013,76,"Occitanie","81","Tarn","02B","Matériaux recyclables","02A","Valorisation matière",9966.77273
2013,76,"Occitanie","81","Tarn","02B","Matériaux recyclables","02D","Stockage",810.7793
2013,76,"Occitanie","81","Tarn","02B","Matériaux recyclables","02E","Valorisation organique",3334.90599
2013,76,"Occitanie","81","Tarn","02C","Déchets verts","02E","Valorisation organique",20501.23961
2013,76,"Occitanie","81","Tarn","02D","Encombrants","02A","Valorisation matière",13.26235
2013,76,"Occitanie","81","Tarn","02D","Encombrants","02B","Incinération avec récupération d'énergie",68.12002
2013,76,"Occitanie","81","Tarn","02D","Encombrants","02D","Stockage",17624.01846
2013,76,"Occitanie","81","Tarn","02E","Déblais et gravats","02A","Valorisation matière",2203.07666
2013,76,"Occitanie","81","Tarn","02E","Déblais et gravats","02D","Stockage",1707.27753
2013,76,"Occitanie","81","Tarn","02E","Déblais et gravats","02F","Stockage pour inertes",19340.32272
2013,76,"Occitanie","81","Tarn","02F","DEEE","02A","Valorisation matière",3091.25176
2013,76,"Occitanie","81","Tarn","02Z","Autres déchets","02A","Valorisation matière",14.17643
2013,76,"Occitanie","81","Tarn","02Z","Autres déchets","02C","Incinération sans récupération d'énergie",2.526
2013,76,"Occitanie","82","Tarn-et-Garonne","02A","Déchets dangereux","02A","Valorisation matière",395.0887
2013,76,"Occitanie","82","Tarn-et-Garonne","02A","Déchets dangereux","02B","Incinération avec récupération d'énergie",23.11324
2013,76,"Occitanie","82","Tarn-et-Garonne","02A","Déchets dangereux","02Z","Non précisé",5.59
2013,76,"Occitanie","82","Tarn-et-Garonne","02B","Matériaux recyclables","02A","Valorisation matière",3389.16673
2013,76,"Occitanie","82","Tarn-et-Garonne","02B","Matériaux recyclables","02B","Incinération avec récupération d'énergie",81
2013,76,"Occitanie","82","Tarn-et-Garonne","02B","Matériaux recyclables","02D","Stockage",387
2013,76,"Occitanie","82","Tarn-et-Garonne","02B","Matériaux recyclables","02E","Valorisation organique",223.16
2013,76,"Occitanie","82","Tarn-et-Garonne","02C","Déchets verts","02E","Valorisation organique",11649.84053
2013,76,"Occitanie","82","Tarn-et-Garonne","02D","Encombrants","02A","Valorisation matière",384.83
2013,76,"Occitanie","82","Tarn-et-Garonne","02D","Encombrants","02D","Stockage",11662.3903
2013,76,"Occitanie","82","Tarn-et-Garonne","02E","Déblais et gravats","02A","Valorisation matière",1449
2013,76,"Occitanie","82","Tarn-et-Garonne","02E","Déblais et gravats","02D","Stockage",1340
2013,76,"Occitanie","82","Tarn-et-Garonne","02E","Déblais et gravats","02F","Stockage pour inertes",7221.1396
2013,76,"Occitanie","82","Tarn-et-Garonne","02F","DEEE","02A","Valorisation matière",1227.34626
2013,76,"Occitanie","82","Tarn-et-Garonne","02Z","Autres déchets","02A","Valorisation matière",10.21779
2013,76,"Occitanie","82","Tarn-et-Garonne","02Z","Autres déchets","02C","Incinération sans récupération d'énergie",0.53
2013,93,"PACA","04","Alpes-de-Haute-Provence","02A","Déchets dangereux","02A","Valorisation matière",11.70901
2013,93,"PACA","04","Alpes-de-Haute-Provence","02A","Déchets dangereux","02B","Incinération avec récupération d'énergie",26.80713
2013,93,"PACA","04","Alpes-de-Haute-Provence","02A","Déchets dangereux","02C","Incinération sans récupération d'énergie",165.4553
2013,93,"PACA","04","Alpes-de-Haute-Provence","02A","Déchets dangereux","02D","Stockage",55.4
2013,93,"PACA","04","Alpes-de-Haute-Provence","02A","Déchets dangereux","02Z","Non précisé",25.7316
2013,93,"PACA","04","Alpes-de-Haute-Provence","02B","Matériaux recyclables","02A","Valorisation matière",7148.25674
2013,93,"PACA","04","Alpes-de-Haute-Provence","02C","Déchets verts","02A","Valorisation matière",1249.5167
2013,93,"PACA","04","Alpes-de-Haute-Provence","02C","Déchets verts","02E","Valorisation organique",9437.89336
2013,93,"PACA","04","Alpes-de-Haute-Provence","02D","Encombrants","02A","Valorisation matière",467.42456
2013,93,"PACA","04","Alpes-de-Haute-Provence","02D","Encombrants","02B","Incinération avec récupération d'énergie",26.0132
2013,93,"PACA","04","Alpes-de-Haute-Provence","02D","Encombrants","02D","Stockage",8826.60618
2013,93,"PACA","04","Alpes-de-Haute-Provence","02D","Encombrants","02Z","Non précisé",0.5599
2013,93,"PACA","04","Alpes-de-Haute-Provence","02E","Déblais et gravats","02A","Valorisation matière",1582
2013,93,"PACA","04","Alpes-de-Haute-Provence","02E","Déblais et gravats","02D","Stockage",1265.5496
2013,93,"PACA","04","Alpes-de-Haute-Provence","02E","Déblais et gravats","02F","Stockage pour inertes",12958.32276
2013,93,"PACA","04","Alpes-de-Haute-Provence","02F","DEEE","02A","Valorisation matière",540.77527
2013,93,"PACA","04","Alpes-de-Haute-Provence","02F","DEEE","02Z","Non précisé",13.5
2013,93,"PACA","04","Alpes-de-Haute-Provence","02Z","Autres déchets","02Z","Non précisé",0.7
2013,93,"PACA","05","Hautes-Alpes","02A","Déchets dangereux","02A","Valorisation matière",137.92952
2013,93,"PACA","05","Hautes-Alpes","02A","Déchets dangereux","02B","Incinération avec récupération d'énergie",75.69287
2013,93,"PACA","05","Hautes-Alpes","02A","Déchets dangereux","02C","Incinération sans récupération d'énergie",83.28602
2013,93,"PACA","05","Hautes-Alpes","02A","Déchets dangereux","02D","Stockage",2.8
2013,93,"PACA","05","Hautes-Alpes","02A","Déchets dangereux","02Z","Non précisé",5.29059
2013,93,"PACA","05","Hautes-Alpes","02B","Matériaux recyclables","02A","Valorisation matière",9957.29043
2013,93,"PACA","05","Hautes-Alpes","02B","Matériaux recyclables","02E","Valorisation organique",464.96
2013,93,"PACA","05","Hautes-Alpes","02B","Matériaux recyclables","02Z","Non précisé",302
2013,93,"PACA","05","Hautes-Alpes","02C","Déchets verts","02A","Valorisation matière",3750.0734
2013,93,"PACA","05","Hautes-Alpes","02C","Déchets verts","02E","Valorisation organique",3448.73668
2013,93,"PACA","05","Hautes-Alpes","02C","Déchets verts","02Z","Non précisé",339
2013,93,"PACA","05","Hautes-Alpes","02D","Encombrants","02A","Valorisation matière",959.02568
2013,93,"PACA","05","Hautes-Alpes","02D","Encombrants","02B","Incinération avec récupération d'énergie",4.4196
2013,93,"PACA","05","Hautes-Alpes","02D","Encombrants","02D","Stockage",7900.04415
2013,93,"PACA","05","Hautes-Alpes","02E","Déblais et gravats","02A","Valorisation matière",1850.25
2013,93,"PACA","05","Hautes-Alpes","02E","Déblais et gravats","02D","Stockage",332
2013,93,"PACA","05","Hautes-Alpes","02E","Déblais et gravats","02F","Stockage pour inertes",7129.60405
2013,93,"PACA","05","Hautes-Alpes","02F","DEEE","02A","Valorisation matière",1433.34807
2013,93,"PACA","05","Hautes-Alpes","02Z","Autres déchets","02A","Valorisation matière",22.23
2013,93,"PACA","05","Hautes-Alpes","02Z","Autres déchets","02Z","Non précisé",2.268
2013,93,"PACA","06","Alpes-Maritimes","02A","Déchets dangereux","02A","Valorisation matière",328.28
2013,93,"PACA","06","Alpes-Maritimes","02A","Déchets dangereux","02B","Incinération avec récupération d'énergie",21.87
2013,93,"PACA","06","Alpes-Maritimes","02A","Déchets dangereux","02C","Incinération sans récupération d'énergie",576.44
2013,93,"PACA","06","Alpes-Maritimes","02A","Déchets dangereux","02Z","Non précisé",108.74531
2013,93,"PACA","06","Alpes-Maritimes","02B","Matériaux recyclables","02A","Valorisation matière",29750.31795
2013,93,"PACA","06","Alpes-Maritimes","02B","Matériaux recyclables","02Z","Non précisé",49
2013,93,"PACA","06","Alpes-Maritimes","02C","Déchets verts","02E","Valorisation organique",65801.86
2013,93,"PACA","06","Alpes-Maritimes","02D","Encombrants","02A","Valorisation matière",5381.27697
2013,93,"PACA","06","Alpes-Maritimes","02D","Encombrants","02B","Incinération avec récupération d'énergie",31240.8
2013,93,"PACA","06","Alpes-Maritimes","02D","Encombrants","02D","Stockage",17355.39506
2013,93,"PACA","06","Alpes-Maritimes","02E","Déblais et gravats","02A","Valorisation matière",19223.4
2013,93,"PACA","06","Alpes-Maritimes","02E","Déblais et gravats","02D","Stockage",280.9704
2013,93,"PACA","06","Alpes-Maritimes","02E","Déblais et gravats","02F","Stockage pour inertes",54307.33552
2013,93,"PACA","06","Alpes-Maritimes","02F","DEEE","02A","Valorisation matière",2568.43053
2013,93,"PACA","06","Alpes-Maritimes","02F","DEEE","02Z","Non précisé",131
2013,93,"PACA","06","Alpes-Maritimes","02Z","Autres déchets","02A","Valorisation matière",325.67
2013,93,"PACA","06","Alpes-Maritimes","02Z","Autres déchets","02B","Incinération avec récupération d'énergie",2.65
2013,93,"PACA","13","Bouches-du-Rhône","02A","Déchets dangereux","02A","Valorisation matière",191.50869
2013,93,"PACA","13","Bouches-du-Rhône","02A","Déchets dangereux","02B","Incinération avec récupération d'énergie",369.61432
2013,93,"PACA","13","Bouches-du-Rhône","02A","Déchets dangereux","02C","Incinération sans récupération d'énergie",1090.62001
2013,93,"PACA","13","Bouches-du-Rhône","02A","Déchets dangereux","02D","Stockage",75.90208
2013,93,"PACA","13","Bouches-du-Rhône","02A","Déchets dangereux","02Z","Non précisé",90.79019
2013,93,"PACA","13","Bouches-du-Rhône","02B","Matériaux recyclables","02A","Valorisation matière",55877.84875
2013,93,"PACA","13","Bouches-du-Rhône","02C","Déchets verts","02D","Stockage",7.62
2013,93,"PACA","13","Bouches-du-Rhône","02C","Déchets verts","02E","Valorisation organique",97050.69719
2013,93,"PACA","13","Bouches-du-Rhône","02D","Encombrants","02A","Valorisation matière",42906.64284
2013,93,"PACA","13","Bouches-du-Rhône","02D","Encombrants","02D","Stockage",69297.72736
2013,93,"PACA","13","Bouches-du-Rhône","02E","Déblais et gravats","02A","Valorisation matière",156908.5588
2013,93,"PACA","13","Bouches-du-Rhône","02E","Déblais et gravats","02D","Stockage",4152.8
2013,93,"PACA","13","Bouches-du-Rhône","02E","Déblais et gravats","02F","Stockage pour inertes",30236.99201
2013,93,"PACA","13","Bouches-du-Rhône","02F","DEEE","02A","Valorisation matière",4123.75482
2013,93,"PACA","13","Bouches-du-Rhône","02F","DEEE","02Z","Non précisé",403
2013,93,"PACA","13","Bouches-du-Rhône","02Z","Autres déchets","02A","Valorisation matière",22.65714
2013,93,"PACA","13","Bouches-du-Rhône","02Z","Autres déchets","02C","Incinération sans récupération d'énergie",0.22
2013,93,"PACA","83","Var","02A","Déchets dangereux","02A","Valorisation matière",55.79
2013,93,"PACA","83","Var","02A","Déchets dangereux","02B","Incinération avec récupération d'énergie",30.1
2013,93,"PACA","83","Var","02A","Déchets dangereux","02C","Incinération sans récupération d'énergie",756.71
2013,93,"PACA","83","Var","02A","Déchets dangereux","02Z","Non précisé",164.46181
2013,93,"PACA","83","Var","02B","Matériaux recyclables","02A","Valorisation matière",27431.1932
2013,93,"PACA","83","Var","02B","Matériaux recyclables","02E","Valorisation organique",305.6
2013,93,"PACA","83","Var","02C","Déchets verts","02E","Valorisation organique",65928.79648
2013,93,"PACA","83","Var","02D","Encombrants","02A","Valorisation matière",8439.56585
2013,93,"PACA","83","Var","02D","Encombrants","02B","Incinération avec récupération d'énergie",18752.00001
2013,93,"PACA","83","Var","02D","Encombrants","02D","Stockage",72925.65643
2013,93,"PACA","83","Var","02E","Déblais et gravats","02A","Valorisation matière",6071.40911
2013,93,"PACA","83","Var","02E","Déblais et gravats","02D","Stockage",37468.6
2013,93,"PACA","83","Var","02E","Déblais et gravats","02F","Stockage pour inertes",18615.18799
2013,93,"PACA","83","Var","02F","DEEE","02A","Valorisation matière",3473.98639
2013,93,"PACA","84","Vaucluse","02A","Déchets dangereux","02A","Valorisation matière",78.75655
2013,93,"PACA","84","Vaucluse","02A","Déchets dangereux","02B","Incinération avec récupération d'énergie",21.86876
2013,93,"PACA","84","Vaucluse","02A","Déchets dangereux","02C","Incinération sans récupération d'énergie",292.96602
2013,93,"PACA","84","Vaucluse","02A","Déchets dangereux","02D","Stockage",1.80493
2013,93,"PACA","84","Vaucluse","02A","Déchets dangereux","02Z","Non précisé",7.65104
2013,93,"PACA","84","Vaucluse","02B","Matériaux recyclables","02A","Valorisation matière",20089.26597
2013,93,"PACA","84","Vaucluse","02B","Matériaux recyclables","02E","Valorisation organique",453.72
2013,93,"PACA","84","Vaucluse","02C","Déchets verts","02A","Valorisation matière",4549.65
2013,93,"PACA","84","Vaucluse","02C","Déchets verts","02E","Valorisation organique",24284.07616
2013,93,"PACA","84","Vaucluse","02D","Encombrants","02A","Valorisation matière",52.16606
2013,93,"PACA","84","Vaucluse","02D","Encombrants","02B","Incinération avec récupération d'énergie",913.8
2013,93,"PACA","84","Vaucluse","02D","Encombrants","02D","Stockage",30556.74844
2013,93,"PACA","84","Vaucluse","02D","Encombrants","02Z","Non précisé",20.36716
2013,93,"PACA","84","Vaucluse","02E","Déblais et gravats","02A","Valorisation matière",21277.42167
2013,93,"PACA","84","Vaucluse","02E","Déblais et gravats","02D","Stockage",2605
2013,93,"PACA","84","Vaucluse","02E","Déblais et gravats","02F","Stockage pour inertes",24312.24211
2013,93,"PACA","84","Vaucluse","02F","DEEE","02A","Valorisation matière",2319.71201
2013,93,"PACA","84","Vaucluse","02F","DEEE","02Z","Non précisé",144.4
2013,93,"PACA","84","Vaucluse","02Z","Autres déchets","02A","Valorisation matière",781.78596
2013,93,"PACA","84","Vaucluse","02Z","Autres déchets","02C","Incinération sans récupération d'énergie",2.217
2013,93,"PACA","84","Vaucluse","02Z","Autres déchets","02D","Stockage",273
2013,52,"Pays de la Loire","44","Loire-Atlantique","02A","Déchets dangereux","02A","Valorisation matière",1634.26475
2013,52,"Pays de la Loire","44","Loire-Atlantique","02A","Déchets dangereux","02B","Incinération avec récupération d'énergie",36.94439
2013,52,"Pays de la Loire","44","Loire-Atlantique","02A","Déchets dangereux","02C","Incinération sans récupération d'énergie",90.5083
2013,52,"Pays de la Loire","44","Loire-Atlantique","02A","Déchets dangereux","02D","Stockage",829.608
2013,52,"Pays de la Loire","44","Loire-Atlantique","02A","Déchets dangereux","02Z","Non précisé",92.59332
2013,52,"Pays de la Loire","44","Loire-Atlantique","02B","Matériaux recyclables","02A","Valorisation matière",45913.40304
2013,52,"Pays de la Loire","44","Loire-Atlantique","02B","Matériaux recyclables","02B","Incinération avec récupération d'énergie",748.22
2013,52,"Pays de la Loire","44","Loire-Atlantique","02B","Matériaux recyclables","02E","Valorisation organique",2121
2013,52,"Pays de la Loire","44","Loire-Atlantique","02B","Matériaux recyclables","02Z","Non précisé",2.8
2013,52,"Pays de la Loire","44","Loire-Atlantique","02C","Déchets verts","02A","Valorisation matière",21353.25592
2013,52,"Pays de la Loire","44","Loire-Atlantique","02C","Déchets verts","02E","Valorisation organique",103143.0425
2013,52,"Pays de la Loire","44","Loire-Atlantique","02C","Déchets verts","02Z","Non précisé",5000
2013,52,"Pays de la Loire","44","Loire-Atlantique","02D","Encombrants","02A","Valorisation matière",3689.61695
2013,52,"Pays de la Loire","44","Loire-Atlantique","02D","Encombrants","02B","Incinération avec récupération d'énergie",32758.76
2013,52,"Pays de la Loire","44","Loire-Atlantique","02D","Encombrants","02D","Stockage",40923.46106
2013,52,"Pays de la Loire","44","Loire-Atlantique","02D","Encombrants","02Z","Non précisé",89.9
2013,52,"Pays de la Loire","44","Loire-Atlantique","02E","Déblais et gravats","02A","Valorisation matière",19467.29286
2013,52,"Pays de la Loire","44","Loire-Atlantique","02E","Déblais et gravats","02D","Stockage",23014.20007
2013,52,"Pays de la Loire","44","Loire-Atlantique","02E","Déblais et gravats","02F","Stockage pour inertes",53982.9299
2013,52,"Pays de la Loire","44","Loire-Atlantique","02F","DEEE","02A","Valorisation matière",4427.65462
2013,52,"Pays de la Loire","44","Loire-Atlantique","02F","DEEE","02Z","Non précisé",769.698
2013,52,"Pays de la Loire","44","Loire-Atlantique","02Z","Autres déchets","02A","Valorisation matière",1834.83078
2013,52,"Pays de la Loire","44","Loire-Atlantique","02Z","Autres déchets","02B","Incinération avec récupération d'énergie",2.614
2013,52,"Pays de la Loire","49","Maine-et-Loire","02A","Déchets dangereux","02A","Valorisation matière",992.65751
2013,52,"Pays de la Loire","49","Maine-et-Loire","02A","Déchets dangereux","02B","Incinération avec récupération d'énergie",50.24125
2013,52,"Pays de la Loire","49","Maine-et-Loire","02A","Déchets dangereux","02C","Incinération sans récupération d'énergie",37.071
2013,52,"Pays de la Loire","49","Maine-et-Loire","02A","Déchets dangereux","02D","Stockage",270.24
2013,52,"Pays de la Loire","49","Maine-et-Loire","02A","Déchets dangereux","02F","Stockage pour inertes",20
2013,52,"Pays de la Loire","49","Maine-et-Loire","02A","Déchets dangereux","02Z","Non précisé",131.375
2013,52,"Pays de la Loire","49","Maine-et-Loire","02B","Matériaux recyclables","02A","Valorisation matière",15684.59061
2013,52,"Pays de la Loire","49","Maine-et-Loire","02B","Matériaux recyclables","02B","Incinération avec récupération d'énergie",330.98
2013,52,"Pays de la Loire","49","Maine-et-Loire","02B","Matériaux recyclables","02E","Valorisation organique",7798.74812
2013,52,"Pays de la Loire","49","Maine-et-Loire","02B","Matériaux recyclables","02Z","Non précisé",706.84
2013,52,"Pays de la Loire","49","Maine-et-Loire","02C","Déchets verts","02A","Valorisation matière",3922.56
2013,52,"Pays de la Loire","49","Maine-et-Loire","02C","Déchets verts","02E","Valorisation organique",70700.0282
2013,52,"Pays de la Loire","49","Maine-et-Loire","02D","Encombrants","02A","Valorisation matière",1983.717
2013,52,"Pays de la Loire","49","Maine-et-Loire","02D","Encombrants","02B","Incinération avec récupération d'énergie",9973.14
2013,52,"Pays de la Loire","49","Maine-et-Loire","02D","Encombrants","02D","Stockage",16482.00814
2013,52,"Pays de la Loire","49","Maine-et-Loire","02D","Encombrants","02Z","Non précisé",11441.96
2013,52,"Pays de la Loire","49","Maine-et-Loire","02E","Déblais et gravats","02A","Valorisation matière",6503.44
2013,52,"Pays de la Loire","49","Maine-et-Loire","02E","Déblais et gravats","02D","Stockage",733.42993
2013,52,"Pays de la Loire","49","Maine-et-Loire","02E","Déblais et gravats","02F","Stockage pour inertes",54175.6
2013,52,"Pays de la Loire","49","Maine-et-Loire","02E","Déblais et gravats","02Z","Non précisé",283.5
2013,52,"Pays de la Loire","49","Maine-et-Loire","02F","DEEE","02A","Valorisation matière",5028.80346
2013,52,"Pays de la Loire","49","Maine-et-Loire","02Z","Autres déchets","02A","Valorisation matière",25.827
2013,52,"Pays de la Loire","49","Maine-et-Loire","02Z","Autres déchets","02B","Incinération avec récupération d'énergie",3.1646
2013,52,"Pays de la Loire","49","Maine-et-Loire","02Z","Autres déchets","02Z","Non précisé",2.5
2013,52,"Pays de la Loire","53","Mayenne","02A","Déchets dangereux","02A","Valorisation matière",551.274
2013,52,"Pays de la Loire","53","Mayenne","02A","Déchets dangereux","02B","Incinération avec récupération d'énergie",1.28945
2013,52,"Pays de la Loire","53","Mayenne","02A","Déchets dangereux","02C","Incinération sans récupération d'énergie",38.501
2013,52,"Pays de la Loire","53","Mayenne","02A","Déchets dangereux","02F","Stockage pour inertes",40.7
2013,52,"Pays de la Loire","53","Mayenne","02A","Déchets dangereux","02Z","Non précisé",1
2013,52,"Pays de la Loire","53","Mayenne","02B","Matériaux recyclables","02A","Valorisation matière",7045.54201
2013,52,"Pays de la Loire","53","Mayenne","02B","Matériaux recyclables","02B","Incinération avec récupération d'énergie",862.9
2013,52,"Pays de la Loire","53","Mayenne","02B","Matériaux recyclables","02E","Valorisation organique",316.4
2013,52,"Pays de la Loire","53","Mayenne","02B","Matériaux recyclables","02Z","Non précisé",528.72
2013,52,"Pays de la Loire","53","Mayenne","02C","Déchets verts","02E","Valorisation organique",32341.42118
2013,52,"Pays de la Loire","53","Mayenne","02D","Encombrants","02A","Valorisation matière",1241.44
2013,52,"Pays de la Loire","53","Mayenne","02D","Encombrants","02B","Incinération avec récupération d'énergie",736
2013,52,"Pays de la Loire","53","Mayenne","02D","Encombrants","02D","Stockage",13559.23722
2013,52,"Pays de la Loire","53","Mayenne","02D","Encombrants","02Z","Non précisé",604.44
2013,52,"Pays de la Loire","53","Mayenne","02E","Déblais et gravats","02A","Valorisation matière",489.72447
2013,52,"Pays de la Loire","53","Mayenne","02E","Déblais et gravats","02D","Stockage",7515.66
2013,52,"Pays de la Loire","53","Mayenne","02E","Déblais et gravats","02F","Stockage pour inertes",12974.48
2013,52,"Pays de la Loire","53","Mayenne","02F","DEEE","02A","Valorisation matière",1816.51791
2013,52,"Pays de la Loire","53","Mayenne","02Z","Autres déchets","02A","Valorisation matière",1.971
2013,52,"Pays de la Loire","72","Sarthe","02A","Déchets dangereux","02A","Valorisation matière",400.21168
2013,52,"Pays de la Loire","72","Sarthe","02A","Déchets dangereux","02B","Incinération avec récupération d'énergie",154.96907
2013,52,"Pays de la Loire","72","Sarthe","02A","Déchets dangereux","02C","Incinération sans récupération d'énergie",152.23866
2013,52,"Pays de la Loire","72","Sarthe","02A","Déchets dangereux","02D","Stockage",42
2013,52,"Pays de la Loire","72","Sarthe","02A","Déchets dangereux","02F","Stockage pour inertes",155.65288
2013,52,"Pays de la Loire","72","Sarthe","02A","Déchets dangereux","02Z","Non précisé",68.03085
2013,52,"Pays de la Loire","72","Sarthe","02B","Matériaux recyclables","02A","Valorisation matière",14146.37433
2013,52,"Pays de la Loire","72","Sarthe","02B","Matériaux recyclables","02B","Incinération avec récupération d'énergie",219.31902
2013,52,"Pays de la Loire","72","Sarthe","02B","Matériaux recyclables","02C","Incinération sans récupération d'énergie",4.78611
2013,52,"Pays de la Loire","72","Sarthe","02B","Matériaux recyclables","02E","Valorisation organique",726.02
2013,52,"Pays de la Loire","72","Sarthe","02B","Matériaux recyclables","02Z","Non précisé",408.40149
2013,52,"Pays de la Loire","72","Sarthe","02C","Déchets verts","02A","Valorisation matière",1460.3
2013,52,"Pays de la Loire","72","Sarthe","02C","Déchets verts","02E","Valorisation organique",38883.59523
2013,52,"Pays de la Loire","72","Sarthe","02C","Déchets verts","02Z","Non précisé",707.28
2013,52,"Pays de la Loire","72","Sarthe","02D","Encombrants","02A","Valorisation matière",845.72016
2013,52,"Pays de la Loire","72","Sarthe","02D","Encombrants","02B","Incinération avec récupération d'énergie",12352.98
2013,52,"Pays de la Loire","72","Sarthe","02D","Encombrants","02D","Stockage",17227.18216
2013,52,"Pays de la Loire","72","Sarthe","02E","Déblais et gravats","02A","Valorisation matière",5265.80798
2013,52,"Pays de la Loire","72","Sarthe","02E","Déblais et gravats","02D","Stockage",16430.25925
2013,52,"Pays de la Loire","72","Sarthe","02E","Déblais et gravats","02F","Stockage pour inertes",8122.09
2013,52,"Pays de la Loire","72","Sarthe","02E","Déblais et gravats","02Z","Non précisé",775.83
2013,52,"Pays de la Loire","72","Sarthe","02F","DEEE","02A","Valorisation matière",2484.0835
2013,52,"Pays de la Loire","72","Sarthe","02F","DEEE","02Z","Non précisé",83.632
2013,52,"Pays de la Loire","72","Sarthe","02Z","Autres déchets","02A","Valorisation matière",10.32049
2013,52,"Pays de la Loire","72","Sarthe","02Z","Autres déchets","02Z","Non précisé",3.929
2013,52,"Pays de la Loire","85","Vendée","02A","Déchets dangereux","02A","Valorisation matière",691.013
2013,52,"Pays de la Loire","85","Vendée","02A","Déchets dangereux","02B","Incinération avec récupération d'énergie",2.97
2013,52,"Pays de la Loire","85","Vendée","02A","Déchets dangereux","02C","Incinération sans récupération d'énergie",563.017
2013,52,"Pays de la Loire","85","Vendée","02A","Déchets dangereux","02D","Stockage",176.76
2013,52,"Pays de la Loire","85","Vendée","02A","Déchets dangereux","02Z","Non précisé",588.918
2013,52,"Pays de la Loire","85","Vendée","02B","Matériaux recyclables","02A","Valorisation matière",38131.46
2013,52,"Pays de la Loire","85","Vendée","02C","Déchets verts","02A","Valorisation matière",13157
2013,52,"Pays de la Loire","85","Vendée","02C","Déchets verts","02D","Stockage",2855
2013,52,"Pays de la Loire","85","Vendée","02C","Déchets verts","02E","Valorisation organique",64722.51
2013,52,"Pays de la Loire","85","Vendée","02C","Déchets verts","02Z","Non précisé",8914.84
2013,52,"Pays de la Loire","85","Vendée","02D","Encombrants","02A","Valorisation matière",1679.87
2013,52,"Pays de la Loire","85","Vendée","02D","Encombrants","02D","Stockage",36359.82
2013,52,"Pays de la Loire","85","Vendée","02D","Encombrants","02E","Valorisation organique",370
2013,52,"Pays de la Loire","85","Vendée","02E","Déblais et gravats","02A","Valorisation matière",65374.861
2013,52,"Pays de la Loire","85","Vendée","02E","Déblais et gravats","02F","Stockage pour inertes",10117.8
2013,52,"Pays de la Loire","85","Vendée","02F","DEEE","02A","Valorisation matière",4897.61
2013,52,"Pays de la Loire","85","Vendée","02Z","Autres déchets","02A","Valorisation matière",11.566
2013,52,"Pays de la Loire","85","Vendée","02Z","Autres déchets","02C","Incinération sans récupération d'énergie",30.5
2013,52,"Pays de la Loire","85","Vendée","02Z","Autres déchets","02E","Valorisation organique",100
2013,52,"Pays de la Loire","85","Vendée","02Z","Autres déchets","02Z","Non précisé",25.52
2015,84,"Auvergne-Rhône-Alpes","01","Ain","02A","Déchets dangereux","02A","Valorisation matière",1507.22352
2015,84,"Auvergne-Rhône-Alpes","01","Ain","02A","Déchets dangereux","02B","Incinération avec récupération d'énergie",33.20921
2015,84,"Auvergne-Rhône-Alpes","01","Ain","02A","Déchets dangereux","02D","Stockage",205.83824
2015,84,"Auvergne-Rhône-Alpes","01","Ain","02A","Déchets dangereux","02Z","Non précisé",0.0596
2015,84,"Auvergne-Rhône-Alpes","01","Ain","02B","Matériaux recyclables","02A","Valorisation matière",27846.39348
2015,84,"Auvergne-Rhône-Alpes","01","Ain","02B","Matériaux recyclables","02B","Incinération avec récupération d'énergie",4073.66828
2015,84,"Auvergne-Rhône-Alpes","01","Ain","02B","Matériaux recyclables","02E","Valorisation organique",2737.3
2015,84,"Auvergne-Rhône-Alpes","01","Ain","02C","Déchets verts","02A","Valorisation matière",101.96525
2015,84,"Auvergne-Rhône-Alpes","01","Ain","02C","Déchets verts","02E","Valorisation organique",45460.63876
2015,84,"Auvergne-Rhône-Alpes","01","Ain","02D","Encombrants","02A","Valorisation matière",7929.64762
2015,84,"Auvergne-Rhône-Alpes","01","Ain","02D","Encombrants","02B","Incinération avec récupération d'énergie",14132.28894
2015,84,"Auvergne-Rhône-Alpes","01","Ain","02D","Encombrants","02D","Stockage",8725.79488
2015,84,"Auvergne-Rhône-Alpes","01","Ain","02D","Encombrants","02Z","Non précisé",4201.51
2015,84,"Auvergne-Rhône-Alpes","01","Ain","02E","Déblais et gravats","02A","Valorisation matière",24524.30812
2015,84,"Auvergne-Rhône-Alpes","01","Ain","02E","Déblais et gravats","02D","Stockage",7477.28
2015,84,"Auvergne-Rhône-Alpes","01","Ain","02E","Déblais et gravats","02F","Stockage pour inertes",6883.4622
2015,84,"Auvergne-Rhône-Alpes","01","Ain","02E","Déblais et gravats","02Z","Non précisé",3.54256
2015,84,"Auvergne-Rhône-Alpes","01","Ain","02F","DEEE","02A","Valorisation matière",5135.92898
2015,84,"Auvergne-Rhône-Alpes","01","Ain","02F","DEEE","02Z","Non précisé",0.08931
2015,84,"Auvergne-Rhône-Alpes","01","Ain","02Z","Autres déchets","02A","Valorisation matière",40.29
2015,84,"Auvergne-Rhône-Alpes","01","Ain","02Z","Autres déchets","02B","Incinération avec récupération d'énergie",10.13112
2015,84,"Auvergne-Rhône-Alpes","03","Allier","02A","Déchets dangereux","02A","Valorisation matière",641.1765
2015,84,"Auvergne-Rhône-Alpes","03","Allier","02A","Déchets dangereux","02B","Incinération avec récupération d'énergie",3.66423
2015,84,"Auvergne-Rhône-Alpes","03","Allier","02A","Déchets dangereux","02D","Stockage",40.59954
2015,84,"Auvergne-Rhône-Alpes","03","Allier","02A","Déchets dangereux","02Z","Non précisé",1.86587
2015,84,"Auvergne-Rhône-Alpes","03","Allier","02B","Matériaux recyclables","02A","Valorisation matière",14984.90781
2015,84,"Auvergne-Rhône-Alpes","03","Allier","02B","Matériaux recyclables","02B","Incinération avec récupération d'énergie",3.13115
2015,84,"Auvergne-Rhône-Alpes","03","Allier","02C","Déchets verts","02A","Valorisation matière",8715.80076
2015,84,"Auvergne-Rhône-Alpes","03","Allier","02C","Déchets verts","02E","Valorisation organique",17196.376
2015,84,"Auvergne-Rhône-Alpes","03","Allier","02D","Encombrants","02A","Valorisation matière",2088.57342
2015,84,"Auvergne-Rhône-Alpes","03","Allier","02D","Encombrants","02B","Incinération avec récupération d'énergie",780.25666
2015,84,"Auvergne-Rhône-Alpes","03","Allier","02D","Encombrants","02D","Stockage",13676.54258
2015,84,"Auvergne-Rhône-Alpes","03","Allier","02E","Déblais et gravats","02A","Valorisation matière",919.66232
2015,84,"Auvergne-Rhône-Alpes","03","Allier","02E","Déblais et gravats","02D","Stockage",6849.96377
2015,84,"Auvergne-Rhône-Alpes","03","Allier","02E","Déblais et gravats","02F","Stockage pour inertes",8585.00452
2015,84,"Auvergne-Rhône-Alpes","03","Allier","02F","DEEE","02A","Valorisation matière",3131.27228
2015,84,"Auvergne-Rhône-Alpes","03","Allier","02F","DEEE","02Z","Non précisé",26.12208
2015,84,"Auvergne-Rhône-Alpes","03","Allier","02Z","Autres déchets","02A","Valorisation matière",7.49836
2015,84,"Auvergne-Rhône-Alpes","03","Allier","02Z","Autres déchets","02C","Incinération sans récupération d'énergie",2.34484
2015,84,"Auvergne-Rhône-Alpes","07","Ardèche","02A","Déchets dangereux","02A","Valorisation matière",466.31583
2015,84,"Auvergne-Rhône-Alpes","07","Ardèche","02A","Déchets dangereux","02B","Incinération avec récupération d'énergie",84.40249
2015,84,"Auvergne-Rhône-Alpes","07","Ardèche","02A","Déchets dangereux","02D","Stockage",92.86774
2015,84,"Auvergne-Rhône-Alpes","07","Ardèche","02A","Déchets dangereux","02Z","Non précisé",12.42258
2015,84,"Auvergne-Rhône-Alpes","07","Ardèche","02B","Matériaux recyclables","02A","Valorisation matière",14902.14113
2015,84,"Auvergne-Rhône-Alpes","07","Ardèche","02B","Matériaux recyclables","02B","Incinération avec récupération d'énergie",1030.28638
2015,84,"Auvergne-Rhône-Alpes","07","Ardèche","02B","Matériaux recyclables","02E","Valorisation organique",939.02193
2015,84,"Auvergne-Rhône-Alpes","07","Ardèche","02B","Matériaux recyclables","02Z","Non précisé",0.07421
2015,84,"Auvergne-Rhône-Alpes","07","Ardèche","02C","Déchets verts","02A","Valorisation matière",13.89686
2015,84,"Auvergne-Rhône-Alpes","07","Ardèche","02C","Déchets verts","02B","Incinération avec récupération d'énergie",253.24
2015,84,"Auvergne-Rhône-Alpes","07","Ardèche","02C","Déchets verts","02E","Valorisation organique",20642.31845
2015,84,"Auvergne-Rhône-Alpes","07","Ardèche","02D","Encombrants","02A","Valorisation matière",3328.45142
2015,84,"Auvergne-Rhône-Alpes","07","Ardèche","02D","Encombrants","02D","Stockage",17719.65664
2015,84,"Auvergne-Rhône-Alpes","07","Ardèche","02E","Déblais et gravats","02A","Valorisation matière",14559.24643
2015,84,"Auvergne-Rhône-Alpes","07","Ardèche","02E","Déblais et gravats","02D","Stockage",3427.21786
2015,84,"Auvergne-Rhône-Alpes","07","Ardèche","02E","Déblais et gravats","02F","Stockage pour inertes",3309.84313
2015,84,"Auvergne-Rhône-Alpes","07","Ardèche","02F","DEEE","02A","Valorisation matière",2415.06428
2015,84,"Auvergne-Rhône-Alpes","07","Ardèche","02Z","Autres déchets","02A","Valorisation matière",30.79979
2015,84,"Auvergne-Rhône-Alpes","15","Cantal","02A","Déchets dangereux","02A","Valorisation matière",78.17537
2015,84,"Auvergne-Rhône-Alpes","15","Cantal","02A","Déchets dangereux","02B","Incinération avec récupération d'énergie",0.14809
2015,84,"Auvergne-Rhône-Alpes","15","Cantal","02A","Déchets dangereux","02C","Incinération sans récupération d'énergie",0.08582
2015,84,"Auvergne-Rhône-Alpes","15","Cantal","02A","Déchets dangereux","02Z","Non précisé",157.86629
2015,84,"Auvergne-Rhône-Alpes","15","Cantal","02B","Matériaux recyclables","02A","Valorisation matière",5983.44777
2015,84,"Auvergne-Rhône-Alpes","15","Cantal","02B","Matériaux recyclables","02B","Incinération avec récupération d'énergie",0.00066
2015,84,"Auvergne-Rhône-Alpes","15","Cantal","02B","Matériaux recyclables","02D","Stockage",1180.42101
2015,84,"Auvergne-Rhône-Alpes","15","Cantal","02B","Matériaux recyclables","02Z","Non précisé",1.29914
2015,84,"Auvergne-Rhône-Alpes","15","Cantal","02C","Déchets verts","02E","Valorisation organique",9096.43526
2015,84,"Auvergne-Rhône-Alpes","15","Cantal","02C","Déchets verts","02Z","Non précisé",75.6
2015,84,"Auvergne-Rhône-Alpes","15","Cantal","02D","Encombrants","02A","Valorisation matière",3279.82274
2015,84,"Auvergne-Rhône-Alpes","15","Cantal","02D","Encombrants","02B","Incinération avec récupération d'énergie",890.25933
2015,84,"Auvergne-Rhône-Alpes","15","Cantal","02D","Encombrants","02D","Stockage",2129.12832
2015,84,"Auvergne-Rhône-Alpes","15","Cantal","02E","Déblais et gravats","02A","Valorisation matière",4234.78916
2015,84,"Auvergne-Rhône-Alpes","15","Cantal","02E","Déblais et gravats","02D","Stockage",127.31
2015,84,"Auvergne-Rhône-Alpes","15","Cantal","02E","Déblais et gravats","02F","Stockage pour inertes",2237.6682
2015,84,"Auvergne-Rhône-Alpes","15","Cantal","02E","Déblais et gravats","02Z","Non précisé",112
2015,84,"Auvergne-Rhône-Alpes","15","Cantal","02F","DEEE","02A","Valorisation matière",957.00946
2015,84,"Auvergne-Rhône-Alpes","15","Cantal","02F","DEEE","02Z","Non précisé",130.887
2015,84,"Auvergne-Rhône-Alpes","15","Cantal","02Z","Autres déchets","02A","Valorisation matière",7.75259
2015,84,"Auvergne-Rhône-Alpes","15","Cantal","02Z","Autres déchets","02Z","Non précisé",0.52451
2015,84,"Auvergne-Rhône-Alpes","26","Drôme","02A","Déchets dangereux","02A","Valorisation matière",512.61759
2015,84,"Auvergne-Rhône-Alpes","26","Drôme","02A","Déchets dangereux","02B","Incinération avec récupération d'énergie",28.12622
2015,84,"Auvergne-Rhône-Alpes","26","Drôme","02A","Déchets dangereux","02C","Incinération sans récupération d'énergie",1.6643
2015,84,"Auvergne-Rhône-Alpes","26","Drôme","02A","Déchets dangereux","02D","Stockage",146.73226
2015,84,"Auvergne-Rhône-Alpes","26","Drôme","02A","Déchets dangereux","02Z","Non précisé",216.15598
2015,84,"Auvergne-Rhône-Alpes","26","Drôme","02B","Matériaux recyclables","02A","Valorisation matière",17683.16565
2015,84,"Auvergne-Rhône-Alpes","26","Drôme","02B","Matériaux recyclables","02B","Incinération avec récupération d'énergie",3098.55361
2015,84,"Auvergne-Rhône-Alpes","26","Drôme","02B","Matériaux recyclables","02E","Valorisation organique",2601.51141
2015,84,"Auvergne-Rhône-Alpes","26","Drôme","02B","Matériaux recyclables","02Z","Non précisé",1.55679
2015,84,"Auvergne-Rhône-Alpes","26","Drôme","02C","Déchets verts","02A","Valorisation matière",62.10497
2015,84,"Auvergne-Rhône-Alpes","26","Drôme","02C","Déchets verts","02E","Valorisation organique",31555.58832
2015,84,"Auvergne-Rhône-Alpes","26","Drôme","02D","Encombrants","02A","Valorisation matière",943.21109
2015,84,"Auvergne-Rhône-Alpes","26","Drôme","02D","Encombrants","02B","Incinération avec récupération d'énergie",11.79483
2015,84,"Auvergne-Rhône-Alpes","26","Drôme","02D","Encombrants","02D","Stockage",32308.42103
2015,84,"Auvergne-Rhône-Alpes","26","Drôme","02D","Encombrants","02Z","Non précisé",0.85852
2015,84,"Auvergne-Rhône-Alpes","26","Drôme","02E","Déblais et gravats","02A","Valorisation matière",33875.50157
2015,84,"Auvergne-Rhône-Alpes","26","Drôme","02E","Déblais et gravats","02D","Stockage",936.36447
2015,84,"Auvergne-Rhône-Alpes","26","Drôme","02E","Déblais et gravats","02F","Stockage pour inertes",3204.36109
2015,84,"Auvergne-Rhône-Alpes","26","Drôme","02E","Déblais et gravats","02Z","Non précisé",15.19295
2015,84,"Auvergne-Rhône-Alpes","26","Drôme","02F","DEEE","02A","Valorisation matière",2927.90868
2015,84,"Auvergne-Rhône-Alpes","26","Drôme","02Z","Autres déchets","02A","Valorisation matière",15.82086
2015,84,"Auvergne-Rhône-Alpes","38","Isère","02A","Déchets dangereux","02A","Valorisation matière",2431.34822
2015,84,"Auvergne-Rhône-Alpes","38","Isère","02A","Déchets dangereux","02B","Incinération avec récupération d'énergie",20.1515
2015,84,"Auvergne-Rhône-Alpes","38","Isère","02A","Déchets dangereux","02D","Stockage",428.29437
2015,84,"Auvergne-Rhône-Alpes","38","Isère","02B","Matériaux recyclables","02A","Valorisation matière",60216.60479
2015,84,"Auvergne-Rhône-Alpes","38","Isère","02B","Matériaux recyclables","02B","Incinération avec récupération d'énergie",5214.35005
2015,84,"Auvergne-Rhône-Alpes","38","Isère","02B","Matériaux recyclables","02D","Stockage",187.56
2015,84,"Auvergne-Rhône-Alpes","38","Isère","02B","Matériaux recyclables","02E","Valorisation organique",473.4842
2015,84,"Auvergne-Rhône-Alpes","38","Isère","02C","Déchets verts","02A","Valorisation matière",14164.50213
2015,84,"Auvergne-Rhône-Alpes","38","Isère","02C","Déchets verts","02E","Valorisation organique",88035.13328
2015,84,"Auvergne-Rhône-Alpes","38","Isère","02D","Encombrants","02A","Valorisation matière",14616.35931
2015,84,"Auvergne-Rhône-Alpes","38","Isère","02D","Encombrants","02B","Incinération avec récupération d'énergie",24064.8246
2015,84,"Auvergne-Rhône-Alpes","38","Isère","02D","Encombrants","02D","Stockage",46514.31577
2015,84,"Auvergne-Rhône-Alpes","38","Isère","02E","Déblais et gravats","02A","Valorisation matière",51060.2649
2015,84,"Auvergne-Rhône-Alpes","38","Isère","02E","Déblais et gravats","02D","Stockage",31610.79702
2015,84,"Auvergne-Rhône-Alpes","38","Isère","02E","Déblais et gravats","02F","Stockage pour inertes",14397.67487
2015,84,"Auvergne-Rhône-Alpes","38","Isère","02F","DEEE","02A","Valorisation matière",7634.64287
2015,84,"Auvergne-Rhône-Alpes","38","Isère","02Z","Autres déchets","02A","Valorisation matière",53.03678
2015,84,"Auvergne-Rhône-Alpes","38","Isère","02Z","Autres déchets","02B","Incinération avec récupération d'énergie",5.939
2015,84,"Auvergne-Rhône-Alpes","38","Isère","02Z","Autres déchets","02D","Stockage",9563.96
2015,84,"Auvergne-Rhône-Alpes","42","Loire","02A","Déchets dangereux","02A","Valorisation matière",1157.57321
2015,84,"Auvergne-Rhône-Alpes","42","Loire","02A","Déchets dangereux","02B","Incinération avec récupération d'énergie",60.10271
2015,84,"Auvergne-Rhône-Alpes","42","Loire","02A","Déchets dangereux","02C","Incinération sans récupération d'énergie",0.95417
2015,84,"Auvergne-Rhône-Alpes","42","Loire","02A","Déchets dangereux","02D","Stockage",276.11929
2015,84,"Auvergne-Rhône-Alpes","42","Loire","02A","Déchets dangereux","02Z","Non précisé",6.68369
2015,84,"Auvergne-Rhône-Alpes","42","Loire","02B","Matériaux recyclables","02A","Valorisation matière",32586.74204
2015,84,"Auvergne-Rhône-Alpes","42","Loire","02B","Matériaux recyclables","02B","Incinération avec récupération d'énergie",2002.76
2015,84,"Auvergne-Rhône-Alpes","42","Loire","02B","Matériaux recyclables","02E","Valorisation organique",248.27
2015,84,"Auvergne-Rhône-Alpes","42","Loire","02C","Déchets verts","02A","Valorisation matière",14908.69458
2015,84,"Auvergne-Rhône-Alpes","42","Loire","02C","Déchets verts","02B","Incinération avec récupération d'énergie",3963
2015,84,"Auvergne-Rhône-Alpes","42","Loire","02C","Déchets verts","02E","Valorisation organique",30515.37453
2015,84,"Auvergne-Rhône-Alpes","42","Loire","02D","Encombrants","02A","Valorisation matière",3373.1487
2015,84,"Auvergne-Rhône-Alpes","42","Loire","02D","Encombrants","02B","Incinération avec récupération d'énergie",2715.09999
2015,84,"Auvergne-Rhône-Alpes","42","Loire","02D","Encombrants","02D","Stockage",35630.85402
2015,84,"Auvergne-Rhône-Alpes","42","Loire","02E","Déblais et gravats","02A","Valorisation matière",38869.56061
2015,84,"Auvergne-Rhône-Alpes","42","Loire","02E","Déblais et gravats","02D","Stockage",3918.68401
2015,84,"Auvergne-Rhône-Alpes","42","Loire","02E","Déblais et gravats","02F","Stockage pour inertes",2627.45001
2015,84,"Auvergne-Rhône-Alpes","42","Loire","02E","Déblais et gravats","02Z","Non précisé",265
2015,84,"Auvergne-Rhône-Alpes","42","Loire","02F","DEEE","02A","Valorisation matière",4952.88012
2015,84,"Auvergne-Rhône-Alpes","42","Loire","02Z","Autres déchets","02A","Valorisation matière",9.40527
2015,84,"Auvergne-Rhône-Alpes","42","Loire","02Z","Autres déchets","02B","Incinération avec récupération d'énergie",1784.31591
2015,84,"Auvergne-Rhône-Alpes","43","Haute-Loire","02A","Déchets dangereux","02A","Valorisation matière",289.23052
2015,84,"Auvergne-Rhône-Alpes","43","Haute-Loire","02A","Déchets dangereux","02B","Incinération avec récupération d'énergie",82.41427
2015,84,"Auvergne-Rhône-Alpes","43","Haute-Loire","02A","Déchets dangereux","02C","Incinération sans récupération d'énergie",1.67483
2015,84,"Auvergne-Rhône-Alpes","43","Haute-Loire","02A","Déchets dangereux","02Z","Non précisé",127.04691
2015,84,"Auvergne-Rhône-Alpes","43","Haute-Loire","02B","Matériaux recyclables","02A","Valorisation matière",9791.23955
2015,84,"Auvergne-Rhône-Alpes","43","Haute-Loire","02B","Matériaux recyclables","02B","Incinération avec récupération d'énergie",531.3
2015,84,"Auvergne-Rhône-Alpes","43","Haute-Loire","02B","Matériaux recyclables","02D","Stockage",4.89899
2015,84,"Auvergne-Rhône-Alpes","43","Haute-Loire","02B","Matériaux recyclables","02E","Valorisation organique",724.49866
2015,84,"Auvergne-Rhône-Alpes","43","Haute-Loire","02C","Déchets verts","02A","Valorisation matière",300.00001
2015,84,"Auvergne-Rhône-Alpes","43","Haute-Loire","02C","Déchets verts","02E","Valorisation organique",12427.56011
2015,84,"Auvergne-Rhône-Alpes","43","Haute-Loire","02D","Encombrants","02A","Valorisation matière",2455.84848
2015,84,"Auvergne-Rhône-Alpes","43","Haute-Loire","02D","Encombrants","02B","Incinération avec récupération d'énergie",3418.25122
2015,84,"Auvergne-Rhône-Alpes","43","Haute-Loire","02D","Encombrants","02D","Stockage",4057.72376
2015,84,"Auvergne-Rhône-Alpes","43","Haute-Loire","02E","Déblais et gravats","02A","Valorisation matière",7746.20084
2015,84,"Auvergne-Rhône-Alpes","43","Haute-Loire","02E","Déblais et gravats","02D","Stockage",1790.64814
2015,84,"Auvergne-Rhône-Alpes","43","Haute-Loire","02E","Déblais et gravats","02F","Stockage pour inertes",5324.81268
2015,84,"Auvergne-Rhône-Alpes","43","Haute-Loire","02F","DEEE","02A","Valorisation matière",1833.09884
2015,84,"Auvergne-Rhône-Alpes","43","Haute-Loire","02Z","Autres déchets","02A","Valorisation matière",1.27027
2015,84,"Auvergne-Rhône-Alpes","43","Haute-Loire","02Z","Autres déchets","02C","Incinération sans récupération d'énergie",2.442
2015,84,"Auvergne-Rhône-Alpes","43","Haute-Loire","02Z","Autres déchets","02Z","Non précisé",0.45449
2015,84,"Auvergne-Rhône-Alpes","63","Puy-de-Dôme","02A","Déchets dangereux","02A","Valorisation matière",729.14904
2015,84,"Auvergne-Rhône-Alpes","63","Puy-de-Dôme","02A","Déchets dangereux","02B","Incinération avec récupération d'énergie",9.70154
2015,84,"Auvergne-Rhône-Alpes","63","Puy-de-Dôme","02A","Déchets dangereux","02C","Incinération sans récupération d'énergie",0.169
2015,84,"Auvergne-Rhône-Alpes","63","Puy-de-Dôme","02A","Déchets dangereux","02D","Stockage",63.72943
2015,84,"Auvergne-Rhône-Alpes","63","Puy-de-Dôme","02A","Déchets dangereux","02Z","Non précisé",599.21649
2015,84,"Auvergne-Rhône-Alpes","63","Puy-de-Dôme","02B","Matériaux recyclables","02A","Valorisation matière",19197.11124
2015,84,"Auvergne-Rhône-Alpes","63","Puy-de-Dôme","02B","Matériaux recyclables","02E","Valorisation organique",5866.62
2015,84,"Auvergne-Rhône-Alpes","63","Puy-de-Dôme","02C","Déchets verts","02E","Valorisation organique",32249.91538
2015,84,"Auvergne-Rhône-Alpes","63","Puy-de-Dôme","02D","Encombrants","02A","Valorisation matière",882.37357
2015,84,"Auvergne-Rhône-Alpes","63","Puy-de-Dôme","02D","Encombrants","02B","Incinération avec récupération d'énergie",19953.65213
2015,84,"Auvergne-Rhône-Alpes","63","Puy-de-Dôme","02D","Encombrants","02D","Stockage",8546.92404
2015,84,"Auvergne-Rhône-Alpes","63","Puy-de-Dôme","02E","Déblais et gravats","02A","Valorisation matière",16394.61271
2015,84,"Auvergne-Rhône-Alpes","63","Puy-de-Dôme","02E","Déblais et gravats","02D","Stockage",2975.15576
2015,84,"Auvergne-Rhône-Alpes","63","Puy-de-Dôme","02E","Déblais et gravats","02F","Stockage pour inertes",18964.72612
2015,84,"Auvergne-Rhône-Alpes","63","Puy-de-Dôme","02F","DEEE","02A","Valorisation matière",4728.57323
2015,84,"Auvergne-Rhône-Alpes","63","Puy-de-Dôme","02Z","Autres déchets","02A","Valorisation matière",8.02245
2015,84,"Auvergne-Rhône-Alpes","63","Puy-de-Dôme","02Z","Autres déchets","02C","Incinération sans récupération d'énergie",0.00516
2015,84,"Auvergne-Rhône-Alpes","63","Puy-de-Dôme","02Z","Autres déchets","02Z","Non précisé",0.62251
2015,84,"Auvergne-Rhône-Alpes","69","Rhône","02A","Déchets dangereux","02A","Valorisation matière",2856.1093
2015,84,"Auvergne-Rhône-Alpes","69","Rhône","02A","Déchets dangereux","02B","Incinération avec récupération d'énergie",16.56029
2015,84,"Auvergne-Rhône-Alpes","69","Rhône","02A","Déchets dangereux","02D","Stockage",25.3607
2015,84,"Auvergne-Rhône-Alpes","69","Rhône","02A","Déchets dangereux","02Z","Non précisé",18.16331
2015,84,"Auvergne-Rhône-Alpes","69","Rhône","02B","Matériaux recyclables","02A","Valorisation matière",55206.1053
2015,84,"Auvergne-Rhône-Alpes","69","Rhône","02B","Matériaux recyclables","02B","Incinération avec récupération d'énergie",18.83644
2015,84,"Auvergne-Rhône-Alpes","69","Rhône","02B","Matériaux recyclables","02E","Valorisation organique",82.2558
2015,84,"Auvergne-Rhône-Alpes","69","Rhône","02C","Déchets verts","02A","Valorisation matière",2983.76804
2015,84,"Auvergne-Rhône-Alpes","69","Rhône","02C","Déchets verts","02E","Valorisation organique",56252.13641
2015,84,"Auvergne-Rhône-Alpes","69","Rhône","02D","Encombrants","02A","Valorisation matière",10864.83182
2015,84,"Auvergne-Rhône-Alpes","69","Rhône","02D","Encombrants","02B","Incinération avec récupération d'énergie",2800.8
2015,84,"Auvergne-Rhône-Alpes","69","Rhône","02D","Encombrants","02D","Stockage",34414.82818
2015,84,"Auvergne-Rhône-Alpes","69","Rhône","02E","Déblais et gravats","02A","Valorisation matière",25885.8857
2015,84,"Auvergne-Rhône-Alpes","69","Rhône","02E","Déblais et gravats","02D","Stockage",753.13298
2015,84,"Auvergne-Rhône-Alpes","69","Rhône","02E","Déblais et gravats","02F","Stockage pour inertes",32605.93276
2015,84,"Auvergne-Rhône-Alpes","69","Rhône","02F","DEEE","02A","Valorisation matière",8837.32147
2015,84,"Auvergne-Rhône-Alpes","69","Rhône","02Z","Autres déchets","02A","Valorisation matière",33.25204
2015,84,"Auvergne-Rhône-Alpes","69","Rhône","02Z","Autres déchets","02B","Incinération avec récupération d'énergie",4.0701
2015,84,"Auvergne-Rhône-Alpes","73","Savoie","02A","Déchets dangereux","02A","Valorisation matière",897.93015
2015,84,"Auvergne-Rhône-Alpes","73","Savoie","02A","Déchets dangereux","02B","Incinération avec récupération d'énergie",43.98669
2015,84,"Auvergne-Rhône-Alpes","73","Savoie","02A","Déchets dangereux","02D","Stockage",342.7789
2015,84,"Auvergne-Rhône-Alpes","73","Savoie","02A","Déchets dangereux","02F","Stockage pour inertes",17.32
2015,84,"Auvergne-Rhône-Alpes","73","Savoie","02A","Déchets dangereux","02Z","Non précisé",1.80904
2015,84,"Auvergne-Rhône-Alpes","73","Savoie","02B","Matériaux recyclables","02A","Valorisation matière",26947.26974
2015,84,"Auvergne-Rhône-Alpes","73","Savoie","02B","Matériaux recyclables","02B","Incinération avec récupération d'énergie",4510.11651
2015,84,"Auvergne-Rhône-Alpes","73","Savoie","02B","Matériaux recyclables","02E","Valorisation organique",2.16883
2015,84,"Auvergne-Rhône-Alpes","73","Savoie","02C","Déchets verts","02A","Valorisation matière",489.0298
2015,84,"Auvergne-Rhône-Alpes","73","Savoie","02C","Déchets verts","02E","Valorisation organique",33751.46217
2015,84,"Auvergne-Rhône-Alpes","73","Savoie","02D","Encombrants","02A","Valorisation matière",4708.83699
2015,84,"Auvergne-Rhône-Alpes","73","Savoie","02D","Encombrants","02B","Incinération avec récupération d'énergie",16197.89862
2015,84,"Auvergne-Rhône-Alpes","73","Savoie","02D","Encombrants","02D","Stockage",3944.45696
2015,84,"Auvergne-Rhône-Alpes","73","Savoie","02E","Déblais et gravats","02A","Valorisation matière",16205.89058
2015,84,"Auvergne-Rhône-Alpes","73","Savoie","02E","Déblais et gravats","02F","Stockage pour inertes",16344.05402
2015,84,"Auvergne-Rhône-Alpes","73","Savoie","02F","DEEE","02A","Valorisation matière",4249.94462
2015,84,"Auvergne-Rhône-Alpes","73","Savoie","02Z","Autres déchets","02A","Valorisation matière",44.86716
2015,84,"Auvergne-Rhône-Alpes","73","Savoie","02Z","Autres déchets","02B","Incinération avec récupération d'énergie",2.50271
2015,84,"Auvergne-Rhône-Alpes","74","Haute-Savoie","02A","Déchets dangereux","02A","Valorisation matière",1190.03402
2015,84,"Auvergne-Rhône-Alpes","74","Haute-Savoie","02A","Déchets dangereux","02B","Incinération avec récupération d'énergie",146.61364
2015,84,"Auvergne-Rhône-Alpes","74","Haute-Savoie","02A","Déchets dangereux","02C","Incinération sans récupération d'énergie",0.11
2015,84,"Auvergne-Rhône-Alpes","74","Haute-Savoie","02A","Déchets dangereux","02D","Stockage",29.63073
2015,84,"Auvergne-Rhône-Alpes","74","Haute-Savoie","02A","Déchets dangereux","02Z","Non précisé",20.21096
2015,84,"Auvergne-Rhône-Alpes","74","Haute-Savoie","02B","Matériaux recyclables","02A","Valorisation matière",50526.19664
2015,84,"Auvergne-Rhône-Alpes","74","Haute-Savoie","02B","Matériaux recyclables","02B","Incinération avec récupération d'énergie",3971.39
2015,84,"Auvergne-Rhône-Alpes","74","Haute-Savoie","02B","Matériaux recyclables","02E","Valorisation organique",2894.66117
2015,84,"Auvergne-Rhône-Alpes","74","Haute-Savoie","02C","Déchets verts","02A","Valorisation matière",6069.9302
2015,84,"Auvergne-Rhône-Alpes","74","Haute-Savoie","02C","Déchets verts","02E","Valorisation organique",54690.08896
2015,84,"Auvergne-Rhône-Alpes","74","Haute-Savoie","02D","Encombrants","02A","Valorisation matière",10159.55078
2015,84,"Auvergne-Rhône-Alpes","74","Haute-Savoie","02D","Encombrants","02B","Incinération avec récupération d'énergie",23165.34564
2015,84,"Auvergne-Rhône-Alpes","74","Haute-Savoie","02D","Encombrants","02D","Stockage",11047.97
2015,84,"Auvergne-Rhône-Alpes","74","Haute-Savoie","02E","Déblais et gravats","02A","Valorisation matière",29951.12311
2015,84,"Auvergne-Rhône-Alpes","74","Haute-Savoie","02E","Déblais et gravats","02D","Stockage",5074.95
2015,84,"Auvergne-Rhône-Alpes","74","Haute-Savoie","02E","Déblais et gravats","02F","Stockage pour inertes",9399.2078
2015,84,"Auvergne-Rhône-Alpes","74","Haute-Savoie","02F","DEEE","02A","Valorisation matière",6415.41849
2015,84,"Auvergne-Rhône-Alpes","74","Haute-Savoie","02Z","Autres déchets","02A","Valorisation matière",38.479
2015,84,"Auvergne-Rhône-Alpes","74","Haute-Savoie","02Z","Autres déchets","02B","Incinération avec récupération d'énergie",31.65429
2015,27,"Bourgogne-Franche-Comté","21","Cote-d'Or","02A","Déchets dangereux","02A","Valorisation matière",204.294
2015,27,"Bourgogne-Franche-Comté","21","Cote-d'Or","02A","Déchets dangereux","02B","Incinération avec récupération d'énergie",0.54
2015,27,"Bourgogne-Franche-Comté","21","Cote-d'Or","02A","Déchets dangereux","02C","Incinération sans récupération d'énergie",19
2015,27,"Bourgogne-Franche-Comté","21","Cote-d'Or","02A","Déchets dangereux","02D","Stockage",127.88
2015,27,"Bourgogne-Franche-Comté","21","Cote-d'Or","02A","Déchets dangereux","02Z","Non précisé",1029.21706
2015,27,"Bourgogne-Franche-Comté","21","Cote-d'Or","02B","Matériaux recyclables","02A","Valorisation matière",18934.27719
2015,27,"Bourgogne-Franche-Comté","21","Cote-d'Or","02B","Matériaux recyclables","02B","Incinération avec récupération d'énergie",2738.12
2015,27,"Bourgogne-Franche-Comté","21","Cote-d'Or","02B","Matériaux recyclables","02E","Valorisation organique",528.9705
2015,27,"Bourgogne-Franche-Comté","21","Cote-d'Or","02B","Matériaux recyclables","02Z","Non précisé",2.7
2015,27,"Bourgogne-Franche-Comté","21","Cote-d'Or","02C","Déchets verts","02E","Valorisation organique",36283.47137
2015,27,"Bourgogne-Franche-Comté","21","Cote-d'Or","02D","Encombrants","02A","Valorisation matière",265
2015,27,"Bourgogne-Franche-Comté","21","Cote-d'Or","02D","Encombrants","02B","Incinération avec récupération d'énergie",8861.53
2015,27,"Bourgogne-Franche-Comté","21","Cote-d'Or","02D","Encombrants","02D","Stockage",13490.58316
2015,27,"Bourgogne-Franche-Comté","21","Cote-d'Or","02E","Déblais et gravats","02A","Valorisation matière",1199.61662
2015,27,"Bourgogne-Franche-Comté","21","Cote-d'Or","02E","Déblais et gravats","02F","Stockage pour inertes",35802.12
2015,27,"Bourgogne-Franche-Comté","21","Cote-d'Or","02F","DEEE","02A","Valorisation matière",3581.47413
2015,27,"Bourgogne-Franche-Comté","21","Cote-d'Or","02F","DEEE","02Z","Non précisé",15.51
2015,27,"Bourgogne-Franche-Comté","21","Cote-d'Or","02Z","Autres déchets","02A","Valorisation matière",1512.35513
2015,27,"Bourgogne-Franche-Comté","25","Doubs","02A","Déchets dangereux","02A","Valorisation matière",546.23949
2015,27,"Bourgogne-Franche-Comté","25","Doubs","02A","Déchets dangereux","02B","Incinération avec récupération d'énergie",105.64684
2015,27,"Bourgogne-Franche-Comté","25","Doubs","02A","Déchets dangereux","02C","Incinération sans récupération d'énergie",70.9
2015,27,"Bourgogne-Franche-Comté","25","Doubs","02A","Déchets dangereux","02Z","Non précisé",157.76832
2015,27,"Bourgogne-Franche-Comté","25","Doubs","02B","Matériaux recyclables","02A","Valorisation matière",22373.79388
2015,27,"Bourgogne-Franche-Comté","25","Doubs","02B","Matériaux recyclables","02B","Incinération avec récupération d'énergie",3768.58
2015,27,"Bourgogne-Franche-Comté","25","Doubs","02B","Matériaux recyclables","02E","Valorisation organique",101.94
2015,27,"Bourgogne-Franche-Comté","25","Doubs","02B","Matériaux recyclables","02Z","Non précisé",0.77558
2015,27,"Bourgogne-Franche-Comté","25","Doubs","02C","Déchets verts","02A","Valorisation matière",2807
2015,27,"Bourgogne-Franche-Comté","25","Doubs","02C","Déchets verts","02B","Incinération avec récupération d'énergie",428.4
2015,27,"Bourgogne-Franche-Comté","25","Doubs","02C","Déchets verts","02E","Valorisation organique",31802.79714
2015,27,"Bourgogne-Franche-Comté","25","Doubs","02D","Encombrants","02A","Valorisation matière",6642.68984
2015,27,"Bourgogne-Franche-Comté","25","Doubs","02D","Encombrants","02B","Incinération avec récupération d'énergie",8287.041
2015,27,"Bourgogne-Franche-Comté","25","Doubs","02D","Encombrants","02D","Stockage",14943.34107
2015,27,"Bourgogne-Franche-Comté","25","Doubs","02D","Encombrants","02Z","Non précisé",290.13
2015,27,"Bourgogne-Franche-Comté","25","Doubs","02E","Déblais et gravats","02A","Valorisation matière",253.40499
2015,27,"Bourgogne-Franche-Comté","25","Doubs","02E","Déblais et gravats","02D","Stockage",47
2015,27,"Bourgogne-Franche-Comté","25","Doubs","02E","Déblais et gravats","02F","Stockage pour inertes",22714.10392
2015,27,"Bourgogne-Franche-Comté","25","Doubs","02E","Déblais et gravats","02Z","Non précisé",304.44
2015,27,"Bourgogne-Franche-Comté","25","Doubs","02F","DEEE","02A","Valorisation matière",4041.6052
2015,27,"Bourgogne-Franche-Comté","25","Doubs","02Z","Autres déchets","02A","Valorisation matière",15.65199
2015,27,"Bourgogne-Franche-Comté","25","Doubs","02Z","Autres déchets","02B","Incinération avec récupération d'énergie",18.55083
2015,27,"Bourgogne-Franche-Comté","25","Doubs","02Z","Autres déchets","02C","Incinération sans récupération d'énergie",20
2015,27,"Bourgogne-Franche-Comté","25","Doubs","02Z","Autres déchets","02E","Valorisation organique",7.631
2015,27,"Bourgogne-Franche-Comté","39","Jura","02A","Déchets dangereux","02A","Valorisation matière",168.568
2015,27,"Bourgogne-Franche-Comté","39","Jura","02A","Déchets dangereux","02B","Incinération avec récupération d'énergie",307.529
2015,27,"Bourgogne-Franche-Comté","39","Jura","02A","Déchets dangereux","02Z","Non précisé",4.618
2015,27,"Bourgogne-Franche-Comté","39","Jura","02B","Matériaux recyclables","02A","Valorisation matière",9492.901
2015,27,"Bourgogne-Franche-Comté","39","Jura","02B","Matériaux recyclables","02B","Incinération avec récupération d'énergie",0.278
2015,27,"Bourgogne-Franche-Comté","39","Jura","02B","Matériaux recyclables","02E","Valorisation organique",2683.76
2015,27,"Bourgogne-Franche-Comté","39","Jura","02B","Matériaux recyclables","02Z","Non précisé",337.887
2015,27,"Bourgogne-Franche-Comté","39","Jura","02C","Déchets verts","02E","Valorisation organique",10556.621
2015,27,"Bourgogne-Franche-Comté","39","Jura","02D","Encombrants","02A","Valorisation matière",5146.915
2015,27,"Bourgogne-Franche-Comté","39","Jura","02D","Encombrants","02D","Stockage",5104.6
2015,27,"Bourgogne-Franche-Comté","39","Jura","02D","Encombrants","02Z","Non précisé",46.4
2015,27,"Bourgogne-Franche-Comté","39","Jura","02E","Déblais et gravats","02A","Valorisation matière",1.9
2015,27,"Bourgogne-Franche-Comté","39","Jura","02E","Déblais et gravats","02F","Stockage pour inertes",8617.229
2015,27,"Bourgogne-Franche-Comté","39","Jura","02E","Déblais et gravats","02Z","Non précisé",200.8
2015,27,"Bourgogne-Franche-Comté","39","Jura","02F","DEEE","02A","Valorisation matière",2588.11
2015,27,"Bourgogne-Franche-Comté","39","Jura","02Z","Autres déchets","02A","Valorisation matière",11.225
2015,27,"Bourgogne-Franche-Comté","39","Jura","02Z","Autres déchets","02B","Incinération avec récupération d'énergie",13.829
2015,27,"Bourgogne-Franche-Comté","39","Jura","02Z","Autres déchets","02Z","Non précisé",2959.64
2015,27,"Bourgogne-Franche-Comté","58","Nièvre","02A","Déchets dangereux","02A","Valorisation matière",438.00161
2015,27,"Bourgogne-Franche-Comté","58","Nièvre","02A","Déchets dangereux","02B","Incinération avec récupération d'énergie",0.5724
2015,27,"Bourgogne-Franche-Comté","58","Nièvre","02A","Déchets dangereux","02D","Stockage",47.446
2015,27,"Bourgogne-Franche-Comté","58","Nièvre","02A","Déchets dangereux","02Z","Non précisé",163.846
2015,27,"Bourgogne-Franche-Comté","58","Nièvre","02B","Matériaux recyclables","02A","Valorisation matière",7071.23516
2015,27,"Bourgogne-Franche-Comté","58","Nièvre","02B","Matériaux recyclables","02B","Incinération avec récupération d'énergie",0.08885
2015,27,"Bourgogne-Franche-Comté","58","Nièvre","02B","Matériaux recyclables","02D","Stockage",112.32
2015,27,"Bourgogne-Franche-Comté","58","Nièvre","02B","Matériaux recyclables","02E","Valorisation organique",451.44
2015,27,"Bourgogne-Franche-Comté","58","Nièvre","02B","Matériaux recyclables","02Z","Non précisé",1283.03804
2015,27,"Bourgogne-Franche-Comté","58","Nièvre","02C","Déchets verts","02A","Valorisation matière",940.02924
2015,27,"Bourgogne-Franche-Comté","58","Nièvre","02C","Déchets verts","02E","Valorisation organique",13863.20702
2015,27,"Bourgogne-Franche-Comté","58","Nièvre","02D","Encombrants","02A","Valorisation matière",748.73921
2015,27,"Bourgogne-Franche-Comté","58","Nièvre","02D","Encombrants","02B","Incinération avec récupération d'énergie",2377.56
2015,27,"Bourgogne-Franche-Comté","58","Nièvre","02D","Encombrants","02D","Stockage",10710.33414
2015,27,"Bourgogne-Franche-Comté","58","Nièvre","02D","Encombrants","02Z","Non précisé",62.098
2015,27,"Bourgogne-Franche-Comté","58","Nièvre","02E","Déblais et gravats","02A","Valorisation matière",4746.82833
2015,27,"Bourgogne-Franche-Comté","58","Nièvre","02E","Déblais et gravats","02D","Stockage",932.39111
2015,27,"Bourgogne-Franche-Comté","58","Nièvre","02E","Déblais et gravats","02F","Stockage pour inertes",1205.89863
2015,27,"Bourgogne-Franche-Comté","58","Nièvre","02E","Déblais et gravats","02Z","Non précisé",437.06
2015,27,"Bourgogne-Franche-Comté","58","Nièvre","02F","DEEE","02A","Valorisation matière",2107.83256
2015,27,"Bourgogne-Franche-Comté","58","Nièvre","02F","DEEE","02Z","Non précisé",0.4
2015,27,"Bourgogne-Franche-Comté","58","Nièvre","02Z","Autres déchets","02A","Valorisation matière",9.85002
2015,27,"Bourgogne-Franche-Comté","58","Nièvre","02Z","Autres déchets","02Z","Non précisé",2.2668
2015,27,"Bourgogne-Franche-Comté","70","Haute-Saône","02A","Déchets dangereux","02A","Valorisation matière",148.00937
2015,27,"Bourgogne-Franche-Comté","70","Haute-Saône","02A","Déchets dangereux","02B","Incinération avec récupération d'énergie",344.71915
2015,27,"Bourgogne-Franche-Comté","70","Haute-Saône","02A","Déchets dangereux","02C","Incinération sans récupération d'énergie",6.34269
2015,27,"Bourgogne-Franche-Comté","70","Haute-Saône","02A","Déchets dangereux","02F","Stockage pour inertes",0.13209
2015,27,"Bourgogne-Franche-Comté","70","Haute-Saône","02A","Déchets dangereux","02Z","Non précisé",51.5568
2015,27,"Bourgogne-Franche-Comté","70","Haute-Saône","02B","Matériaux recyclables","02A","Valorisation matière",11915.26066
2015,27,"Bourgogne-Franche-Comté","70","Haute-Saône","02B","Matériaux recyclables","02Z","Non précisé",10.45586
2015,27,"Bourgogne-Franche-Comté","70","Haute-Saône","02C","Déchets verts","02E","Valorisation organique",14837.47385
2015,27,"Bourgogne-Franche-Comté","70","Haute-Saône","02D","Encombrants","02A","Valorisation matière",2657.28832
2015,27,"Bourgogne-Franche-Comté","70","Haute-Saône","02D","Encombrants","02B","Incinération avec récupération d'énergie",642.01996
2015,27,"Bourgogne-Franche-Comté","70","Haute-Saône","02D","Encombrants","02D","Stockage",13989.80894
2015,27,"Bourgogne-Franche-Comté","70","Haute-Saône","02E","Déblais et gravats","02A","Valorisation matière",637.7083
2015,27,"Bourgogne-Franche-Comté","70","Haute-Saône","02E","Déblais et gravats","02F","Stockage pour inertes",9967.34633
2015,27,"Bourgogne-Franche-Comté","70","Haute-Saône","02F","DEEE","02A","Valorisation matière",2403.04681
2015,27,"Bourgogne-Franche-Comté","70","Haute-Saône","02Z","Autres déchets","02A","Valorisation matière",1.44741
2015,27,"Bourgogne-Franche-Comté","70","Haute-Saône","02Z","Autres déchets","02B","Incinération avec récupération d'énergie",52.68752
2015,27,"Bourgogne-Franche-Comté","71","Saône-et-Loire","02A","Déchets dangereux","02A","Valorisation matière",778.52583
2015,27,"Bourgogne-Franche-Comté","71","Saône-et-Loire","02A","Déchets dangereux","02B","Incinération avec récupération d'énergie",175.81579
2015,27,"Bourgogne-Franche-Comté","71","Saône-et-Loire","02A","Déchets dangereux","02C","Incinération sans récupération d'énergie",2.621
2015,27,"Bourgogne-Franche-Comté","71","Saône-et-Loire","02A","Déchets dangereux","02D","Stockage",308.16979
2015,27,"Bourgogne-Franche-Comté","71","Saône-et-Loire","02A","Déchets dangereux","02Z","Non précisé",265.66548
2015,27,"Bourgogne-Franche-Comté","71","Saône-et-Loire","02B","Matériaux recyclables","02A","Valorisation matière",21646.88404
2015,27,"Bourgogne-Franche-Comté","71","Saône-et-Loire","02B","Matériaux recyclables","02B","Incinération avec récupération d'énergie",2089.93172
2015,27,"Bourgogne-Franche-Comté","71","Saône-et-Loire","02B","Matériaux recyclables","02D","Stockage",4729.119
2015,27,"Bourgogne-Franche-Comté","71","Saône-et-Loire","02B","Matériaux recyclables","02E","Valorisation organique",2620.6695
2015,27,"Bourgogne-Franche-Comté","71","Saône-et-Loire","02B","Matériaux recyclables","02Z","Non précisé",698.09701
2015,27,"Bourgogne-Franche-Comté","71","Saône-et-Loire","02C","Déchets verts","02A","Valorisation matière",119.16
2015,27,"Bourgogne-Franche-Comté","71","Saône-et-Loire","02C","Déchets verts","02E","Valorisation organique",46776.31694
2015,27,"Bourgogne-Franche-Comté","71","Saône-et-Loire","02D","Encombrants","02A","Valorisation matière",942.06428
2015,27,"Bourgogne-Franche-Comté","71","Saône-et-Loire","02D","Encombrants","02D","Stockage",24963.96577
2015,27,"Bourgogne-Franche-Comté","71","Saône-et-Loire","02D","Encombrants","02Z","Non précisé",163.79
2015,27,"Bourgogne-Franche-Comté","71","Saône-et-Loire","02E","Déblais et gravats","02A","Valorisation matière",16946.65273
2015,27,"Bourgogne-Franche-Comté","71","Saône-et-Loire","02E","Déblais et gravats","02D","Stockage",7834.47164
2015,27,"Bourgogne-Franche-Comté","71","Saône-et-Loire","02E","Déblais et gravats","02Z","Non précisé",1691.44744
2015,27,"Bourgogne-Franche-Comté","71","Saône-et-Loire","02F","DEEE","02A","Valorisation matière",4287.74703
2015,27,"Bourgogne-Franche-Comté","71","Saône-et-Loire","02F","DEEE","02Z","Non précisé",238.13861
2015,27,"Bourgogne-Franche-Comté","71","Saône-et-Loire","02Z","Autres déchets","02A","Valorisation matière",27.9297
2015,27,"Bourgogne-Franche-Comté","71","Saône-et-Loire","02Z","Autres déchets","02B","Incinération avec récupération d'énergie",0.00388
2015,27,"Bourgogne-Franche-Comté","71","Saône-et-Loire","02Z","Autres déchets","02Z","Non précisé",139.32
2015,27,"Bourgogne-Franche-Comté","89","Yonne","02A","Déchets dangereux","02A","Valorisation matière",899.7867
2015,27,"Bourgogne-Franche-Comté","89","Yonne","02A","Déchets dangereux","02B","Incinération avec récupération d'énergie",9.3
2015,27,"Bourgogne-Franche-Comté","89","Yonne","02A","Déchets dangereux","02C","Incinération sans récupération d'énergie",28.58
2015,27,"Bourgogne-Franche-Comté","89","Yonne","02A","Déchets dangereux","02D","Stockage",43
2015,27,"Bourgogne-Franche-Comté","89","Yonne","02B","Matériaux recyclables","02A","Valorisation matière",13070.8518
2015,27,"Bourgogne-Franche-Comté","89","Yonne","02B","Matériaux recyclables","02B","Incinération avec récupération d'énergie",16.28
2015,27,"Bourgogne-Franche-Comté","89","Yonne","02B","Matériaux recyclables","02E","Valorisation organique",164.32
2015,27,"Bourgogne-Franche-Comté","89","Yonne","02B","Matériaux recyclables","02Z","Non précisé",567.279
2015,27,"Bourgogne-Franche-Comté","89","Yonne","02C","Déchets verts","02A","Valorisation matière",1061.32
2015,27,"Bourgogne-Franche-Comté","89","Yonne","02C","Déchets verts","02E","Valorisation organique",22077.82258
2015,27,"Bourgogne-Franche-Comté","89","Yonne","02D","Encombrants","02A","Valorisation matière",202.92354
2015,27,"Bourgogne-Franche-Comté","89","Yonne","02D","Encombrants","02B","Incinération avec récupération d'énergie",6.88
2015,27,"Bourgogne-Franche-Comté","89","Yonne","02D","Encombrants","02D","Stockage",22652.84098
2015,27,"Bourgogne-Franche-Comté","89","Yonne","02D","Encombrants","02Z","Non précisé",5.24038
2015,27,"Bourgogne-Franche-Comté","89","Yonne","02E","Déblais et gravats","02A","Valorisation matière",13070.82366
2015,27,"Bourgogne-Franche-Comté","89","Yonne","02E","Déblais et gravats","02D","Stockage",5734.84
2015,27,"Bourgogne-Franche-Comté","89","Yonne","02E","Déblais et gravats","02F","Stockage pour inertes",10315.26799
2015,27,"Bourgogne-Franche-Comté","89","Yonne","02F","DEEE","02A","Valorisation matière",3388.58767
2015,27,"Bourgogne-Franche-Comté","89","Yonne","02Z","Autres déchets","02A","Valorisation matière",5.843
2015,27,"Bourgogne-Franche-Comté","89","Yonne","02Z","Autres déchets","02B","Incinération avec récupération d'énergie",1.12
2015,27,"Bourgogne-Franche-Comté","90","Territoire-de-Belfort","02A","Déchets dangereux","02A","Valorisation matière",7.97854
2015,27,"Bourgogne-Franche-Comté","90","Territoire-de-Belfort","02A","Déchets dangereux","02C","Incinération sans récupération d'énergie",11.33184
2015,27,"Bourgogne-Franche-Comté","90","Territoire-de-Belfort","02A","Déchets dangereux","02Z","Non précisé",29.48941
2015,27,"Bourgogne-Franche-Comté","90","Territoire-de-Belfort","02B","Matériaux recyclables","02A","Valorisation matière",5615.45208
2015,27,"Bourgogne-Franche-Comté","90","Territoire-de-Belfort","02C","Déchets verts","02E","Valorisation organique",5566.20333
2015,27,"Bourgogne-Franche-Comté","90","Territoire-de-Belfort","02D","Encombrants","02A","Valorisation matière",669.20561
2015,27,"Bourgogne-Franche-Comté","90","Territoire-de-Belfort","02D","Encombrants","02B","Incinération avec récupération d'énergie",4718.58219
2015,27,"Bourgogne-Franche-Comté","90","Territoire-de-Belfort","02D","Encombrants","02D","Stockage",1021.12
2015,27,"Bourgogne-Franche-Comté","90","Territoire-de-Belfort","02E","Déblais et gravats","02A","Valorisation matière",1790.95166
2015,27,"Bourgogne-Franche-Comté","90","Territoire-de-Belfort","02E","Déblais et gravats","02F","Stockage pour inertes",4541.35694
2015,27,"Bourgogne-Franche-Comté","90","Territoire-de-Belfort","02E","Déblais et gravats","02Z","Non précisé",97.75
2015,27,"Bourgogne-Franche-Comté","90","Territoire-de-Belfort","02F","DEEE","02A","Valorisation matière",276.1069
2015,27,"Bourgogne-Franche-Comté","90","Territoire-de-Belfort","02Z","Autres déchets","02A","Valorisation matière",5.65657
2015,27,"Bourgogne-Franche-Comté","90","Territoire-de-Belfort","02Z","Autres déchets","02C","Incinération sans récupération d'énergie",0.001
2015,53,"Bretagne","22","Cotes-d'Armor","02A","Déchets dangereux","02A","Valorisation matière",294.43622
2015,53,"Bretagne","22","Cotes-d'Armor","02A","Déchets dangereux","02B","Incinération avec récupération d'énergie",335.81469
2015,53,"Bretagne","22","Cotes-d'Armor","02A","Déchets dangereux","02C","Incinération sans récupération d'énergie",87.28164
2015,53,"Bretagne","22","Cotes-d'Armor","02A","Déchets dangereux","02D","Stockage",157.06761
2015,53,"Bretagne","22","Cotes-d'Armor","02A","Déchets dangereux","02F","Stockage pour inertes",140.28
2015,53,"Bretagne","22","Cotes-d'Armor","02A","Déchets dangereux","02Z","Non précisé",408.23251
2015,53,"Bretagne","22","Cotes-d'Armor","02B","Matériaux recyclables","02A","Valorisation matière",28276.92257
2015,53,"Bretagne","22","Cotes-d'Armor","02B","Matériaux recyclables","02B","Incinération avec récupération d'énergie",928.47259
2015,53,"Bretagne","22","Cotes-d'Armor","02B","Matériaux recyclables","02Z","Non précisé",0.33511
2015,53,"Bretagne","22","Cotes-d'Armor","02C","Déchets verts","02A","Valorisation matière",4131.36
2015,53,"Bretagne","22","Cotes-d'Armor","02C","Déchets verts","02E","Valorisation organique",113037.9162
2015,53,"Bretagne","22","Cotes-d'Armor","02C","Déchets verts","02Z","Non précisé",2514
2015,53,"Bretagne","22","Cotes-d'Armor","02D","Encombrants","02A","Valorisation matière",1812.5394
2015,53,"Bretagne","22","Cotes-d'Armor","02D","Encombrants","02B","Incinération avec récupération d'énergie",18533.34925
2015,53,"Bretagne","22","Cotes-d'Armor","02D","Encombrants","02C","Incinération sans récupération d'énergie",98.24
2015,53,"Bretagne","22","Cotes-d'Armor","02D","Encombrants","02D","Stockage",17554.67782
2015,53,"Bretagne","22","Cotes-d'Armor","02D","Encombrants","02Z","Non précisé",202.957
2015,53,"Bretagne","22","Cotes-d'Armor","02E","Déblais et gravats","02A","Valorisation matière",8535.56
2015,53,"Bretagne","22","Cotes-d'Armor","02E","Déblais et gravats","02B","Incinération avec récupération d'énergie",148.62
2015,53,"Bretagne","22","Cotes-d'Armor","02E","Déblais et gravats","02D","Stockage",18021.36505
2015,53,"Bretagne","22","Cotes-d'Armor","02E","Déblais et gravats","02F","Stockage pour inertes",32186.9006
2015,53,"Bretagne","22","Cotes-d'Armor","02E","Déblais et gravats","02Z","Non précisé",2682.06
2015,53,"Bretagne","22","Cotes-d'Armor","02F","DEEE","02A","Valorisation matière",5098.54212
2015,53,"Bretagne","22","Cotes-d'Armor","02Z","Autres déchets","02A","Valorisation matière",2.45184
2015,53,"Bretagne","22","Cotes-d'Armor","02Z","Autres déchets","02C","Incinération sans récupération d'énergie",0.6
2015,53,"Bretagne","22","Cotes-d'Armor","02Z","Autres déchets","02E","Valorisation organique",5.84
2015,53,"Bretagne","22","Cotes-d'Armor","02Z","Autres déchets","02Z","Non précisé",1.01
2015,53,"Bretagne","29","Finistère","02A","Déchets dangereux","02A","Valorisation matière",659.23717
2015,53,"Bretagne","29","Finistère","02A","Déchets dangereux","02B","Incinération avec récupération d'énergie",108.56943
2015,53,"Bretagne","29","Finistère","02A","Déchets dangereux","02C","Incinération sans récupération d'énergie",14.93
2015,53,"Bretagne","29","Finistère","02A","Déchets dangereux","02D","Stockage",385.51239
2015,53,"Bretagne","29","Finistère","02A","Déchets dangereux","02F","Stockage pour inertes",481.68001
2015,53,"Bretagne","29","Finistère","02A","Déchets dangereux","02Z","Non précisé",984.87845
2015,53,"Bretagne","29","Finistère","02B","Matériaux recyclables","02A","Valorisation matière",31878.23773
2015,53,"Bretagne","29","Finistère","02B","Matériaux recyclables","02B","Incinération avec récupération d'énergie",4812.8274
2015,53,"Bretagne","29","Finistère","02B","Matériaux recyclables","02D","Stockage",4.66
2015,53,"Bretagne","29","Finistère","02B","Matériaux recyclables","02E","Valorisation organique",165
2015,53,"Bretagne","29","Finistère","02B","Matériaux recyclables","02Z","Non précisé",2.7
2015,53,"Bretagne","29","Finistère","02C","Déchets verts","02E","Valorisation organique",150802.3506
2015,53,"Bretagne","29","Finistère","02D","Encombrants","02A","Valorisation matière",7487.4
2015,53,"Bretagne","29","Finistère","02D","Encombrants","02B","Incinération avec récupération d'énergie",18337.38077
2015,53,"Bretagne","29","Finistère","02D","Encombrants","02D","Stockage",38577.08016
2015,53,"Bretagne","29","Finistère","02D","Encombrants","02Z","Non précisé",1911.05
2015,53,"Bretagne","29","Finistère","02E","Déblais et gravats","02A","Valorisation matière",944.44
2015,53,"Bretagne","29","Finistère","02E","Déblais et gravats","02D","Stockage",40.88
2015,53,"Bretagne","29","Finistère","02E","Déblais et gravats","02F","Stockage pour inertes",69052.24224
2015,53,"Bretagne","29","Finistère","02F","DEEE","02A","Valorisation matière",6425.13357
2015,53,"Bretagne","29","Finistère","02Z","Autres déchets","02A","Valorisation matière",48.32
2015,53,"Bretagne","29","Finistère","02Z","Autres déchets","02B","Incinération avec récupération d'énergie",19.06
2015,53,"Bretagne","29","Finistère","02Z","Autres déchets","02E","Valorisation organique",0.9
2015,53,"Bretagne","35","Ille-et-Vilaine","02A","Déchets dangereux","02A","Valorisation matière",430.15075
2015,53,"Bretagne","35","Ille-et-Vilaine","02A","Déchets dangereux","02B","Incinération avec récupération d'énergie",509.21
2015,53,"Bretagne","35","Ille-et-Vilaine","02A","Déchets dangereux","02C","Incinération sans récupération d'énergie",0.91257
2015,53,"Bretagne","35","Ille-et-Vilaine","02A","Déchets dangereux","02D","Stockage",421.39236
2015,53,"Bretagne","35","Ille-et-Vilaine","02A","Déchets dangereux","02F","Stockage pour inertes",49.2
2015,53,"Bretagne","35","Ille-et-Vilaine","02A","Déchets dangereux","02Z","Non précisé",548.15353
2015,53,"Bretagne","35","Ille-et-Vilaine","02B","Matériaux recyclables","02A","Valorisation matière",31382.23736
2015,53,"Bretagne","35","Ille-et-Vilaine","02B","Matériaux recyclables","02E","Valorisation organique",1123.1
2015,53,"Bretagne","35","Ille-et-Vilaine","02B","Matériaux recyclables","02Z","Non précisé",2.48395
2015,53,"Bretagne","35","Ille-et-Vilaine","02C","Déchets verts","02E","Valorisation organique",82826.18254
2015,53,"Bretagne","35","Ille-et-Vilaine","02D","Encombrants","02A","Valorisation matière",2449.28579
2015,53,"Bretagne","35","Ille-et-Vilaine","02D","Encombrants","02B","Incinération avec récupération d'énergie",19110.61
2015,53,"Bretagne","35","Ille-et-Vilaine","02D","Encombrants","02D","Stockage",34386.98106
2015,53,"Bretagne","35","Ille-et-Vilaine","02E","Déblais et gravats","02A","Valorisation matière",567.91058
2015,53,"Bretagne","35","Ille-et-Vilaine","02E","Déblais et gravats","02B","Incinération avec récupération d'énergie",311
2015,53,"Bretagne","35","Ille-et-Vilaine","02E","Déblais et gravats","02D","Stockage",6668.73653
2015,53,"Bretagne","35","Ille-et-Vilaine","02E","Déblais et gravats","02F","Stockage pour inertes",50269.60108
2015,53,"Bretagne","35","Ille-et-Vilaine","02F","DEEE","02A","Valorisation matière",6765.59937
2015,53,"Bretagne","35","Ille-et-Vilaine","02Z","Autres déchets","02A","Valorisation matière",11.6542
2015,53,"Bretagne","35","Ille-et-Vilaine","02Z","Autres déchets","02B","Incinération avec récupération d'énergie",13.6
2015,53,"Bretagne","35","Ille-et-Vilaine","02Z","Autres déchets","02Z","Non précisé",21
2015,53,"Bretagne","56","Morbihan","02A","Déchets dangereux","02A","Valorisation matière",89.81032
2015,53,"Bretagne","56","Morbihan","02A","Déchets dangereux","02B","Incinération avec récupération d'énergie",46.42889
2015,53,"Bretagne","56","Morbihan","02A","Déchets dangereux","02C","Incinération sans récupération d'énergie",0.91479
2015,53,"Bretagne","56","Morbihan","02A","Déchets dangereux","02D","Stockage",3.51491
2015,53,"Bretagne","56","Morbihan","02A","Déchets dangereux","02F","Stockage pour inertes",64.8
2015,53,"Bretagne","56","Morbihan","02A","Déchets dangereux","02Z","Non précisé",1039.40156
2015,53,"Bretagne","56","Morbihan","02B","Matériaux recyclables","02A","Valorisation matière",35673.0957
2015,53,"Bretagne","56","Morbihan","02B","Matériaux recyclables","02Z","Non précisé",340.41095
2015,53,"Bretagne","56","Morbihan","02C","Déchets verts","02D","Stockage",951.18
2015,53,"Bretagne","56","Morbihan","02C","Déchets verts","02E","Valorisation organique",90849.65834
2015,53,"Bretagne","56","Morbihan","02C","Déchets verts","02Z","Non précisé",2391
2015,53,"Bretagne","56","Morbihan","02D","Encombrants","02A","Valorisation matière",1092.46438
2015,53,"Bretagne","56","Morbihan","02D","Encombrants","02D","Stockage",43609.21516
2015,53,"Bretagne","56","Morbihan","02E","Déblais et gravats","02A","Valorisation matière",15062.85047
2015,53,"Bretagne","56","Morbihan","02E","Déblais et gravats","02D","Stockage",2309.31843
2015,53,"Bretagne","56","Morbihan","02E","Déblais et gravats","02F","Stockage pour inertes",24602.25948
2015,53,"Bretagne","56","Morbihan","02E","Déblais et gravats","02Z","Non précisé",16744
2015,53,"Bretagne","56","Morbihan","02F","DEEE","02A","Valorisation matière",4069.22327
2015,53,"Bretagne","56","Morbihan","02Z","Autres déchets","02A","Valorisation matière",5.85142
2015,53,"Bretagne","56","Morbihan","02Z","Autres déchets","02Z","Non précisé",1.85
2015,24,"Centre-Val de Loire","18","Cher","02A","Déchets dangereux","02A","Valorisation matière",307.75927
2015,24,"Centre-Val de Loire","18","Cher","02A","Déchets dangereux","02B","Incinération avec récupération d'énergie",173.411
2015,24,"Centre-Val de Loire","18","Cher","02A","Déchets dangereux","02C","Incinération sans récupération d'énergie",41.02001
2015,24,"Centre-Val de Loire","18","Cher","02A","Déchets dangereux","02D","Stockage",45.351
2015,24,"Centre-Val de Loire","18","Cher","02A","Déchets dangereux","02Z","Non précisé",73.717
2015,24,"Centre-Val de Loire","18","Cher","02B","Matériaux recyclables","02A","Valorisation matière",9982.23722
2015,24,"Centre-Val de Loire","18","Cher","02B","Matériaux recyclables","02E","Valorisation organique",854.06031
2015,24,"Centre-Val de Loire","18","Cher","02B","Matériaux recyclables","02Z","Non précisé",63.54959
2015,24,"Centre-Val de Loire","18","Cher","02C","Déchets verts","02A","Valorisation matière",3455.72
2015,24,"Centre-Val de Loire","18","Cher","02C","Déchets verts","02E","Valorisation organique",20929.66011
2015,24,"Centre-Val de Loire","18","Cher","02C","Déchets verts","02Z","Non précisé",193.00869
2015,24,"Centre-Val de Loire","18","Cher","02D","Encombrants","02A","Valorisation matière",785.33386
2015,24,"Centre-Val de Loire","18","Cher","02D","Encombrants","02D","Stockage",20433.77448
2015,24,"Centre-Val de Loire","18","Cher","02D","Encombrants","02Z","Non précisé",2.049
2015,24,"Centre-Val de Loire","18","Cher","02E","Déblais et gravats","02A","Valorisation matière",12167.76499
2015,24,"Centre-Val de Loire","18","Cher","02E","Déblais et gravats","02D","Stockage",1190.68261
2015,24,"Centre-Val de Loire","18","Cher","02E","Déblais et gravats","02F","Stockage pour inertes",1982.5959
2015,24,"Centre-Val de Loire","18","Cher","02E","Déblais et gravats","02Z","Non précisé",1461.061
2015,24,"Centre-Val de Loire","18","Cher","02F","DEEE","02A","Valorisation matière",1735.91084
2015,24,"Centre-Val de Loire","18","Cher","02Z","Autres déchets","02A","Valorisation matière",7.25378
2015,24,"Centre-Val de Loire","18","Cher","02Z","Autres déchets","02D","Stockage",7.25
2015,24,"Centre-Val de Loire","18","Cher","02Z","Autres déchets","02Z","Non précisé",60.12573
2015,24,"Centre-Val de Loire","28","Eure-et-Loir","02A","Déchets dangereux","02A","Valorisation matière",327.05165
2015,24,"Centre-Val de Loire","28","Eure-et-Loir","02A","Déchets dangereux","02B","Incinération avec récupération d'énergie",0.03788
2015,24,"Centre-Val de Loire","28","Eure-et-Loir","02A","Déchets dangereux","02C","Incinération sans récupération d'énergie",40.77088
2015,24,"Centre-Val de Loire","28","Eure-et-Loir","02A","Déchets dangereux","02D","Stockage",0.89677
2015,24,"Centre-Val de Loire","28","Eure-et-Loir","02A","Déchets dangereux","02Z","Non précisé",210.699
2015,24,"Centre-Val de Loire","28","Eure-et-Loir","02B","Matériaux recyclables","02A","Valorisation matière",10523.47468
2015,24,"Centre-Val de Loire","28","Eure-et-Loir","02B","Matériaux recyclables","02B","Incinération avec récupération d'énergie",707.40946
2015,24,"Centre-Val de Loire","28","Eure-et-Loir","02B","Matériaux recyclables","02D","Stockage",1197.67362
2015,24,"Centre-Val de Loire","28","Eure-et-Loir","02B","Matériaux recyclables","02E","Valorisation organique",3045.85475
2015,24,"Centre-Val de Loire","28","Eure-et-Loir","02C","Déchets verts","02E","Valorisation organique",30237.22743
2015,24,"Centre-Val de Loire","28","Eure-et-Loir","02D","Encombrants","02A","Valorisation matière",591.44492
2015,24,"Centre-Val de Loire","28","Eure-et-Loir","02D","Encombrants","02B","Incinération avec récupération d'énergie",18826.49104
2015,24,"Centre-Val de Loire","28","Eure-et-Loir","02D","Encombrants","02D","Stockage",14300.21299
2015,24,"Centre-Val de Loire","28","Eure-et-Loir","02D","Encombrants","02Z","Non précisé",100.78513
2015,24,"Centre-Val de Loire","28","Eure-et-Loir","02E","Déblais et gravats","02A","Valorisation matière",4699.0981
2015,24,"Centre-Val de Loire","28","Eure-et-Loir","02E","Déblais et gravats","02F","Stockage pour inertes",26507.62434
2015,24,"Centre-Val de Loire","28","Eure-et-Loir","02F","DEEE","02A","Valorisation matière",3128.84833
2015,24,"Centre-Val de Loire","28","Eure-et-Loir","02F","DEEE","02Z","Non précisé",5.49875
2015,24,"Centre-Val de Loire","28","Eure-et-Loir","02Z","Autres déchets","02A","Valorisation matière",29.61913
2015,24,"Centre-Val de Loire","36","Indre","02A","Déchets dangereux","02A","Valorisation matière",246.3068
2015,24,"Centre-Val de Loire","36","Indre","02A","Déchets dangereux","02B","Incinération avec récupération d'énergie",0.786
2015,24,"Centre-Val de Loire","36","Indre","02A","Déchets dangereux","02C","Incinération sans récupération d'énergie",129.59459
2015,24,"Centre-Val de Loire","36","Indre","02A","Déchets dangereux","02Z","Non précisé",37.612
2015,24,"Centre-Val de Loire","36","Indre","02B","Matériaux recyclables","02A","Valorisation matière",3951.50186
2015,24,"Centre-Val de Loire","36","Indre","02B","Matériaux recyclables","02B","Incinération avec récupération d'énergie",436.04
2015,24,"Centre-Val de Loire","36","Indre","02B","Matériaux recyclables","02C","Incinération sans récupération d'énergie",0.461
2015,24,"Centre-Val de Loire","36","Indre","02B","Matériaux recyclables","02D","Stockage",166.64
2015,24,"Centre-Val de Loire","36","Indre","02B","Matériaux recyclables","02E","Valorisation organique",442.21969
2015,24,"Centre-Val de Loire","36","Indre","02B","Matériaux recyclables","02Z","Non précisé",178.54306
2015,24,"Centre-Val de Loire","36","Indre","02C","Déchets verts","02A","Valorisation matière",486.62245
2015,24,"Centre-Val de Loire","36","Indre","02C","Déchets verts","02E","Valorisation organique",14454.45377
2015,24,"Centre-Val de Loire","36","Indre","02C","Déchets verts","02Z","Non précisé",1569.82131
2015,24,"Centre-Val de Loire","36","Indre","02D","Encombrants","02A","Valorisation matière",423.0783
2015,24,"Centre-Val de Loire","36","Indre","02D","Encombrants","02D","Stockage",14004.38384
2015,24,"Centre-Val de Loire","36","Indre","02D","Encombrants","02Z","Non précisé",62.8
2015,24,"Centre-Val de Loire","36","Indre","02E","Déblais et gravats","02A","Valorisation matière",1312.94186
2015,24,"Centre-Val de Loire","36","Indre","02E","Déblais et gravats","02D","Stockage",1849.36088
2015,24,"Centre-Val de Loire","36","Indre","02E","Déblais et gravats","02F","Stockage pour inertes",1654.2868
2015,24,"Centre-Val de Loire","36","Indre","02E","Déblais et gravats","02Z","Non précisé",1556
2015,24,"Centre-Val de Loire","36","Indre","02F","DEEE","02A","Valorisation matière",1492.44441
2015,24,"Centre-Val de Loire","36","Indre","02F","DEEE","02Z","Non précisé",99
2015,24,"Centre-Val de Loire","36","Indre","02Z","Autres déchets","02A","Valorisation matière",3.463
2015,24,"Centre-Val de Loire","36","Indre","02Z","Autres déchets","02Z","Non précisé",50.28947
2015,24,"Centre-Val de Loire","37","Indre-et-Loire","02A","Déchets dangereux","02A","Valorisation matière",855.86573
2015,24,"Centre-Val de Loire","37","Indre-et-Loire","02A","Déchets dangereux","02B","Incinération avec récupération d'énergie",74.53841
2015,24,"Centre-Val de Loire","37","Indre-et-Loire","02A","Déchets dangereux","02C","Incinération sans récupération d'énergie",55.005
2015,24,"Centre-Val de Loire","37","Indre-et-Loire","02A","Déchets dangereux","02D","Stockage",84.75
2015,24,"Centre-Val de Loire","37","Indre-et-Loire","02A","Déchets dangereux","02Z","Non précisé",160.36112
2015,24,"Centre-Val de Loire","37","Indre-et-Loire","02B","Matériaux recyclables","02A","Valorisation matière",12461.91469
2015,24,"Centre-Val de Loire","37","Indre-et-Loire","02B","Matériaux recyclables","02B","Incinération avec récupération d'énergie",944.828
2015,24,"Centre-Val de Loire","37","Indre-et-Loire","02B","Matériaux recyclables","02D","Stockage",978.71
2015,24,"Centre-Val de Loire","37","Indre-et-Loire","02B","Matériaux recyclables","02E","Valorisation organique",284.49628
2015,24,"Centre-Val de Loire","37","Indre-et-Loire","02B","Matériaux recyclables","02Z","Non précisé",3.55
2015,24,"Centre-Val de Loire","37","Indre-et-Loire","02C","Déchets verts","02A","Valorisation matière",2532.55
2015,24,"Centre-Val de Loire","37","Indre-et-Loire","02C","Déchets verts","02E","Valorisation organique",37335.19177
2015,24,"Centre-Val de Loire","37","Indre-et-Loire","02D","Encombrants","02A","Valorisation matière",10800.92817
2015,24,"Centre-Val de Loire","37","Indre-et-Loire","02D","Encombrants","02B","Incinération avec récupération d'énergie",1128.84734
2015,24,"Centre-Val de Loire","37","Indre-et-Loire","02D","Encombrants","02D","Stockage",24929.09
2015,24,"Centre-Val de Loire","37","Indre-et-Loire","02D","Encombrants","02Z","Non précisé",153.86
2015,24,"Centre-Val de Loire","37","Indre-et-Loire","02E","Déblais et gravats","02A","Valorisation matière",17233.73653
2015,24,"Centre-Val de Loire","37","Indre-et-Loire","02E","Déblais et gravats","02D","Stockage",10633.45
2015,24,"Centre-Val de Loire","37","Indre-et-Loire","02E","Déblais et gravats","02F","Stockage pour inertes",1625
2015,24,"Centre-Val de Loire","37","Indre-et-Loire","02E","Déblais et gravats","02Z","Non précisé",728
2015,24,"Centre-Val de Loire","37","Indre-et-Loire","02F","DEEE","02A","Valorisation matière",3094.29757
2015,24,"Centre-Val de Loire","37","Indre-et-Loire","02F","DEEE","02Z","Non précisé",109.37
2015,24,"Centre-Val de Loire","37","Indre-et-Loire","02Z","Autres déchets","02A","Valorisation matière",6.36044
2015,24,"Centre-Val de Loire","37","Indre-et-Loire","02Z","Autres déchets","02B","Incinération avec récupération d'énergie",0.63
2015,24,"Centre-Val de Loire","37","Indre-et-Loire","02Z","Autres déchets","02Z","Non précisé",1.183
2015,24,"Centre-Val de Loire","41","Loir-et-Cher","02A","Déchets dangereux","02A","Valorisation matière",111.14695
2015,24,"Centre-Val de Loire","41","Loir-et-Cher","02A","Déchets dangereux","02B","Incinération avec récupération d'énergie",163.41733
2015,24,"Centre-Val de Loire","41","Loir-et-Cher","02A","Déchets dangereux","02C","Incinération sans récupération d'énergie",4.6944
2015,24,"Centre-Val de Loire","41","Loir-et-Cher","02A","Déchets dangereux","02F","Stockage pour inertes",0.2848
2015,24,"Centre-Val de Loire","41","Loir-et-Cher","02A","Déchets dangereux","02Z","Non précisé",291.47473
2015,24,"Centre-Val de Loire","41","Loir-et-Cher","02B","Matériaux recyclables","02A","Valorisation matière",8422.05307
2015,24,"Centre-Val de Loire","41","Loir-et-Cher","02B","Matériaux recyclables","02B","Incinération avec récupération d'énergie",1.26469
2015,24,"Centre-Val de Loire","41","Loir-et-Cher","02B","Matériaux recyclables","02D","Stockage",142.32638
2015,24,"Centre-Val de Loire","41","Loir-et-Cher","02B","Matériaux recyclables","02E","Valorisation organique",429.42271
2015,24,"Centre-Val de Loire","41","Loir-et-Cher","02B","Matériaux recyclables","02Z","Non précisé",267.15156
2015,24,"Centre-Val de Loire","41","Loir-et-Cher","02C","Déchets verts","02A","Valorisation matière",3341.6
2015,24,"Centre-Val de Loire","41","Loir-et-Cher","02C","Déchets verts","02E","Valorisation organique",25811.48481
2015,24,"Centre-Val de Loire","41","Loir-et-Cher","02D","Encombrants","02A","Valorisation matière",525.25604
2015,24,"Centre-Val de Loire","41","Loir-et-Cher","02D","Encombrants","02B","Incinération avec récupération d'énergie",3490.02892
2015,24,"Centre-Val de Loire","41","Loir-et-Cher","02D","Encombrants","02D","Stockage",23208.29037
2015,24,"Centre-Val de Loire","41","Loir-et-Cher","02D","Encombrants","02Z","Non précisé",295.31999
2015,24,"Centre-Val de Loire","41","Loir-et-Cher","02E","Déblais et gravats","02A","Valorisation matière",4508.65551
2015,24,"Centre-Val de Loire","41","Loir-et-Cher","02E","Déblais et gravats","02D","Stockage",120.21856
2015,24,"Centre-Val de Loire","41","Loir-et-Cher","02E","Déblais et gravats","02F","Stockage pour inertes",15801.12
2015,24,"Centre-Val de Loire","41","Loir-et-Cher","02E","Déblais et gravats","02Z","Non précisé",0.00619
2015,24,"Centre-Val de Loire","41","Loir-et-Cher","02F","DEEE","02A","Valorisation matière",2085.16442
2015,24,"Centre-Val de Loire","41","Loir-et-Cher","02Z","Autres déchets","02A","Valorisation matière",3.11218
2015,24,"Centre-Val de Loire","41","Loir-et-Cher","02Z","Autres déchets","02C","Incinération sans récupération d'énergie",1.44
2015,24,"Centre-Val de Loire","41","Loir-et-Cher","02Z","Autres déchets","02Z","Non précisé",4.758
2015,24,"Centre-Val de Loire","45","Loiret","02A","Déchets dangereux","02A","Valorisation matière",515.73473
2015,24,"Centre-Val de Loire","45","Loiret","02A","Déchets dangereux","02B","Incinération avec récupération d'énergie",364.13405
2015,24,"Centre-Val de Loire","45","Loiret","02A","Déchets dangereux","02C","Incinération sans récupération d'énergie",56.369
2015,24,"Centre-Val de Loire","45","Loiret","02A","Déchets dangereux","02D","Stockage",39.6
2015,24,"Centre-Val de Loire","45","Loiret","02A","Déchets dangereux","02Z","Non précisé",85.36365
2015,24,"Centre-Val de Loire","45","Loiret","02B","Matériaux recyclables","02A","Valorisation matière",16296.88099
2015,24,"Centre-Val de Loire","45","Loiret","02B","Matériaux recyclables","02B","Incinération avec récupération d'énergie",2466.47
2015,24,"Centre-Val de Loire","45","Loiret","02B","Matériaux recyclables","02Z","Non précisé",748.70614
2015,24,"Centre-Val de Loire","45","Loiret","02C","Déchets verts","02E","Valorisation organique",54632.80594
2015,24,"Centre-Val de Loire","45","Loiret","02D","Encombrants","02A","Valorisation matière",10382.59781
2015,24,"Centre-Val de Loire","45","Loiret","02D","Encombrants","02B","Incinération avec récupération d'énergie",13494.09454
2015,24,"Centre-Val de Loire","45","Loiret","02D","Encombrants","02D","Stockage",24344.13761
2015,24,"Centre-Val de Loire","45","Loiret","02D","Encombrants","02Z","Non précisé",414.63962
2015,24,"Centre-Val de Loire","45","Loiret","02E","Déblais et gravats","02A","Valorisation matière",3328.81
2015,24,"Centre-Val de Loire","45","Loiret","02E","Déblais et gravats","02D","Stockage",4686.86
2015,24,"Centre-Val de Loire","45","Loiret","02E","Déblais et gravats","02F","Stockage pour inertes",33683.84687
2015,24,"Centre-Val de Loire","45","Loiret","02E","Déblais et gravats","02Z","Non précisé",0.00281
2015,24,"Centre-Val de Loire","45","Loiret","02F","DEEE","02A","Valorisation matière",3657.31947
2015,24,"Centre-Val de Loire","45","Loiret","02F","DEEE","02Z","Non précisé",466.41101
2015,24,"Centre-Val de Loire","45","Loiret","02Z","Autres déchets","02A","Valorisation matière",13.90257
2015,24,"Centre-Val de Loire","45","Loiret","02Z","Autres déchets","02Z","Non précisé",0.007
2015,94,"Corse","2A","Corse-du-Sud","02A","Déchets dangereux","02A","Valorisation matière",30.6156
2015,94,"Corse","2A","Corse-du-Sud","02B","Matériaux recyclables","02A","Valorisation matière",4035.96107
2015,94,"Corse","2A","Corse-du-Sud","02C","Déchets verts","02E","Valorisation organique",6367.12767
2015,94,"Corse","2A","Corse-du-Sud","02D","Encombrants","02A","Valorisation matière",4314.53128
2015,94,"Corse","2A","Corse-du-Sud","02D","Encombrants","02D","Stockage",5465.25783
2015,94,"Corse","2A","Corse-du-Sud","02E","Déblais et gravats","02A","Valorisation matière",2779.98
2015,94,"Corse","2A","Corse-du-Sud","02F","DEEE","02A","Valorisation matière",1922.90355
2015,94,"Corse","2A","Corse-du-Sud","02Z","Autres déchets","02A","Valorisation matière",20.243
2015,94,"Corse","2B","Haute-Corse","02A","Déchets dangereux","02A","Valorisation matière",1.29848
2015,94,"Corse","2B","Haute-Corse","02A","Déchets dangereux","02Z","Non précisé",0.07
2015,94,"Corse","2B","Haute-Corse","02B","Matériaux recyclables","02A","Valorisation matière",4880.59795
2015,94,"Corse","2B","Haute-Corse","02C","Déchets verts","02A","Valorisation matière",241
2015,94,"Corse","2B","Haute-Corse","02C","Déchets verts","02E","Valorisation organique",3337.70333
2015,94,"Corse","2B","Haute-Corse","02D","Encombrants","02A","Valorisation matière",1924.99373
2015,94,"Corse","2B","Haute-Corse","02D","Encombrants","02D","Stockage",6376.74218
2015,94,"Corse","2B","Haute-Corse","02E","Déblais et gravats","02A","Valorisation matière",396
2015,94,"Corse","2B","Haute-Corse","02E","Déblais et gravats","02F","Stockage pour inertes",1903
2015,94,"Corse","2B","Haute-Corse","02F","DEEE","02A","Valorisation matière",1808.99645
2015,94,"Corse","2B","Haute-Corse","02Z","Autres déchets","02A","Valorisation matière",5
2015,94,"Corse","2B","Haute-Corse","02Z","Autres déchets","02Z","Non précisé",2
2015,97,"Dom-Com","971","Guadeloupe","02A","Déchets dangereux","02A","Valorisation matière",668.72
2015,97,"Dom-Com","971","Guadeloupe","02A","Déchets dangereux","02D","Stockage",1169.339
2015,97,"Dom-Com","971","Guadeloupe","02A","Déchets dangereux","02Z","Non précisé",0.1
2015,97,"Dom-Com","971","Guadeloupe","02B","Matériaux recyclables","02A","Valorisation matière",2899.9
2015,97,"Dom-Com","971","Guadeloupe","02B","Matériaux recyclables","02D","Stockage",436
2015,97,"Dom-Com","971","Guadeloupe","02C","Déchets verts","02E","Valorisation organique",5513.701
2015,97,"Dom-Com","971","Guadeloupe","02D","Encombrants","02A","Valorisation matière",58.32
2015,97,"Dom-Com","971","Guadeloupe","02D","Encombrants","02D","Stockage",3197.481
2015,97,"Dom-Com","971","Guadeloupe","02E","Déblais et gravats","02D","Stockage",189.32
2015,97,"Dom-Com","971","Guadeloupe","02E","Déblais et gravats","02F","Stockage pour inertes",856.76
2015,97,"Dom-Com","971","Guadeloupe","02F","DEEE","02A","Valorisation matière",1177.24
2015,97,"Dom-Com","971","Guadeloupe","02F","DEEE","02D","Stockage",94.181
2015,97,"Dom-Com","971","Guadeloupe","02Z","Autres déchets","02A","Valorisation matière",88.44
2015,97,"Dom-Com","971","Guadeloupe","02Z","Autres déchets","02D","Stockage",2853.16
2015,97,"Dom-Com","972","Martinique","02A","Déchets dangereux","02A","Valorisation matière",192.251
2015,97,"Dom-Com","972","Martinique","02A","Déchets dangereux","02B","Incinération avec récupération d'énergie",0.142
2015,97,"Dom-Com","972","Martinique","02A","Déchets dangereux","02Z","Non précisé",1.56
2015,97,"Dom-Com","972","Martinique","02B","Matériaux recyclables","02A","Valorisation matière",3030.255
2015,97,"Dom-Com","972","Martinique","02C","Déchets verts","02E","Valorisation organique",5577.544
2015,97,"Dom-Com","972","Martinique","02D","Encombrants","02A","Valorisation matière",16.2
2015,97,"Dom-Com","972","Martinique","02D","Encombrants","02D","Stockage",6322.432
2015,97,"Dom-Com","972","Martinique","02E","Déblais et gravats","02D","Stockage",1164.15
2015,97,"Dom-Com","972","Martinique","02F","DEEE","02A","Valorisation matière",1756.064
2015,97,"Dom-Com","972","Martinique","02Z","Autres déchets","02Z","Non précisé",4901.26
2015,97,"Dom-Com","973","Guyane","02A","Déchets dangereux","02Z","Non précisé",43.22
2015,97,"Dom-Com","973","Guyane","02B","Matériaux recyclables","02A","Valorisation matière",1144
2015,97,"Dom-Com","973","Guyane","02B","Matériaux recyclables","02D","Stockage",982
2015,97,"Dom-Com","973","Guyane","02C","Déchets verts","02E","Valorisation organique",947
2015,97,"Dom-Com","973","Guyane","02D","Encombrants","02D","Stockage",992
2015,97,"Dom-Com","973","Guyane","02E","Déblais et gravats","02F","Stockage pour inertes",770
2015,97,"Dom-Com","973","Guyane","02F","DEEE","02A","Valorisation matière",249
2015,97,"Dom-Com","974","Réunion","02A","Déchets dangereux","02A","Valorisation matière",93.822
2015,97,"Dom-Com","974","Réunion","02A","Déchets dangereux","02Z","Non précisé",49.013
2015,97,"Dom-Com","974","Réunion","02B","Matériaux recyclables","02A","Valorisation matière",9484.23
2015,97,"Dom-Com","974","Réunion","02B","Matériaux recyclables","02Z","Non précisé",261.58
2015,97,"Dom-Com","974","Réunion","02C","Déchets verts","02A","Valorisation matière",4247
2015,97,"Dom-Com","974","Réunion","02C","Déchets verts","02E","Valorisation organique",8532.13
2015,97,"Dom-Com","974","Réunion","02C","Déchets verts","02Z","Non précisé",4501.58
2015,97,"Dom-Com","974","Réunion","02D","Encombrants","02A","Valorisation matière",2738.56
2015,97,"Dom-Com","974","Réunion","02D","Encombrants","02D","Stockage",25058.58
2015,97,"Dom-Com","974","Réunion","02E","Déblais et gravats","02A","Valorisation matière",5015.53
2015,97,"Dom-Com","974","Réunion","02E","Déblais et gravats","02D","Stockage",5210.52
2015,97,"Dom-Com","974","Réunion","02E","Déblais et gravats","02F","Stockage pour inertes",4806
2015,97,"Dom-Com","974","Réunion","02E","Déblais et gravats","02Z","Non précisé",605
2015,97,"Dom-Com","974","Réunion","02F","DEEE","02A","Valorisation matière",3524.689
2015,97,"Dom-Com","974","Réunion","02Z","Autres déchets","02C","Incinération sans récupération d'énergie",33.774
2015,97,"Dom-Com","977","Saint-Barthélemy","02A","Déchets dangereux","02A","Valorisation matière",78
2015,97,"Dom-Com","977","Saint-Barthélemy","02A","Déchets dangereux","02B","Incinération avec récupération d'énergie",4
2015,97,"Dom-Com","977","Saint-Barthélemy","02A","Déchets dangereux","02Z","Non précisé",1
2015,97,"Dom-Com","977","Saint-Barthélemy","02B","Matériaux recyclables","02A","Valorisation matière",2014
2015,97,"Dom-Com","977","Saint-Barthélemy","02B","Matériaux recyclables","02B","Incinération avec récupération d'énergie",51
2015,97,"Dom-Com","977","Saint-Barthélemy","02C","Déchets verts","02B","Incinération avec récupération d'énergie",411
2015,97,"Dom-Com","977","Saint-Barthélemy","02D","Encombrants","02A","Valorisation matière",300
2015,97,"Dom-Com","977","Saint-Barthélemy","02D","Encombrants","02B","Incinération avec récupération d'énergie",4741
2015,97,"Dom-Com","977","Saint-Barthélemy","02F","DEEE","02A","Valorisation matière",266
2015,97,"Dom-Com","977","Saint-Barthélemy","02Z","Autres déchets","02A","Valorisation matière",44
2015,97,"Dom-Com","978","Saint-Martin","02A","Déchets dangereux","02A","Valorisation matière",2.08
2015,97,"Dom-Com","978","Saint-Martin","02B","Matériaux recyclables","02A","Valorisation matière",111
2015,97,"Dom-Com","978","Saint-Martin","02C","Déchets verts","02E","Valorisation organique",127
2015,97,"Dom-Com","978","Saint-Martin","02D","Encombrants","02A","Valorisation matière",208
2015,97,"Dom-Com","978","Saint-Martin","02E","Déblais et gravats","02A","Valorisation matière",152
2015,97,"Dom-Com","978","Saint-Martin","02F","DEEE","02Z","Non précisé",48
2015,97,"Dom-Com","978","Saint-Martin","02Z","Autres déchets","02A","Valorisation matière",0.001
2015,97,"Dom-Com","987","Polynésie-française","02A","Déchets dangereux","02A","Valorisation matière",10.1
2015,97,"Dom-Com","987","Polynésie-française","02A","Déchets dangereux","02Z","Non précisé",0.1
2015,97,"Dom-Com","987","Polynésie-française","02B","Matériaux recyclables","02D","Stockage",20
2015,97,"Dom-Com","987","Polynésie-française","02C","Déchets verts","02Z","Non précisé",452
2015,97,"Dom-Com","987","Polynésie-française","02D","Encombrants","02D","Stockage",2.748
2015,97,"Dom-Com","987","Polynésie-française","02E","Déblais et gravats","02D","Stockage",483
2015,97,"Dom-Com","987","Polynésie-française","02F","DEEE","02A","Valorisation matière",2
2015,97,"Dom-Com","987","Polynésie-française","02Z","Autres déchets","02A","Valorisation matière",2
2015,44,"Grand-Est","08","Ardennes","02A","Déchets dangereux","02A","Valorisation matière",34.70601
2015,44,"Grand-Est","08","Ardennes","02A","Déchets dangereux","02B","Incinération avec récupération d'énergie",76.187
2015,44,"Grand-Est","08","Ardennes","02A","Déchets dangereux","02C","Incinération sans récupération d'énergie",66
2015,44,"Grand-Est","08","Ardennes","02A","Déchets dangereux","02D","Stockage",11
2015,44,"Grand-Est","08","Ardennes","02A","Déchets dangereux","02Z","Non précisé",243.965
2015,44,"Grand-Est","08","Ardennes","02B","Matériaux recyclables","02A","Valorisation matière",4643.19001
2015,44,"Grand-Est","08","Ardennes","02B","Matériaux recyclables","02B","Incinération avec récupération d'énergie",0.476
2015,44,"Grand-Est","08","Ardennes","02B","Matériaux recyclables","02E","Valorisation organique",5607.22
2015,44,"Grand-Est","08","Ardennes","02B","Matériaux recyclables","02Z","Non précisé",0.986
2015,44,"Grand-Est","08","Ardennes","02C","Déchets verts","02E","Valorisation organique",12788.093
2015,44,"Grand-Est","08","Ardennes","02D","Encombrants","02A","Valorisation matière",180.202
2015,44,"Grand-Est","08","Ardennes","02D","Encombrants","02D","Stockage",20682.717
2015,44,"Grand-Est","08","Ardennes","02D","Encombrants","02Z","Non précisé",207
2015,44,"Grand-Est","08","Ardennes","02E","Déblais et gravats","02A","Valorisation matière",5784.003
2015,44,"Grand-Est","08","Ardennes","02E","Déblais et gravats","02D","Stockage",818.46
2015,44,"Grand-Est","08","Ardennes","02E","Déblais et gravats","02F","Stockage pour inertes",4202.25001
2015,44,"Grand-Est","08","Ardennes","02F","DEEE","02A","Valorisation matière",1364.168
2015,44,"Grand-Est","08","Ardennes","02F","DEEE","02Z","Non précisé",679.386
2015,44,"Grand-Est","08","Ardennes","02Z","Autres déchets","02A","Valorisation matière",1.088
2015,44,"Grand-Est","08","Ardennes","02Z","Autres déchets","02B","Incinération avec récupération d'énergie",5.025
2015,44,"Grand-Est","08","Ardennes","02Z","Autres déchets","02Z","Non précisé",0.009
2015,44,"Grand-Est","10","Aube","02A","Déchets dangereux","02A","Valorisation matière",297.84276
2015,44,"Grand-Est","10","Aube","02A","Déchets dangereux","02B","Incinération avec récupération d'énergie",7.274
2015,44,"Grand-Est","10","Aube","02A","Déchets dangereux","02Z","Non précisé",38.8206
2015,44,"Grand-Est","10","Aube","02B","Matériaux recyclables","02A","Valorisation matière",2784.49284
2015,44,"Grand-Est","10","Aube","02B","Matériaux recyclables","02B","Incinération avec récupération d'énergie",149
2015,44,"Grand-Est","10","Aube","02B","Matériaux recyclables","02E","Valorisation organique",1216.87
2015,44,"Grand-Est","10","Aube","02B","Matériaux recyclables","02Z","Non précisé",560.925
2015,44,"Grand-Est","10","Aube","02C","Déchets verts","02A","Valorisation matière",385.72
2015,44,"Grand-Est","10","Aube","02C","Déchets verts","02E","Valorisation organique",12285.27547
2015,44,"Grand-Est","10","Aube","02D","Encombrants","02A","Valorisation matière",262.78
2015,44,"Grand-Est","10","Aube","02D","Encombrants","02C","Incinération sans récupération d'énergie",289.26
2015,44,"Grand-Est","10","Aube","02D","Encombrants","02D","Stockage",14665.60827
2015,44,"Grand-Est","10","Aube","02D","Encombrants","02Z","Non précisé",336.3
2015,44,"Grand-Est","10","Aube","02E","Déblais et gravats","02A","Valorisation matière",895.06
2015,44,"Grand-Est","10","Aube","02E","Déblais et gravats","02D","Stockage",3235.8
2015,44,"Grand-Est","10","Aube","02E","Déblais et gravats","02F","Stockage pour inertes",8944.29
2015,44,"Grand-Est","10","Aube","02E","Déblais et gravats","02Z","Non précisé",655.2
2015,44,"Grand-Est","10","Aube","02F","DEEE","02A","Valorisation matière",1931.7813
2015,44,"Grand-Est","10","Aube","02F","DEEE","02Z","Non précisé",19.08
2015,44,"Grand-Est","10","Aube","02Z","Autres déchets","02A","Valorisation matière",2.60599
2015,44,"Grand-Est","10","Aube","02Z","Autres déchets","02Z","Non précisé",0.127
2015,44,"Grand-Est","51","Marne","02A","Déchets dangereux","02A","Valorisation matière",1166.44094
2015,44,"Grand-Est","51","Marne","02A","Déchets dangereux","02B","Incinération avec récupération d'énergie",187.042
2015,44,"Grand-Est","51","Marne","02A","Déchets dangereux","02C","Incinération sans récupération d'énergie",577.68063
2015,44,"Grand-Est","51","Marne","02A","Déchets dangereux","02D","Stockage",35.32
2015,44,"Grand-Est","51","Marne","02A","Déchets dangereux","02F","Stockage pour inertes",0.13026
2015,44,"Grand-Est","51","Marne","02A","Déchets dangereux","02Z","Non précisé",507.28708
2015,44,"Grand-Est","51","Marne","02B","Matériaux recyclables","02A","Valorisation matière",18783.28135
2015,44,"Grand-Est","51","Marne","02B","Matériaux recyclables","02B","Incinération avec récupération d'énergie",3
2015,44,"Grand-Est","51","Marne","02B","Matériaux recyclables","02Z","Non précisé",225.2007
2015,44,"Grand-Est","51","Marne","02C","Déchets verts","02E","Valorisation organique",21829.04299
2015,44,"Grand-Est","51","Marne","02D","Encombrants","02A","Valorisation matière",10389.49451
2015,44,"Grand-Est","51","Marne","02D","Encombrants","02B","Incinération avec récupération d'énergie",7849.27607
2015,44,"Grand-Est","51","Marne","02D","Encombrants","02D","Stockage",15663.65
2015,44,"Grand-Est","51","Marne","02D","Encombrants","02Z","Non précisé",1370.68
2015,44,"Grand-Est","51","Marne","02E","Déblais et gravats","02A","Valorisation matière",23356.87
2015,44,"Grand-Est","51","Marne","02E","Déblais et gravats","02F","Stockage pour inertes",76.02127
2015,44,"Grand-Est","51","Marne","02E","Déblais et gravats","02Z","Non précisé",964.3
2015,44,"Grand-Est","51","Marne","02F","DEEE","02A","Valorisation matière",3287.90568
2015,44,"Grand-Est","51","Marne","02F","DEEE","02Z","Non précisé",94.915
2015,44,"Grand-Est","51","Marne","02Z","Autres déchets","02A","Valorisation matière",2.44
2015,44,"Grand-Est","51","Marne","02Z","Autres déchets","02B","Incinération avec récupération d'énergie",0.08319
2015,44,"Grand-Est","51","Marne","02Z","Autres déchets","02Z","Non précisé",4.89
2015,44,"Grand-Est","52","Haute-Marne","02A","Déchets dangereux","02A","Valorisation matière",309.84956
2015,44,"Grand-Est","52","Haute-Marne","02A","Déchets dangereux","02B","Incinération avec récupération d'énergie",0.12722
2015,44,"Grand-Est","52","Haute-Marne","02A","Déchets dangereux","02C","Incinération sans récupération d'énergie",48.71028
2015,44,"Grand-Est","52","Haute-Marne","02A","Déchets dangereux","02D","Stockage",0.28807
2015,44,"Grand-Est","52","Haute-Marne","02A","Déchets dangereux","02F","Stockage pour inertes",16.36864
2015,44,"Grand-Est","52","Haute-Marne","02A","Déchets dangereux","02Z","Non précisé",2.66641
2015,44,"Grand-Est","52","Haute-Marne","02B","Matériaux recyclables","02A","Valorisation matière",6054.05
2015,44,"Grand-Est","52","Haute-Marne","02B","Matériaux recyclables","02B","Incinération avec récupération d'énergie",10.28518
2015,44,"Grand-Est","52","Haute-Marne","02B","Matériaux recyclables","02Z","Non précisé",77.99787
2015,44,"Grand-Est","52","Haute-Marne","02C","Déchets verts","02E","Valorisation organique",9392.39623
2015,44,"Grand-Est","52","Haute-Marne","02D","Encombrants","02A","Valorisation matière",378.10626
2015,44,"Grand-Est","52","Haute-Marne","02D","Encombrants","02B","Incinération avec récupération d'énergie",10436.37677
2015,44,"Grand-Est","52","Haute-Marne","02D","Encombrants","02D","Stockage",2.95173
2015,44,"Grand-Est","52","Haute-Marne","02E","Déblais et gravats","02A","Valorisation matière",2.03712
2015,44,"Grand-Est","52","Haute-Marne","02E","Déblais et gravats","02D","Stockage",1.36396
2015,44,"Grand-Est","52","Haute-Marne","02E","Déblais et gravats","02F","Stockage pour inertes",9575.20207
2015,44,"Grand-Est","52","Haute-Marne","02F","DEEE","02A","Valorisation matière",1591.61328
2015,44,"Grand-Est","52","Haute-Marne","02Z","Autres déchets","02A","Valorisation matière",0.00001
2015,44,"Grand-Est","52","Haute-Marne","02Z","Autres déchets","02B","Incinération avec récupération d'énergie",10.45785
2015,44,"Grand-Est","54","Meurthe-et-Moselle","02A","Déchets dangereux","02A","Valorisation matière",208.18032
2015,44,"Grand-Est","54","Meurthe-et-Moselle","02A","Déchets dangereux","02B","Incinération avec récupération d'énergie",238.33942
2015,44,"Grand-Est","54","Meurthe-et-Moselle","02A","Déchets dangereux","02C","Incinération sans récupération d'énergie",0.70858
2015,44,"Grand-Est","54","Meurthe-et-Moselle","02A","Déchets dangereux","02D","Stockage",0.13985
2015,44,"Grand-Est","54","Meurthe-et-Moselle","02A","Déchets dangereux","02Z","Non précisé",54.92301
2015,44,"Grand-Est","54","Meurthe-et-Moselle","02B","Matériaux recyclables","02A","Valorisation matière",14717.67852
2015,44,"Grand-Est","54","Meurthe-et-Moselle","02B","Matériaux recyclables","02B","Incinération avec récupération d'énergie",314.83959
2015,44,"Grand-Est","54","Meurthe-et-Moselle","02B","Matériaux recyclables","02E","Valorisation organique",3093.93451
2015,44,"Grand-Est","54","Meurthe-et-Moselle","02B","Matériaux recyclables","02Z","Non précisé",1900.4255
2015,44,"Grand-Est","54","Meurthe-et-Moselle","02C","Déchets verts","02A","Valorisation matière",626.42
2015,44,"Grand-Est","54","Meurthe-et-Moselle","02C","Déchets verts","02E","Valorisation organique",12568.31102
2015,44,"Grand-Est","54","Meurthe-et-Moselle","02D","Encombrants","02A","Valorisation matière",5026.21802
2015,44,"Grand-Est","54","Meurthe-et-Moselle","02D","Encombrants","02B","Incinération avec récupération d'énergie",764.46607
2015,44,"Grand-Est","54","Meurthe-et-Moselle","02D","Encombrants","02D","Stockage",26369.28821
2015,44,"Grand-Est","54","Meurthe-et-Moselle","02D","Encombrants","02Z","Non précisé",3005.76
2015,44,"Grand-Est","54","Meurthe-et-Moselle","02E","Déblais et gravats","02A","Valorisation matière",6550.60122
2015,44,"Grand-Est","54","Meurthe-et-Moselle","02E","Déblais et gravats","02D","Stockage",8.94152
2015,44,"Grand-Est","54","Meurthe-et-Moselle","02E","Déblais et gravats","02F","Stockage pour inertes",17093.93304
2015,44,"Grand-Est","54","Meurthe-et-Moselle","02E","Déblais et gravats","02Z","Non précisé",3573.84294
2015,44,"Grand-Est","54","Meurthe-et-Moselle","02F","DEEE","02A","Valorisation matière",1458.41587
2015,44,"Grand-Est","54","Meurthe-et-Moselle","02F","DEEE","02Z","Non précisé",230.06474
2015,44,"Grand-Est","54","Meurthe-et-Moselle","02Z","Autres déchets","02A","Valorisation matière",6.58046
2015,44,"Grand-Est","54","Meurthe-et-Moselle","02Z","Autres déchets","02B","Incinération avec récupération d'énergie",1.56468
2015,44,"Grand-Est","54","Meurthe-et-Moselle","02Z","Autres déchets","02Z","Non précisé",2.59999
2015,44,"Grand-Est","55","Meuse","02A","Déchets dangereux","02A","Valorisation matière",110.6691
2015,44,"Grand-Est","55","Meuse","02A","Déchets dangereux","02B","Incinération avec récupération d'énergie",36.22132
2015,44,"Grand-Est","55","Meuse","02A","Déchets dangereux","02D","Stockage",9.22
2015,44,"Grand-Est","55","Meuse","02A","Déchets dangereux","02Z","Non précisé",114.4604
2015,44,"Grand-Est","55","Meuse","02B","Matériaux recyclables","02A","Valorisation matière",2382.49509
2015,44,"Grand-Est","55","Meuse","02B","Matériaux recyclables","02B","Incinération avec récupération d'énergie",1462.83
2015,44,"Grand-Est","55","Meuse","02B","Matériaux recyclables","02E","Valorisation organique",805.30549
2015,44,"Grand-Est","55","Meuse","02B","Matériaux recyclables","02Z","Non précisé",1672.85259
2015,44,"Grand-Est","55","Meuse","02C","Déchets verts","02E","Valorisation organique",6755.72198
2015,44,"Grand-Est","55","Meuse","02C","Déchets verts","02Z","Non précisé",71.759
2015,44,"Grand-Est","55","Meuse","02D","Encombrants","02A","Valorisation matière",94.399
2015,44,"Grand-Est","55","Meuse","02D","Encombrants","02B","Incinération avec récupération d'énergie",283
2015,44,"Grand-Est","55","Meuse","02D","Encombrants","02D","Stockage",11099.05565
2015,44,"Grand-Est","55","Meuse","02D","Encombrants","02Z","Non précisé",568.173
2015,44,"Grand-Est","55","Meuse","02E","Déblais et gravats","02A","Valorisation matière",1744.841
2015,44,"Grand-Est","55","Meuse","02E","Déblais et gravats","02B","Incinération avec récupération d'énergie",689.2
2015,44,"Grand-Est","55","Meuse","02E","Déblais et gravats","02D","Stockage",90.115
2015,44,"Grand-Est","55","Meuse","02E","Déblais et gravats","02F","Stockage pour inertes",2747.34984
2015,44,"Grand-Est","55","Meuse","02E","Déblais et gravats","02Z","Non précisé",880.59106
2015,44,"Grand-Est","55","Meuse","02F","DEEE","02A","Valorisation matière",643.31492
2015,44,"Grand-Est","55","Meuse","02F","DEEE","02Z","Non précisé",168.88126
2015,44,"Grand-Est","55","Meuse","02Z","Autres déchets","02A","Valorisation matière",0.404
2015,44,"Grand-Est","55","Meuse","02Z","Autres déchets","02B","Incinération avec récupération d'énergie",6.087
2015,44,"Grand-Est","55","Meuse","02Z","Autres déchets","02Z","Non précisé",3.38
2015,44,"Grand-Est","57","Moselle","02A","Déchets dangereux","02A","Valorisation matière",408.1575
2015,44,"Grand-Est","57","Moselle","02A","Déchets dangereux","02B","Incinération avec récupération d'énergie",53.75142
2015,44,"Grand-Est","57","Moselle","02A","Déchets dangereux","02C","Incinération sans récupération d'énergie",559.66604
2015,44,"Grand-Est","57","Moselle","02A","Déchets dangereux","02Z","Non précisé",908.34726
2015,44,"Grand-Est","57","Moselle","02B","Matériaux recyclables","02A","Valorisation matière",22485.5974
2015,44,"Grand-Est","57","Moselle","02B","Matériaux recyclables","02B","Incinération avec récupération d'énergie",20839.24633
2015,44,"Grand-Est","57","Moselle","02B","Matériaux recyclables","02Z","Non précisé",238.78
2015,44,"Grand-Est","57","Moselle","02C","Déchets verts","02E","Valorisation organique",48375.21142
2015,44,"Grand-Est","57","Moselle","02D","Encombrants","02A","Valorisation matière",3517.06586
2015,44,"Grand-Est","57","Moselle","02D","Encombrants","02B","Incinération avec récupération d'énergie",5338.24676
2015,44,"Grand-Est","57","Moselle","02D","Encombrants","02D","Stockage",55194.82605
2015,44,"Grand-Est","57","Moselle","02D","Encombrants","02Z","Non précisé",119.36
2015,44,"Grand-Est","57","Moselle","02E","Déblais et gravats","02A","Valorisation matière",16913.39297
2015,44,"Grand-Est","57","Moselle","02E","Déblais et gravats","02F","Stockage pour inertes",52673.51531
2015,44,"Grand-Est","57","Moselle","02F","DEEE","02A","Valorisation matière",5976.57322
2015,44,"Grand-Est","57","Moselle","02Z","Autres déchets","02A","Valorisation matière",7.92232
2015,44,"Grand-Est","57","Moselle","02Z","Autres déchets","02B","Incinération avec récupération d'énergie",16.97574
2015,44,"Grand-Est","57","Moselle","02Z","Autres déchets","02C","Incinération sans récupération d'énergie",3.79119
2015,44,"Grand-Est","57","Moselle","02Z","Autres déchets","02E","Valorisation organique",22.73366
2015,44,"Grand-Est","57","Moselle","02Z","Autres déchets","02Z","Non précisé",0.55
2015,44,"Grand-Est","67","Bas-Rhin","02A","Déchets dangereux","02A","Valorisation matière",808.68834
2015,44,"Grand-Est","67","Bas-Rhin","02A","Déchets dangereux","02C","Incinération sans récupération d'énergie",208.87686
2015,44,"Grand-Est","67","Bas-Rhin","02A","Déchets dangereux","02D","Stockage",44.58
2015,44,"Grand-Est","67","Bas-Rhin","02A","Déchets dangereux","02Z","Non précisé",323.88453
2015,44,"Grand-Est","67","Bas-Rhin","02B","Matériaux recyclables","02A","Valorisation matière",40276.48422
2015,44,"Grand-Est","67","Bas-Rhin","02B","Matériaux recyclables","02B","Incinération avec récupération d'énergie",570.61543
2015,44,"Grand-Est","67","Bas-Rhin","02B","Matériaux recyclables","02Z","Non précisé",1605.88
2015,44,"Grand-Est","67","Bas-Rhin","02C","Déchets verts","02E","Valorisation organique",48480.55377
2015,44,"Grand-Est","67","Bas-Rhin","02D","Encombrants","02A","Valorisation matière",6950.02452
2015,44,"Grand-Est","67","Bas-Rhin","02D","Encombrants","02B","Incinération avec récupération d'énergie",19367.67459
2015,44,"Grand-Est","67","Bas-Rhin","02D","Encombrants","02D","Stockage",27562.50603
2015,44,"Grand-Est","67","Bas-Rhin","02E","Déblais et gravats","02A","Valorisation matière",42937.60267
2015,44,"Grand-Est","67","Bas-Rhin","02E","Déblais et gravats","02F","Stockage pour inertes",7912.3028
2015,44,"Grand-Est","67","Bas-Rhin","02F","DEEE","02A","Valorisation matière",7357.35056
2015,44,"Grand-Est","67","Bas-Rhin","02Z","Autres déchets","02A","Valorisation matière",60.2999
2015,44,"Grand-Est","67","Bas-Rhin","02Z","Autres déchets","02B","Incinération avec récupération d'énergie",13.15
2015,44,"Grand-Est","67","Bas-Rhin","02Z","Autres déchets","02C","Incinération sans récupération d'énergie",0.20881
2015,44,"Grand-Est","67","Bas-Rhin","02Z","Autres déchets","02D","Stockage",8904
2015,44,"Grand-Est","67","Bas-Rhin","02Z","Autres déchets","02E","Valorisation organique",2.24334
2015,44,"Grand-Est","67","Bas-Rhin","02Z","Autres déchets","02Z","Non précisé",4.84
2015,44,"Grand-Est","68","Haut-Rhin","02A","Déchets dangereux","02A","Valorisation matière",400.06357
2015,44,"Grand-Est","68","Haut-Rhin","02A","Déchets dangereux","02B","Incinération avec récupération d'énergie",152.834
2015,44,"Grand-Est","68","Haut-Rhin","02A","Déchets dangereux","02C","Incinération sans récupération d'énergie",13.39007
2015,44,"Grand-Est","68","Haut-Rhin","02A","Déchets dangereux","02D","Stockage",304.15999
2015,44,"Grand-Est","68","Haut-Rhin","02A","Déchets dangereux","02Z","Non précisé",156.81381
2015,44,"Grand-Est","68","Haut-Rhin","02B","Matériaux recyclables","02A","Valorisation matière",24025.56787
2015,44,"Grand-Est","68","Haut-Rhin","02B","Matériaux recyclables","02D","Stockage",85
2015,44,"Grand-Est","68","Haut-Rhin","02B","Matériaux recyclables","02E","Valorisation organique",899.02
2015,44,"Grand-Est","68","Haut-Rhin","02B","Matériaux recyclables","02Z","Non précisé",688.75
2015,44,"Grand-Est","68","Haut-Rhin","02C","Déchets verts","02E","Valorisation organique",29708.95572
2015,44,"Grand-Est","68","Haut-Rhin","02D","Encombrants","02A","Valorisation matière",7480.46564
2015,44,"Grand-Est","68","Haut-Rhin","02D","Encombrants","02B","Incinération avec récupération d'énergie",20251.11703
2015,44,"Grand-Est","68","Haut-Rhin","02D","Encombrants","02D","Stockage",9852.51715
2015,44,"Grand-Est","68","Haut-Rhin","02D","Encombrants","02Z","Non précisé",33.4
2015,44,"Grand-Est","68","Haut-Rhin","02E","Déblais et gravats","02A","Valorisation matière",35302.2454
2015,44,"Grand-Est","68","Haut-Rhin","02E","Déblais et gravats","02D","Stockage",2217.84
2015,44,"Grand-Est","68","Haut-Rhin","02E","Déblais et gravats","02E","Valorisation organique",481.74
2015,44,"Grand-Est","68","Haut-Rhin","02E","Déblais et gravats","02F","Stockage pour inertes",501.63505
2015,44,"Grand-Est","68","Haut-Rhin","02E","Déblais et gravats","02Z","Non précisé",1544.44
2015,44,"Grand-Est","68","Haut-Rhin","02F","DEEE","02A","Valorisation matière",4145.49983
2015,44,"Grand-Est","68","Haut-Rhin","02Z","Autres déchets","02A","Valorisation matière",54.23713
2015,44,"Grand-Est","68","Haut-Rhin","02Z","Autres déchets","02B","Incinération avec récupération d'énergie",1853.079
2015,44,"Grand-Est","68","Haut-Rhin","02Z","Autres déchets","02Z","Non précisé",0.86
2015,44,"Grand-Est","88","Vosges","02A","Déchets dangereux","02A","Valorisation matière",103.51652
2015,44,"Grand-Est","88","Vosges","02A","Déchets dangereux","02B","Incinération avec récupération d'énergie",165.82263
2015,44,"Grand-Est","88","Vosges","02A","Déchets dangereux","02D","Stockage",185.16209
2015,44,"Grand-Est","88","Vosges","02A","Déchets dangereux","02Z","Non précisé",574.49339
2015,44,"Grand-Est","88","Vosges","02B","Matériaux recyclables","02A","Valorisation matière",8942.87907
2015,44,"Grand-Est","88","Vosges","02B","Matériaux recyclables","02B","Incinération avec récupération d'énergie",8797.28347
2015,44,"Grand-Est","88","Vosges","02B","Matériaux recyclables","02Z","Non précisé",843.62891
2015,44,"Grand-Est","88","Vosges","02C","Déchets verts","02E","Valorisation organique",17363.75911
2015,44,"Grand-Est","88","Vosges","02C","Déchets verts","02Z","Non précisé",3203.69
2015,44,"Grand-Est","88","Vosges","02D","Encombrants","02A","Valorisation matière",7249.33237
2015,44,"Grand-Est","88","Vosges","02D","Encombrants","02B","Incinération avec récupération d'énergie",13678.83057
2015,44,"Grand-Est","88","Vosges","02D","Encombrants","02D","Stockage",15.92092
2015,44,"Grand-Est","88","Vosges","02E","Déblais et gravats","02A","Valorisation matière",2939.60367
2015,44,"Grand-Est","88","Vosges","02E","Déblais et gravats","02D","Stockage",4803.74752
2015,44,"Grand-Est","88","Vosges","02E","Déblais et gravats","02F","Stockage pour inertes",9019.84543
2015,44,"Grand-Est","88","Vosges","02E","Déblais et gravats","02Z","Non précisé",1714.32
2015,44,"Grand-Est","88","Vosges","02F","DEEE","02A","Valorisation matière",3448.95646
2015,44,"Grand-Est","88","Vosges","02Z","Autres déchets","02A","Valorisation matière",0.03022
2015,44,"Grand-Est","88","Vosges","02Z","Autres déchets","02B","Incinération avec récupération d'énergie",31.05419
2015,32,"Hauts-de-France","02","Aisne","02A","Déchets dangereux","02A","Valorisation matière",411.28702
2015,32,"Hauts-de-France","02","Aisne","02A","Déchets dangereux","02B","Incinération avec récupération d'énergie",52.711
2015,32,"Hauts-de-France","02","Aisne","02A","Déchets dangereux","02C","Incinération sans récupération d'énergie",28.73001
2015,32,"Hauts-de-France","02","Aisne","02A","Déchets dangereux","02Z","Non précisé",504.761
2015,32,"Hauts-de-France","02","Aisne","02B","Matériaux recyclables","02A","Valorisation matière",8908.17003
2015,32,"Hauts-de-France","02","Aisne","02B","Matériaux recyclables","02D","Stockage",760.62
2015,32,"Hauts-de-France","02","Aisne","02B","Matériaux recyclables","02E","Valorisation organique",4536.54105
2015,32,"Hauts-de-France","02","Aisne","02B","Matériaux recyclables","02Z","Non précisé",2963.765
2015,32,"Hauts-de-France","02","Aisne","02C","Déchets verts","02A","Valorisation matière",3882.12
2015,32,"Hauts-de-France","02","Aisne","02C","Déchets verts","02E","Valorisation organique",23581.34208
2015,32,"Hauts-de-France","02","Aisne","02D","Encombrants","02A","Valorisation matière",3199.86999
2015,32,"Hauts-de-France","02","Aisne","02D","Encombrants","02D","Stockage",31440.74711
2015,32,"Hauts-de-France","02","Aisne","02D","Encombrants","02Z","Non précisé",575.106
2015,32,"Hauts-de-France","02","Aisne","02E","Déblais et gravats","02A","Valorisation matière",10050.626
2015,32,"Hauts-de-France","02","Aisne","02E","Déblais et gravats","02D","Stockage",5489.6
2015,32,"Hauts-de-France","02","Aisne","02E","Déblais et gravats","02F","Stockage pour inertes",7493
2015,32,"Hauts-de-France","02","Aisne","02E","Déblais et gravats","02Z","Non précisé",150
2015,32,"Hauts-de-France","02","Aisne","02F","DEEE","02A","Valorisation matière",3180.20538
2015,32,"Hauts-de-France","02","Aisne","02F","DEEE","02Z","Non précisé",225.11
2015,32,"Hauts-de-France","02","Aisne","02Z","Autres déchets","02A","Valorisation matière",262.17401
2015,32,"Hauts-de-France","02","Aisne","02Z","Autres déchets","02C","Incinération sans récupération d'énergie",0.001
2015,32,"Hauts-de-France","02","Aisne","02Z","Autres déchets","02Z","Non précisé",17.922
2015,32,"Hauts-de-France","59","Nord","02A","Déchets dangereux","02A","Valorisation matière",1150.08107
2015,32,"Hauts-de-France","59","Nord","02A","Déchets dangereux","02B","Incinération avec récupération d'énergie",288.4262
2015,32,"Hauts-de-France","59","Nord","02A","Déchets dangereux","02C","Incinération sans récupération d'énergie",332.92999
2015,32,"Hauts-de-France","59","Nord","02A","Déchets dangereux","02D","Stockage",3662.97347
2015,32,"Hauts-de-France","59","Nord","02A","Déchets dangereux","02Z","Non précisé",1438.046
2015,32,"Hauts-de-France","59","Nord","02B","Matériaux recyclables","02A","Valorisation matière",55352.2915
2015,32,"Hauts-de-France","59","Nord","02B","Matériaux recyclables","02B","Incinération avec récupération d'énergie",1.126
2015,32,"Hauts-de-France","59","Nord","02B","Matériaux recyclables","02E","Valorisation organique",20370.72
2015,32,"Hauts-de-France","59","Nord","02B","Matériaux recyclables","02Z","Non précisé",1522.433
2015,32,"Hauts-de-France","59","Nord","02C","Déchets verts","02A","Valorisation matière",8406.77747
2015,32,"Hauts-de-France","59","Nord","02C","Déchets verts","02E","Valorisation organique",90065.46
2015,32,"Hauts-de-France","59","Nord","02C","Déchets verts","02Z","Non précisé",3281.64
2015,32,"Hauts-de-France","59","Nord","02D","Encombrants","02A","Valorisation matière",44593.27418
2015,32,"Hauts-de-France","59","Nord","02D","Encombrants","02B","Incinération avec récupération d'énergie",34167.53
2015,32,"Hauts-de-France","59","Nord","02D","Encombrants","02D","Stockage",25370.904
2015,32,"Hauts-de-France","59","Nord","02D","Encombrants","02Z","Non précisé",1259.25
2015,32,"Hauts-de-France","59","Nord","02E","Déblais et gravats","02A","Valorisation matière",159818.0023
2015,32,"Hauts-de-France","59","Nord","02E","Déblais et gravats","02D","Stockage",11638.45
2015,32,"Hauts-de-France","59","Nord","02E","Déblais et gravats","02Z","Non précisé",22923
2015,32,"Hauts-de-France","59","Nord","02F","DEEE","02A","Valorisation matière",4714.51492
2015,32,"Hauts-de-France","59","Nord","02F","DEEE","02Z","Non précisé",4484.449
2015,32,"Hauts-de-France","59","Nord","02Z","Autres déchets","02A","Valorisation matière",18.6538
2015,32,"Hauts-de-France","59","Nord","02Z","Autres déchets","02B","Incinération avec récupération d'énergie",26707.2
2015,32,"Hauts-de-France","59","Nord","02Z","Autres déchets","02C","Incinération sans récupération d'énergie",51.25
2015,32,"Hauts-de-France","59","Nord","02Z","Autres déchets","02Z","Non précisé",672.38076
2015,32,"Hauts-de-France","60","Oise","02A","Déchets dangereux","02A","Valorisation matière",714.70121
2015,32,"Hauts-de-France","60","Oise","02A","Déchets dangereux","02B","Incinération avec récupération d'énergie",9.141
2015,32,"Hauts-de-France","60","Oise","02A","Déchets dangereux","02C","Incinération sans récupération d'énergie",11.614
2015,32,"Hauts-de-France","60","Oise","02A","Déchets dangereux","02D","Stockage",51.31798
2015,32,"Hauts-de-France","60","Oise","02A","Déchets dangereux","02Z","Non précisé",1165.65993
2015,32,"Hauts-de-France","60","Oise","02B","Matériaux recyclables","02A","Valorisation matière",12532.90194
2015,32,"Hauts-de-France","60","Oise","02B","Matériaux recyclables","02E","Valorisation organique",1975.57566
2015,32,"Hauts-de-France","60","Oise","02B","Matériaux recyclables","02Z","Non précisé",212.16071
2015,32,"Hauts-de-France","60","Oise","02C","Déchets verts","02A","Valorisation matière",5360.03239
2015,32,"Hauts-de-France","60","Oise","02C","Déchets verts","02E","Valorisation organique",40676.96652
2015,32,"Hauts-de-France","60","Oise","02D","Encombrants","02A","Valorisation matière",38081.75122
2015,32,"Hauts-de-France","60","Oise","02D","Encombrants","02D","Stockage",29757.65796
2015,32,"Hauts-de-France","60","Oise","02D","Encombrants","02Z","Non précisé",18.222
2015,32,"Hauts-de-France","60","Oise","02E","Déblais et gravats","02A","Valorisation matière",40691.1696
2015,32,"Hauts-de-France","60","Oise","02E","Déblais et gravats","02D","Stockage",2128
2015,32,"Hauts-de-France","60","Oise","02E","Déblais et gravats","02F","Stockage pour inertes",4944.56845
2015,32,"Hauts-de-France","60","Oise","02F","DEEE","02A","Valorisation matière",3874.57803
2015,32,"Hauts-de-France","60","Oise","02F","DEEE","02Z","Non précisé",435.75
2015,32,"Hauts-de-France","60","Oise","02Z","Autres déchets","02A","Valorisation matière",11.27235
2015,32,"Hauts-de-France","60","Oise","02Z","Autres déchets","02B","Incinération avec récupération d'énergie",1.4
2015,32,"Hauts-de-France","60","Oise","02Z","Autres déchets","02Z","Non précisé",0.118
2015,32,"Hauts-de-France","62","Pas-de-Calais","02A","Déchets dangereux","02A","Valorisation matière",1341.45042
2015,32,"Hauts-de-France","62","Pas-de-Calais","02A","Déchets dangereux","02B","Incinération avec récupération d'énergie",794.9898
2015,32,"Hauts-de-France","62","Pas-de-Calais","02A","Déchets dangereux","02C","Incinération sans récupération d'énergie",224.416
2015,32,"Hauts-de-France","62","Pas-de-Calais","02A","Déchets dangereux","02D","Stockage",822.45253
2015,32,"Hauts-de-France","62","Pas-de-Calais","02A","Déchets dangereux","02Z","Non précisé",24.688
2015,32,"Hauts-de-France","62","Pas-de-Calais","02B","Matériaux recyclables","02A","Valorisation matière",31753.1634
2015,32,"Hauts-de-France","62","Pas-de-Calais","02B","Matériaux recyclables","02B","Incinération avec récupération d'énergie",7.13
2015,32,"Hauts-de-France","62","Pas-de-Calais","02B","Matériaux recyclables","02D","Stockage",163.83
2015,32,"Hauts-de-France","62","Pas-de-Calais","02B","Matériaux recyclables","02E","Valorisation organique",5829
2015,32,"Hauts-de-France","62","Pas-de-Calais","02C","Déchets verts","02A","Valorisation matière",5101.49597
2015,32,"Hauts-de-France","62","Pas-de-Calais","02C","Déchets verts","02E","Valorisation organique",60247.09313
2015,32,"Hauts-de-France","62","Pas-de-Calais","02D","Encombrants","02A","Valorisation matière",25429.19571
2015,32,"Hauts-de-France","62","Pas-de-Calais","02D","Encombrants","02B","Incinération avec récupération d'énergie",16620.22
2015,32,"Hauts-de-France","62","Pas-de-Calais","02D","Encombrants","02D","Stockage",27601.64047
2015,32,"Hauts-de-France","62","Pas-de-Calais","02D","Encombrants","02Z","Non précisé",64.24
2015,32,"Hauts-de-France","62","Pas-de-Calais","02E","Déblais et gravats","02A","Valorisation matière",54768.6007
2015,32,"Hauts-de-France","62","Pas-de-Calais","02E","Déblais et gravats","02D","Stockage",366.77
2015,32,"Hauts-de-France","62","Pas-de-Calais","02E","Déblais et gravats","02F","Stockage pour inertes",23426.27
2015,32,"Hauts-de-France","62","Pas-de-Calais","02F","DEEE","02A","Valorisation matière",6202.89946
2015,32,"Hauts-de-France","62","Pas-de-Calais","02F","DEEE","02Z","Non précisé",51.128
2015,32,"Hauts-de-France","62","Pas-de-Calais","02Z","Autres déchets","02A","Valorisation matière",49.44934
2015,32,"Hauts-de-France","62","Pas-de-Calais","02Z","Autres déchets","02E","Valorisation organique",8.38699
2015,32,"Hauts-de-France","62","Pas-de-Calais","02Z","Autres déchets","02Z","Non précisé",52.63924
2015,32,"Hauts-de-France","80","Somme","02A","Déchets dangereux","02A","Valorisation matière",145.6193
2015,32,"Hauts-de-France","80","Somme","02A","Déchets dangereux","02B","Incinération avec récupération d'énergie",125.83986
2015,32,"Hauts-de-France","80","Somme","02A","Déchets dangereux","02C","Incinération sans récupération d'énergie",175.09099
2015,32,"Hauts-de-France","80","Somme","02A","Déchets dangereux","02D","Stockage",125.28359
2015,32,"Hauts-de-France","80","Somme","02A","Déchets dangereux","02F","Stockage pour inertes",66.98
2015,32,"Hauts-de-France","80","Somme","02A","Déchets dangereux","02Z","Non précisé",253.45882
2015,32,"Hauts-de-France","80","Somme","02B","Matériaux recyclables","02A","Valorisation matière",9596.58899
2015,32,"Hauts-de-France","80","Somme","02B","Matériaux recyclables","02E","Valorisation organique",1963.91663
2015,32,"Hauts-de-France","80","Somme","02B","Matériaux recyclables","02Z","Non précisé",268.811
2015,32,"Hauts-de-France","80","Somme","02C","Déchets verts","02A","Valorisation matière",7.49456
2015,32,"Hauts-de-France","80","Somme","02C","Déchets verts","02E","Valorisation organique",33711.79969
2015,32,"Hauts-de-France","80","Somme","02D","Encombrants","02A","Valorisation matière",151.19311
2015,32,"Hauts-de-France","80","Somme","02D","Encombrants","02D","Stockage",39240.50597
2015,32,"Hauts-de-France","80","Somme","02D","Encombrants","02Z","Non précisé",2545.111
2015,32,"Hauts-de-France","80","Somme","02E","Déblais et gravats","02A","Valorisation matière",6938.12002
2015,32,"Hauts-de-France","80","Somme","02E","Déblais et gravats","02D","Stockage",19657.67452
2015,32,"Hauts-de-France","80","Somme","02E","Déblais et gravats","02Z","Non précisé",1887.36
2015,32,"Hauts-de-France","80","Somme","02F","DEEE","02A","Valorisation matière",1996.52429
2015,32,"Hauts-de-France","80","Somme","02F","DEEE","02Z","Non précisé",67
2015,32,"Hauts-de-France","80","Somme","02Z","Autres déchets","02A","Valorisation matière",9.71478
2015,32,"Hauts-de-France","80","Somme","02Z","Autres déchets","02Z","Non précisé",0.19
2015,11,"Ile-de-France","75","Paris","02A","Déchets dangereux","02A","Valorisation matière",11.56192
2015,11,"Ile-de-France","75","Paris","02A","Déchets dangereux","02Z","Non précisé",49.70015
2015,11,"Ile-de-France","75","Paris","02B","Matériaux recyclables","02A","Valorisation matière",802.91042
2015,11,"Ile-de-France","75","Paris","02C","Déchets verts","02E","Valorisation organique",197.51596
2015,11,"Ile-de-France","75","Paris","02D","Encombrants","02A","Valorisation matière",2869.36629
2015,11,"Ile-de-France","75","Paris","02D","Encombrants","02B","Incinération avec récupération d'énergie",595.22425
2015,11,"Ile-de-France","75","Paris","02E","Déblais et gravats","02F","Stockage pour inertes",3659.66565
2015,11,"Ile-de-France","75","Paris","02F","DEEE","02A","Valorisation matière",149.87661
2015,11,"Ile-de-France","77","Seine-et-Marne","02A","Déchets dangereux","02A","Valorisation matière",493.12706
2015,11,"Ile-de-France","77","Seine-et-Marne","02A","Déchets dangereux","02B","Incinération avec récupération d'énergie",19.59977
2015,11,"Ile-de-France","77","Seine-et-Marne","02A","Déchets dangereux","02Z","Non précisé",1451.48056
2015,11,"Ile-de-France","77","Seine-et-Marne","02B","Matériaux recyclables","02A","Valorisation matière",7781.12982
2015,11,"Ile-de-France","77","Seine-et-Marne","02B","Matériaux recyclables","02E","Valorisation organique",3345.19297
2015,11,"Ile-de-France","77","Seine-et-Marne","02B","Matériaux recyclables","02Z","Non précisé",34.24951
2015,11,"Ile-de-France","77","Seine-et-Marne","02C","Déchets verts","02E","Valorisation organique",38148.60686
2015,11,"Ile-de-France","77","Seine-et-Marne","02D","Encombrants","02A","Valorisation matière",735.07797
2015,11,"Ile-de-France","77","Seine-et-Marne","02D","Encombrants","02B","Incinération avec récupération d'énergie",21829.21386
2015,11,"Ile-de-France","77","Seine-et-Marne","02D","Encombrants","02D","Stockage",44685.96539
2015,11,"Ile-de-France","77","Seine-et-Marne","02E","Déblais et gravats","02A","Valorisation matière",7744.40908
2015,11,"Ile-de-France","77","Seine-et-Marne","02E","Déblais et gravats","02D","Stockage",16732.97501
2015,11,"Ile-de-France","77","Seine-et-Marne","02E","Déblais et gravats","02F","Stockage pour inertes",29855.02479
2015,11,"Ile-de-France","77","Seine-et-Marne","02F","DEEE","02A","Valorisation matière",3010.07788
2015,11,"Ile-de-France","77","Seine-et-Marne","02F","DEEE","02Z","Non précisé",19.00254
2015,11,"Ile-de-France","77","Seine-et-Marne","02Z","Autres déchets","02A","Valorisation matière",0.02701
2015,11,"Ile-de-France","78","Yvelines","02A","Déchets dangereux","02A","Valorisation matière",481.21137
2015,11,"Ile-de-France","78","Yvelines","02A","Déchets dangereux","02B","Incinération avec récupération d'énergie",0.57902
2015,11,"Ile-de-France","78","Yvelines","02A","Déchets dangereux","02C","Incinération sans récupération d'énergie",42.59808
2015,11,"Ile-de-France","78","Yvelines","02A","Déchets dangereux","02F","Stockage pour inertes",3.76608
2015,11,"Ile-de-France","78","Yvelines","02A","Déchets dangereux","02Z","Non précisé",840.08122
2015,11,"Ile-de-France","78","Yvelines","02B","Matériaux recyclables","02A","Valorisation matière",13915.90769
2015,11,"Ile-de-France","78","Yvelines","02B","Matériaux recyclables","02E","Valorisation organique",1217
2015,11,"Ile-de-France","78","Yvelines","02C","Déchets verts","02E","Valorisation organique",28459.6107
2015,11,"Ile-de-France","78","Yvelines","02D","Encombrants","02A","Valorisation matière",20995.61374
2015,11,"Ile-de-France","78","Yvelines","02D","Encombrants","02B","Incinération avec récupération d'énergie",9362.10412
2015,11,"Ile-de-France","78","Yvelines","02D","Encombrants","02D","Stockage",22265.83479
2015,11,"Ile-de-France","78","Yvelines","02E","Déblais et gravats","02A","Valorisation matière",8703.7174
2015,11,"Ile-de-France","78","Yvelines","02E","Déblais et gravats","02D","Stockage",7483.293
2015,11,"Ile-de-France","78","Yvelines","02E","Déblais et gravats","02F","Stockage pour inertes",31257.40431
2015,11,"Ile-de-France","78","Yvelines","02F","DEEE","02A","Valorisation matière",2357.23777
2015,11,"Ile-de-France","91","Essonne","02A","Déchets dangereux","02A","Valorisation matière",462.68252
2015,11,"Ile-de-France","91","Essonne","02A","Déchets dangereux","02B","Incinération avec récupération d'énergie",4.28305
2015,11,"Ile-de-France","91","Essonne","02A","Déchets dangereux","02C","Incinération sans récupération d'énergie",5.06464
2015,11,"Ile-de-France","91","Essonne","02A","Déchets dangereux","02Z","Non précisé",836.22915
2015,11,"Ile-de-France","91","Essonne","02B","Matériaux recyclables","02A","Valorisation matière",8511.52127
2015,11,"Ile-de-France","91","Essonne","02B","Matériaux recyclables","02Z","Non précisé",36.11028
2015,11,"Ile-de-France","91","Essonne","02C","Déchets verts","02E","Valorisation organique",22909.67898
2015,11,"Ile-de-France","91","Essonne","02D","Encombrants","02A","Valorisation matière",1296.82797
2015,11,"Ile-de-France","91","Essonne","02D","Encombrants","02B","Incinération avec récupération d'énergie",18159.44585
2015,11,"Ile-de-France","91","Essonne","02D","Encombrants","02D","Stockage",35020.9993
2015,11,"Ile-de-France","91","Essonne","02E","Déblais et gravats","02A","Valorisation matière",20355.51526
2015,11,"Ile-de-France","91","Essonne","02E","Déblais et gravats","02D","Stockage",6505.12414
2015,11,"Ile-de-France","91","Essonne","02E","Déblais et gravats","02F","Stockage pour inertes",11143.74151
2015,11,"Ile-de-France","91","Essonne","02F","DEEE","02A","Valorisation matière",2443.19284
2015,11,"Ile-de-France","91","Essonne","02F","DEEE","02Z","Non précisé",22.60945
2015,11,"Ile-de-France","91","Essonne","02Z","Autres déchets","02A","Valorisation matière",277.34
2015,11,"Ile-de-France","92","Hauts-de-seine","02A","Déchets dangereux","02A","Valorisation matière",25.42141
2015,11,"Ile-de-France","92","Hauts-de-seine","02A","Déchets dangereux","02B","Incinération avec récupération d'énergie",1.609
2015,11,"Ile-de-France","92","Hauts-de-seine","02A","Déchets dangereux","02Z","Non précisé",228.54649
2015,11,"Ile-de-France","92","Hauts-de-seine","02B","Matériaux recyclables","02A","Valorisation matière",2519.92744
2015,11,"Ile-de-France","92","Hauts-de-seine","02C","Déchets verts","02E","Valorisation organique",2032.68179
2015,11,"Ile-de-France","92","Hauts-de-seine","02D","Encombrants","02A","Valorisation matière",10996.41822
2015,11,"Ile-de-France","92","Hauts-de-seine","02D","Encombrants","02B","Incinération avec récupération d'énergie",1213.12484
2015,11,"Ile-de-France","92","Hauts-de-seine","02D","Encombrants","02D","Stockage",1006.46168
2015,11,"Ile-de-France","92","Hauts-de-seine","02E","Déblais et gravats","02A","Valorisation matière",1058.33
2015,11,"Ile-de-France","92","Hauts-de-seine","02E","Déblais et gravats","02D","Stockage",4143.10587
2015,11,"Ile-de-France","92","Hauts-de-seine","02E","Déblais et gravats","02F","Stockage pour inertes",5592.95819
2015,11,"Ile-de-France","92","Hauts-de-seine","02F","DEEE","02A","Valorisation matière",602.67972
2015,11,"Ile-de-France","93","Seine-Saint-Denis","02A","Déchets dangereux","02A","Valorisation matière",129.52209
2015,11,"Ile-de-France","93","Seine-Saint-Denis","02A","Déchets dangereux","02Z","Non précisé",613.09253
2015,11,"Ile-de-France","93","Seine-Saint-Denis","02B","Matériaux recyclables","02A","Valorisation matière",9174.70822
2015,11,"Ile-de-France","93","Seine-Saint-Denis","02B","Matériaux recyclables","02E","Valorisation organique",492.76703
2015,11,"Ile-de-France","93","Seine-Saint-Denis","02C","Déchets verts","02E","Valorisation organique",7972.9257
2015,11,"Ile-de-France","93","Seine-Saint-Denis","02D","Encombrants","02A","Valorisation matière",20728.32531
2015,11,"Ile-de-France","93","Seine-Saint-Denis","02D","Encombrants","02B","Incinération avec récupération d'énergie",213.36346
2015,11,"Ile-de-France","93","Seine-Saint-Denis","02D","Encombrants","02D","Stockage",41116.70118
2015,11,"Ile-de-France","93","Seine-Saint-Denis","02E","Déblais et gravats","02A","Valorisation matière",3863.742
2015,11,"Ile-de-France","93","Seine-Saint-Denis","02E","Déblais et gravats","02D","Stockage",2728
2015,11,"Ile-de-France","93","Seine-Saint-Denis","02E","Déblais et gravats","02F","Stockage pour inertes",36985.04073
2015,11,"Ile-de-France","93","Seine-Saint-Denis","02F","DEEE","02A","Valorisation matière",1171.84117
2015,11,"Ile-de-France","94","Val-de-Marne","02A","Déchets dangereux","02A","Valorisation matière",303.88704
2015,11,"Ile-de-France","94","Val-de-Marne","02A","Déchets dangereux","02B","Incinération avec récupération d'énergie",0.205
2015,11,"Ile-de-France","94","Val-de-Marne","02A","Déchets dangereux","02Z","Non précisé",400.82783
2015,11,"Ile-de-France","94","Val-de-Marne","02B","Matériaux recyclables","02A","Valorisation matière",5046.65993
2015,11,"Ile-de-France","94","Val-de-Marne","02C","Déchets verts","02E","Valorisation organique",6636.64545
2015,11,"Ile-de-France","94","Val-de-Marne","02D","Encombrants","02A","Valorisation matière",4888.77974
2015,11,"Ile-de-France","94","Val-de-Marne","02D","Encombrants","02B","Incinération avec récupération d'énergie",9687.61146
2015,11,"Ile-de-France","94","Val-de-Marne","02D","Encombrants","02D","Stockage",19757.92676
2015,11,"Ile-de-France","94","Val-de-Marne","02E","Déblais et gravats","02A","Valorisation matière",11475.45713
2015,11,"Ile-de-France","94","Val-de-Marne","02E","Déblais et gravats","02D","Stockage",5318.95
2015,11,"Ile-de-France","94","Val-de-Marne","02E","Déblais et gravats","02F","Stockage pour inertes",2984.85525
2015,11,"Ile-de-France","94","Val-de-Marne","02F","DEEE","02A","Valorisation matière",1033.04946
2015,11,"Ile-de-France","95","Val-d'Oise","02A","Déchets dangereux","02A","Valorisation matière",308.15516
2015,11,"Ile-de-France","95","Val-d'Oise","02A","Déchets dangereux","02B","Incinération avec récupération d'énergie",0.3291
2015,11,"Ile-de-France","95","Val-d'Oise","02A","Déchets dangereux","02F","Stockage pour inertes",0.23392
2015,11,"Ile-de-France","95","Val-d'Oise","02A","Déchets dangereux","02Z","Non précisé",731.9938
2015,11,"Ile-de-France","95","Val-d'Oise","02B","Matériaux recyclables","02A","Valorisation matière",8897.12253
2015,11,"Ile-de-France","95","Val-d'Oise","02C","Déchets verts","02E","Valorisation organique",16936.44082
2015,11,"Ile-de-France","95","Val-d'Oise","02D","Encombrants","02A","Valorisation matière",26389.12743
2015,11,"Ile-de-France","95","Val-d'Oise","02D","Encombrants","02B","Incinération avec récupération d'énergie",13561
2015,11,"Ile-de-France","95","Val-d'Oise","02D","Encombrants","02D","Stockage",19258.7862
2015,11,"Ile-de-France","95","Val-d'Oise","02E","Déblais et gravats","02A","Valorisation matière",5089.9
2015,11,"Ile-de-France","95","Val-d'Oise","02E","Déblais et gravats","02D","Stockage",24509.82895
2015,11,"Ile-de-France","95","Val-d'Oise","02E","Déblais et gravats","02F","Stockage pour inertes",14309.69259
2015,11,"Ile-de-France","95","Val-d'Oise","02F","DEEE","02A","Valorisation matière",2153.13694
2015,28,"Normandie","14","Calvados","02A","Déchets dangereux","02A","Valorisation matière",429.8434
2015,28,"Normandie","14","Calvados","02A","Déchets dangereux","02B","Incinération avec récupération d'énergie",299.70501
2015,28,"Normandie","14","Calvados","02A","Déchets dangereux","02C","Incinération sans récupération d'énergie",206.804
2015,28,"Normandie","14","Calvados","02A","Déchets dangereux","02D","Stockage",187.41
2015,28,"Normandie","14","Calvados","02A","Déchets dangereux","02F","Stockage pour inertes",104.11
2015,28,"Normandie","14","Calvados","02A","Déchets dangereux","02Z","Non précisé",2.24217
2015,28,"Normandie","14","Calvados","02B","Matériaux recyclables","02A","Valorisation matière",8741.28294
2015,28,"Normandie","14","Calvados","02B","Matériaux recyclables","02B","Incinération avec récupération d'énergie",11975.22243
2015,28,"Normandie","14","Calvados","02B","Matériaux recyclables","02C","Incinération sans récupération d'énergie",0.6
2015,28,"Normandie","14","Calvados","02B","Matériaux recyclables","02E","Valorisation organique",10.94039
2015,28,"Normandie","14","Calvados","02B","Matériaux recyclables","02Z","Non précisé",0.379
2015,28,"Normandie","14","Calvados","02C","Déchets verts","02E","Valorisation organique",71400.20481
2015,28,"Normandie","14","Calvados","02D","Encombrants","02A","Valorisation matière",13053.23311
2015,28,"Normandie","14","Calvados","02D","Encombrants","02B","Incinération avec récupération d'énergie",810.26
2015,28,"Normandie","14","Calvados","02D","Encombrants","02D","Stockage",31343.20734
2015,28,"Normandie","14","Calvados","02D","Encombrants","02F","Stockage pour inertes",0.94
2015,28,"Normandie","14","Calvados","02E","Déblais et gravats","02A","Valorisation matière",844.93463
2015,28,"Normandie","14","Calvados","02E","Déblais et gravats","02F","Stockage pour inertes",47697.6835
2015,28,"Normandie","14","Calvados","02F","DEEE","02A","Valorisation matière",4280.08373
2015,28,"Normandie","14","Calvados","02Z","Autres déchets","02A","Valorisation matière",10.75006
2015,28,"Normandie","14","Calvados","02Z","Autres déchets","02B","Incinération avec récupération d'énergie",6.041
2015,28,"Normandie","27","Eure","02A","Déchets dangereux","02A","Valorisation matière",906.07321
2015,28,"Normandie","27","Eure","02A","Déchets dangereux","02C","Incinération sans récupération d'énergie",31.77
2015,28,"Normandie","27","Eure","02A","Déchets dangereux","02D","Stockage",166.10324
2015,28,"Normandie","27","Eure","02A","Déchets dangereux","02F","Stockage pour inertes",17.3
2015,28,"Normandie","27","Eure","02A","Déchets dangereux","02Z","Non précisé",268.74642
2015,28,"Normandie","27","Eure","02B","Matériaux recyclables","02A","Valorisation matière",15990.42817
2015,28,"Normandie","27","Eure","02B","Matériaux recyclables","02E","Valorisation organique",6196.93485
2015,28,"Normandie","27","Eure","02B","Matériaux recyclables","02Z","Non précisé",49.31923
2015,28,"Normandie","27","Eure","02C","Déchets verts","02E","Valorisation organique",64010.82053
2015,28,"Normandie","27","Eure","02D","Encombrants","02A","Valorisation matière",1343.20594
2015,28,"Normandie","27","Eure","02D","Encombrants","02B","Incinération avec récupération d'énergie",3345.82767
2015,28,"Normandie","27","Eure","02D","Encombrants","02D","Stockage",27413.66215
2015,28,"Normandie","27","Eure","02D","Encombrants","02F","Stockage pour inertes",3769.1
2015,28,"Normandie","27","Eure","02D","Encombrants","02Z","Non précisé",9.21487
2015,28,"Normandie","27","Eure","02E","Déblais et gravats","02A","Valorisation matière",15446.55682
2015,28,"Normandie","27","Eure","02E","Déblais et gravats","02D","Stockage",7699.05973
2015,28,"Normandie","27","Eure","02E","Déblais et gravats","02F","Stockage pour inertes",20936.2303
2015,28,"Normandie","27","Eure","02E","Déblais et gravats","02Z","Non précisé",143.5
2015,28,"Normandie","27","Eure","02F","DEEE","02A","Valorisation matière",3324.10458
2015,28,"Normandie","27","Eure","02F","DEEE","02Z","Non précisé",1018.50125
2015,28,"Normandie","27","Eure","02Z","Autres déchets","02A","Valorisation matière",10.69984
2015,28,"Normandie","27","Eure","02Z","Autres déchets","02Z","Non précisé",1.24
2015,28,"Normandie","50","Manche","02A","Déchets dangereux","02A","Valorisation matière",278.97499
2015,28,"Normandie","50","Manche","02A","Déchets dangereux","02B","Incinération avec récupération d'énergie",172.28501
2015,28,"Normandie","50","Manche","02A","Déchets dangereux","02C","Incinération sans récupération d'énergie",18.61
2015,28,"Normandie","50","Manche","02A","Déchets dangereux","02D","Stockage",89.33201
2015,28,"Normandie","50","Manche","02A","Déchets dangereux","02F","Stockage pour inertes",179.641
2015,28,"Normandie","50","Manche","02A","Déchets dangereux","02Z","Non précisé",305.346
2015,28,"Normandie","50","Manche","02B","Matériaux recyclables","02A","Valorisation matière",12449.62201
2015,28,"Normandie","50","Manche","02B","Matériaux recyclables","02C","Incinération sans récupération d'énergie",0.276
2015,28,"Normandie","50","Manche","02B","Matériaux recyclables","02E","Valorisation organique",6270.2
2015,28,"Normandie","50","Manche","02B","Matériaux recyclables","02Z","Non précisé",54.53
2015,28,"Normandie","50","Manche","02C","Déchets verts","02A","Valorisation matière",2631.02
2015,28,"Normandie","50","Manche","02C","Déchets verts","02E","Valorisation organique",68727.55001
2015,28,"Normandie","50","Manche","02D","Encombrants","02A","Valorisation matière",1089.953
2015,28,"Normandie","50","Manche","02D","Encombrants","02D","Stockage",38819.06
2015,28,"Normandie","50","Manche","02D","Encombrants","02Z","Non précisé",18.28
2015,28,"Normandie","50","Manche","02E","Déblais et gravats","02A","Valorisation matière",12987.19
2015,28,"Normandie","50","Manche","02E","Déblais et gravats","02D","Stockage",8698.67999
2015,28,"Normandie","50","Manche","02E","Déblais et gravats","02F","Stockage pour inertes",9057.01
2015,28,"Normandie","50","Manche","02E","Déblais et gravats","02Z","Non précisé",2007
2015,28,"Normandie","50","Manche","02F","DEEE","02A","Valorisation matière",4111.187
2015,28,"Normandie","50","Manche","02F","DEEE","02C","Incinération sans récupération d'énergie",60.954
2015,28,"Normandie","50","Manche","02Z","Autres déchets","02A","Valorisation matière",14.40199
2015,28,"Normandie","50","Manche","02Z","Autres déchets","02B","Incinération avec récupération d'énergie",1.12
2015,28,"Normandie","50","Manche","02Z","Autres déchets","02Z","Non précisé",12.05499
2015,28,"Normandie","61","Orne","02A","Déchets dangereux","02A","Valorisation matière",269.71467
2015,28,"Normandie","61","Orne","02A","Déchets dangereux","02B","Incinération avec récupération d'énergie",86.664
2015,28,"Normandie","61","Orne","02A","Déchets dangereux","02C","Incinération sans récupération d'énergie",73.837
2015,28,"Normandie","61","Orne","02A","Déchets dangereux","02D","Stockage",112.3175
2015,28,"Normandie","61","Orne","02A","Déchets dangereux","02F","Stockage pour inertes",35.12
2015,28,"Normandie","61","Orne","02A","Déchets dangereux","02Z","Non précisé",49.26051
2015,28,"Normandie","61","Orne","02B","Matériaux recyclables","02A","Valorisation matière",5465.56645
2015,28,"Normandie","61","Orne","02B","Matériaux recyclables","02B","Incinération avec récupération d'énergie",5391.96035
2015,28,"Normandie","61","Orne","02B","Matériaux recyclables","02Z","Non précisé",191.09505
2015,28,"Normandie","61","Orne","02C","Déchets verts","02E","Valorisation organique",34055.09474
2015,28,"Normandie","61","Orne","02C","Déchets verts","02Z","Non précisé",651.3
2015,28,"Normandie","61","Orne","02D","Encombrants","02A","Valorisation matière",88.17041
2015,28,"Normandie","61","Orne","02D","Encombrants","02D","Stockage",22345.46397
2015,28,"Normandie","61","Orne","02D","Encombrants","02Z","Non précisé",1.62025
2015,28,"Normandie","61","Orne","02E","Déblais et gravats","02A","Valorisation matière",6534.58865
2015,28,"Normandie","61","Orne","02E","Déblais et gravats","02D","Stockage",664.9
2015,28,"Normandie","61","Orne","02E","Déblais et gravats","02F","Stockage pour inertes",7516.09932
2015,28,"Normandie","61","Orne","02E","Déblais et gravats","02Z","Non précisé",937.24114
2015,28,"Normandie","61","Orne","02F","DEEE","02A","Valorisation matière",2189.2373
2015,28,"Normandie","61","Orne","02Z","Autres déchets","02A","Valorisation matière",4.64408
2015,28,"Normandie","61","Orne","02Z","Autres déchets","02B","Incinération avec récupération d'énergie",1.029
2015,28,"Normandie","61","Orne","02Z","Autres déchets","02Z","Non précisé",0.67
2015,28,"Normandie","76","Seine-Maritime","02A","Déchets dangereux","02A","Valorisation matière",904.99724
2015,28,"Normandie","76","Seine-Maritime","02A","Déchets dangereux","02B","Incinération avec récupération d'énergie",339.39014
2015,28,"Normandie","76","Seine-Maritime","02A","Déchets dangereux","02C","Incinération sans récupération d'énergie",39.305
2015,28,"Normandie","76","Seine-Maritime","02A","Déchets dangereux","02D","Stockage",320.87844
2015,28,"Normandie","76","Seine-Maritime","02A","Déchets dangereux","02F","Stockage pour inertes",392.43
2015,28,"Normandie","76","Seine-Maritime","02A","Déchets dangereux","02Z","Non précisé",647.43125
2015,28,"Normandie","76","Seine-Maritime","02B","Matériaux recyclables","02A","Valorisation matière",24803.02939
2015,28,"Normandie","76","Seine-Maritime","02B","Matériaux recyclables","02B","Incinération avec récupération d'énergie",1458.37
2015,28,"Normandie","76","Seine-Maritime","02B","Matériaux recyclables","02E","Valorisation organique",1464.74666
2015,28,"Normandie","76","Seine-Maritime","02B","Matériaux recyclables","02Z","Non précisé",57.40213
2015,28,"Normandie","76","Seine-Maritime","02C","Déchets verts","02A","Valorisation matière",39.96761
2015,28,"Normandie","76","Seine-Maritime","02C","Déchets verts","02E","Valorisation organique",120789.7823
2015,28,"Normandie","76","Seine-Maritime","02D","Encombrants","02A","Valorisation matière",5509.28845
2015,28,"Normandie","76","Seine-Maritime","02D","Encombrants","02B","Incinération avec récupération d'énergie",28404.46
2015,28,"Normandie","76","Seine-Maritime","02D","Encombrants","02D","Stockage",47642.9232
2015,28,"Normandie","76","Seine-Maritime","02D","Encombrants","02Z","Non précisé",572.7
2015,28,"Normandie","76","Seine-Maritime","02E","Déblais et gravats","02A","Valorisation matière",34438.69463
2015,28,"Normandie","76","Seine-Maritime","02E","Déblais et gravats","02D","Stockage",3505.96577
2015,28,"Normandie","76","Seine-Maritime","02E","Déblais et gravats","02F","Stockage pour inertes",36722.81155
2015,28,"Normandie","76","Seine-Maritime","02E","Déblais et gravats","02Z","Non précisé",2150
2015,28,"Normandie","76","Seine-Maritime","02F","DEEE","02A","Valorisation matière",6199.53882
2015,28,"Normandie","76","Seine-Maritime","02F","DEEE","02Z","Non précisé",443.005
2015,28,"Normandie","76","Seine-Maritime","02Z","Autres déchets","02A","Valorisation matière",47.37466
2015,28,"Normandie","76","Seine-Maritime","02Z","Autres déchets","02F","Stockage pour inertes",199.84
2015,28,"Normandie","76","Seine-Maritime","02Z","Autres déchets","02Z","Non précisé",0.55
2015,75,"Nouvelle-Aquitaine","16","Charente","02A","Déchets dangereux","02A","Valorisation matière",668.21
2015,75,"Nouvelle-Aquitaine","16","Charente","02A","Déchets dangereux","02B","Incinération avec récupération d'énergie",249.27
2015,75,"Nouvelle-Aquitaine","16","Charente","02A","Déchets dangereux","02D","Stockage",152.62
2015,75,"Nouvelle-Aquitaine","16","Charente","02A","Déchets dangereux","02F","Stockage pour inertes",73.03
2015,75,"Nouvelle-Aquitaine","16","Charente","02B","Matériaux recyclables","02A","Valorisation matière",16776.54
2015,75,"Nouvelle-Aquitaine","16","Charente","02B","Matériaux recyclables","02B","Incinération avec récupération d'énergie",426.7
2015,75,"Nouvelle-Aquitaine","16","Charente","02C","Déchets verts","02A","Valorisation matière",8725
2015,75,"Nouvelle-Aquitaine","16","Charente","02C","Déchets verts","02E","Valorisation organique",25068.22
2015,75,"Nouvelle-Aquitaine","16","Charente","02D","Encombrants","02A","Valorisation matière",1320.98
2015,75,"Nouvelle-Aquitaine","16","Charente","02D","Encombrants","02D","Stockage",16633.32
2015,75,"Nouvelle-Aquitaine","16","Charente","02E","Déblais et gravats","02A","Valorisation matière",25725.68
2015,75,"Nouvelle-Aquitaine","16","Charente","02E","Déblais et gravats","02D","Stockage",1604.39
2015,75,"Nouvelle-Aquitaine","16","Charente","02F","DEEE","02A","Valorisation matière",3321.76
2015,75,"Nouvelle-Aquitaine","16","Charente","02Z","Autres déchets","02A","Valorisation matière",5.78
2015,75,"Nouvelle-Aquitaine","16","Charente","02Z","Autres déchets","02B","Incinération avec récupération d'énergie",31.68
2015,75,"Nouvelle-Aquitaine","17","Charente-Maritime","02A","Déchets dangereux","02A","Valorisation matière",1059.94
2015,75,"Nouvelle-Aquitaine","17","Charente-Maritime","02A","Déchets dangereux","02B","Incinération avec récupération d'énergie",6.27
2015,75,"Nouvelle-Aquitaine","17","Charente-Maritime","02A","Déchets dangereux","02C","Incinération sans récupération d'énergie",0.66
2015,75,"Nouvelle-Aquitaine","17","Charente-Maritime","02A","Déchets dangereux","02D","Stockage",54.29
2015,75,"Nouvelle-Aquitaine","17","Charente-Maritime","02A","Déchets dangereux","02F","Stockage pour inertes",216.54
2015,75,"Nouvelle-Aquitaine","17","Charente-Maritime","02B","Matériaux recyclables","02A","Valorisation matière",27278.16
2015,75,"Nouvelle-Aquitaine","17","Charente-Maritime","02B","Matériaux recyclables","02B","Incinération avec récupération d'énergie",1216.44
2015,75,"Nouvelle-Aquitaine","17","Charente-Maritime","02C","Déchets verts","02A","Valorisation matière",15948
2015,75,"Nouvelle-Aquitaine","17","Charente-Maritime","02C","Déchets verts","02E","Valorisation organique",54587.42
2015,75,"Nouvelle-Aquitaine","17","Charente-Maritime","02D","Encombrants","02A","Valorisation matière",3207.87
2015,75,"Nouvelle-Aquitaine","17","Charente-Maritime","02D","Encombrants","02C","Incinération sans récupération d'énergie",1146.16
2015,75,"Nouvelle-Aquitaine","17","Charente-Maritime","02D","Encombrants","02D","Stockage",44191.7
2015,75,"Nouvelle-Aquitaine","17","Charente-Maritime","02E","Déblais et gravats","02A","Valorisation matière",30527.51
2015,75,"Nouvelle-Aquitaine","17","Charente-Maritime","02E","Déblais et gravats","02F","Stockage pour inertes",16368.8
2015,75,"Nouvelle-Aquitaine","17","Charente-Maritime","02F","DEEE","02A","Valorisation matière",5977.97
2015,75,"Nouvelle-Aquitaine","17","Charente-Maritime","02Z","Autres déchets","02A","Valorisation matière",22.9
2015,75,"Nouvelle-Aquitaine","17","Charente-Maritime","02Z","Autres déchets","02B","Incinération avec récupération d'énergie",84
2015,75,"Nouvelle-Aquitaine","19","Corrèze","02A","Déchets dangereux","02A","Valorisation matière",51.5588
2015,75,"Nouvelle-Aquitaine","19","Corrèze","02A","Déchets dangereux","02B","Incinération avec récupération d'énergie",45.10753
2015,75,"Nouvelle-Aquitaine","19","Corrèze","02A","Déchets dangereux","02C","Incinération sans récupération d'énergie",4.796
2015,75,"Nouvelle-Aquitaine","19","Corrèze","02A","Déchets dangereux","02F","Stockage pour inertes",52.27904
2015,75,"Nouvelle-Aquitaine","19","Corrèze","02A","Déchets dangereux","02Z","Non précisé",30.85263
2015,75,"Nouvelle-Aquitaine","19","Corrèze","02B","Matériaux recyclables","02A","Valorisation matière",6885.8289
2015,75,"Nouvelle-Aquitaine","19","Corrèze","02B","Matériaux recyclables","02B","Incinération avec récupération d'énergie",0.00035
2015,75,"Nouvelle-Aquitaine","19","Corrèze","02B","Matériaux recyclables","02C","Incinération sans récupération d'énergie",0.012
2015,75,"Nouvelle-Aquitaine","19","Corrèze","02B","Matériaux recyclables","02D","Stockage",294.15
2015,75,"Nouvelle-Aquitaine","19","Corrèze","02B","Matériaux recyclables","02E","Valorisation organique",514.55765
2015,75,"Nouvelle-Aquitaine","19","Corrèze","02C","Déchets verts","02A","Valorisation matière",10.1226
2015,75,"Nouvelle-Aquitaine","19","Corrèze","02C","Déchets verts","02E","Valorisation organique",16298.36289
2015,75,"Nouvelle-Aquitaine","19","Corrèze","02D","Encombrants","02A","Valorisation matière",128.26009
2015,75,"Nouvelle-Aquitaine","19","Corrèze","02D","Encombrants","02B","Incinération avec récupération d'énergie",5376.21943
2015,75,"Nouvelle-Aquitaine","19","Corrèze","02D","Encombrants","02D","Stockage",11314.2978
2015,75,"Nouvelle-Aquitaine","19","Corrèze","02E","Déblais et gravats","02A","Valorisation matière",773.9446
2015,75,"Nouvelle-Aquitaine","19","Corrèze","02E","Déblais et gravats","02D","Stockage",5301.7415
2015,75,"Nouvelle-Aquitaine","19","Corrèze","02E","Déblais et gravats","02F","Stockage pour inertes",2393.8518
2015,75,"Nouvelle-Aquitaine","19","Corrèze","02E","Déblais et gravats","02Z","Non précisé",0.00042
2015,75,"Nouvelle-Aquitaine","19","Corrèze","02F","DEEE","02A","Valorisation matière",1398.38956
2015,75,"Nouvelle-Aquitaine","19","Corrèze","02Z","Autres déchets","02A","Valorisation matière",0.304
2015,75,"Nouvelle-Aquitaine","19","Corrèze","02Z","Autres déchets","02B","Incinération avec récupération d'énergie",1
2015,75,"Nouvelle-Aquitaine","19","Corrèze","02Z","Autres déchets","02Z","Non précisé",0.37549
2015,75,"Nouvelle-Aquitaine","23","Creuse","02A","Déchets dangereux","02A","Valorisation matière",46.83609
2015,75,"Nouvelle-Aquitaine","23","Creuse","02A","Déchets dangereux","02B","Incinération avec récupération d'énergie",21.992
2015,75,"Nouvelle-Aquitaine","23","Creuse","02A","Déchets dangereux","02C","Incinération sans récupération d'énergie",21.8914
2015,75,"Nouvelle-Aquitaine","23","Creuse","02A","Déchets dangereux","02Z","Non précisé",106.31102
2015,75,"Nouvelle-Aquitaine","23","Creuse","02B","Matériaux recyclables","02A","Valorisation matière",3675.89258
2015,75,"Nouvelle-Aquitaine","23","Creuse","02B","Matériaux recyclables","02E","Valorisation organique",193.22234
2015,75,"Nouvelle-Aquitaine","23","Creuse","02B","Matériaux recyclables","02Z","Non précisé",41.82531
2015,75,"Nouvelle-Aquitaine","23","Creuse","02C","Déchets verts","02A","Valorisation matière",53.67495
2015,75,"Nouvelle-Aquitaine","23","Creuse","02C","Déchets verts","02E","Valorisation organique",6692.03491
2015,75,"Nouvelle-Aquitaine","23","Creuse","02D","Encombrants","02A","Valorisation matière",105.03302
2015,75,"Nouvelle-Aquitaine","23","Creuse","02D","Encombrants","02D","Stockage",5663.91255
2015,75,"Nouvelle-Aquitaine","23","Creuse","02D","Encombrants","02Z","Non précisé",9
2015,75,"Nouvelle-Aquitaine","23","Creuse","02E","Déblais et gravats","02A","Valorisation matière",245.50014
2015,75,"Nouvelle-Aquitaine","23","Creuse","02E","Déblais et gravats","02D","Stockage",195.38424
2015,75,"Nouvelle-Aquitaine","23","Creuse","02E","Déblais et gravats","02F","Stockage pour inertes",4845.72
2015,75,"Nouvelle-Aquitaine","23","Creuse","02E","Déblais et gravats","02Z","Non précisé",126.00058
2015,75,"Nouvelle-Aquitaine","23","Creuse","02F","DEEE","02A","Valorisation matière",750.79712
2015,75,"Nouvelle-Aquitaine","23","Creuse","02F","DEEE","02B","Incinération avec récupération d'énergie",60
2015,75,"Nouvelle-Aquitaine","23","Creuse","02F","DEEE","02Z","Non précisé",87.88
2015,75,"Nouvelle-Aquitaine","23","Creuse","02Z","Autres déchets","02A","Valorisation matière",0.16154
2015,75,"Nouvelle-Aquitaine","23","Creuse","02Z","Autres déchets","02C","Incinération sans récupération d'énergie",4.99
2015,75,"Nouvelle-Aquitaine","24","Dordogne","02A","Déchets dangereux","02A","Valorisation matière",187.90022
2015,75,"Nouvelle-Aquitaine","24","Dordogne","02A","Déchets dangereux","02B","Incinération avec récupération d'énergie",92.58759
2015,75,"Nouvelle-Aquitaine","24","Dordogne","02A","Déchets dangereux","02D","Stockage",8
2015,75,"Nouvelle-Aquitaine","24","Dordogne","02A","Déchets dangereux","02F","Stockage pour inertes",5.15096
2015,75,"Nouvelle-Aquitaine","24","Dordogne","02A","Déchets dangereux","02Z","Non précisé",657.24838
2015,75,"Nouvelle-Aquitaine","24","Dordogne","02B","Matériaux recyclables","02A","Valorisation matière",14194.39408
2015,75,"Nouvelle-Aquitaine","24","Dordogne","02B","Matériaux recyclables","02D","Stockage",1143.52
2015,75,"Nouvelle-Aquitaine","24","Dordogne","02B","Matériaux recyclables","02E","Valorisation organique",1219.97
2015,75,"Nouvelle-Aquitaine","24","Dordogne","02B","Matériaux recyclables","02Z","Non précisé",1470.49753
2015,75,"Nouvelle-Aquitaine","24","Dordogne","02C","Déchets verts","02A","Valorisation matière",9283.07
2015,75,"Nouvelle-Aquitaine","24","Dordogne","02C","Déchets verts","02D","Stockage",2671.68
2015,75,"Nouvelle-Aquitaine","24","Dordogne","02C","Déchets verts","02E","Valorisation organique",15635.09577
2015,75,"Nouvelle-Aquitaine","24","Dordogne","02C","Déchets verts","02Z","Non précisé",1321.95
2015,75,"Nouvelle-Aquitaine","24","Dordogne","02D","Encombrants","02A","Valorisation matière",457.57403
2015,75,"Nouvelle-Aquitaine","24","Dordogne","02D","Encombrants","02B","Incinération avec récupération d'énergie",431.1411
2015,75,"Nouvelle-Aquitaine","24","Dordogne","02D","Encombrants","02D","Stockage",17582.15223
2015,75,"Nouvelle-Aquitaine","24","Dordogne","02D","Encombrants","02Z","Non précisé",9.37536
2015,75,"Nouvelle-Aquitaine","24","Dordogne","02E","Déblais et gravats","02A","Valorisation matière",7322.30176
2015,75,"Nouvelle-Aquitaine","24","Dordogne","02E","Déblais et gravats","02D","Stockage",7013.82849
2015,75,"Nouvelle-Aquitaine","24","Dordogne","02E","Déblais et gravats","02F","Stockage pour inertes",7420.81999
2015,75,"Nouvelle-Aquitaine","24","Dordogne","02F","DEEE","02A","Valorisation matière",2634.38335
2015,75,"Nouvelle-Aquitaine","24","Dordogne","02F","DEEE","02Z","Non précisé",182.46
2015,75,"Nouvelle-Aquitaine","24","Dordogne","02Z","Autres déchets","02A","Valorisation matière",23.95125
2015,75,"Nouvelle-Aquitaine","24","Dordogne","02Z","Autres déchets","02B","Incinération avec récupération d'énergie",1.59999
2015,75,"Nouvelle-Aquitaine","24","Dordogne","02Z","Autres déchets","02E","Valorisation organique",4.78
2015,75,"Nouvelle-Aquitaine","24","Dordogne","02Z","Autres déchets","02F","Stockage pour inertes",62.28
2015,75,"Nouvelle-Aquitaine","24","Dordogne","02Z","Autres déchets","02Z","Non précisé",2.335
2015,75,"Nouvelle-Aquitaine","33","Gironde","02A","Déchets dangereux","02A","Valorisation matière",564.42303
2015,75,"Nouvelle-Aquitaine","33","Gironde","02A","Déchets dangereux","02B","Incinération avec récupération d'énergie",1155.27488
2015,75,"Nouvelle-Aquitaine","33","Gironde","02A","Déchets dangereux","02D","Stockage",114
2015,75,"Nouvelle-Aquitaine","33","Gironde","02A","Déchets dangereux","02Z","Non précisé",121.36361
2015,75,"Nouvelle-Aquitaine","33","Gironde","02B","Matériaux recyclables","02A","Valorisation matière",55376.77545
2015,75,"Nouvelle-Aquitaine","33","Gironde","02B","Matériaux recyclables","02E","Valorisation organique",3513
2015,75,"Nouvelle-Aquitaine","33","Gironde","02B","Matériaux recyclables","02Z","Non précisé",2917.92747
2015,75,"Nouvelle-Aquitaine","33","Gironde","02C","Déchets verts","02E","Valorisation organique",127218.379
2015,75,"Nouvelle-Aquitaine","33","Gironde","02D","Encombrants","02A","Valorisation matière",1856.61697
2015,75,"Nouvelle-Aquitaine","33","Gironde","02D","Encombrants","02B","Incinération avec récupération d'énergie",17403.92113
2015,75,"Nouvelle-Aquitaine","33","Gironde","02D","Encombrants","02D","Stockage",62825.74998
2015,75,"Nouvelle-Aquitaine","33","Gironde","02D","Encombrants","02Z","Non précisé",421.40464
2015,75,"Nouvelle-Aquitaine","33","Gironde","02E","Déblais et gravats","02A","Valorisation matière",66299.30564
2015,75,"Nouvelle-Aquitaine","33","Gironde","02E","Déblais et gravats","02F","Stockage pour inertes",6729.48
2015,75,"Nouvelle-Aquitaine","33","Gironde","02E","Déblais et gravats","02Z","Non précisé",2635.1
2015,75,"Nouvelle-Aquitaine","33","Gironde","02F","DEEE","02A","Valorisation matière",6011.98205
2015,75,"Nouvelle-Aquitaine","33","Gironde","02F","DEEE","02B","Incinération avec récupération d'énergie",34
2015,75,"Nouvelle-Aquitaine","33","Gironde","02F","DEEE","02Z","Non précisé",487.092
2015,75,"Nouvelle-Aquitaine","33","Gironde","02Z","Autres déchets","02A","Valorisation matière",16.17676
2015,75,"Nouvelle-Aquitaine","33","Gironde","02Z","Autres déchets","02B","Incinération avec récupération d'énergie",13.706
2015,75,"Nouvelle-Aquitaine","33","Gironde","02Z","Autres déchets","02Z","Non précisé",420
2015,75,"Nouvelle-Aquitaine","40","Landes","02A","Déchets dangereux","02A","Valorisation matière",556.73024
2015,75,"Nouvelle-Aquitaine","40","Landes","02A","Déchets dangereux","02B","Incinération avec récupération d'énergie",93.056
2015,75,"Nouvelle-Aquitaine","40","Landes","02A","Déchets dangereux","02Z","Non précisé",340.272
2015,75,"Nouvelle-Aquitaine","40","Landes","02B","Matériaux recyclables","02A","Valorisation matière",33715.97052
2015,75,"Nouvelle-Aquitaine","40","Landes","02B","Matériaux recyclables","02Z","Non précisé",0.11
2015,75,"Nouvelle-Aquitaine","40","Landes","02C","Déchets verts","02E","Valorisation organique",91662.80612
2015,75,"Nouvelle-Aquitaine","40","Landes","02D","Encombrants","02A","Valorisation matière",7303.26571
2015,75,"Nouvelle-Aquitaine","40","Landes","02D","Encombrants","02B","Incinération avec récupération d'énergie",5851.77
2015,75,"Nouvelle-Aquitaine","40","Landes","02D","Encombrants","02C","Incinération sans récupération d'énergie",6353.011
2015,75,"Nouvelle-Aquitaine","40","Landes","02D","Encombrants","02D","Stockage",7335.7753
2015,75,"Nouvelle-Aquitaine","40","Landes","02D","Encombrants","02Z","Non précisé",69
2015,75,"Nouvelle-Aquitaine","40","Landes","02E","Déblais et gravats","02A","Valorisation matière",540.05905
2015,75,"Nouvelle-Aquitaine","40","Landes","02E","Déblais et gravats","02D","Stockage",4122.6
2015,75,"Nouvelle-Aquitaine","40","Landes","02E","Déblais et gravats","02F","Stockage pour inertes",83545.4
2015,75,"Nouvelle-Aquitaine","40","Landes","02F","DEEE","02A","Valorisation matière",3449.53688
2015,75,"Nouvelle-Aquitaine","40","Landes","02F","DEEE","02Z","Non précisé",59.498
2015,75,"Nouvelle-Aquitaine","40","Landes","02Z","Autres déchets","02A","Valorisation matière",44.073
2015,75,"Nouvelle-Aquitaine","47","Lot-et-Garonne","02A","Déchets dangereux","02A","Valorisation matière",183.00553
2015,75,"Nouvelle-Aquitaine","47","Lot-et-Garonne","02A","Déchets dangereux","02B","Incinération avec récupération d'énergie",276.00848
2015,75,"Nouvelle-Aquitaine","47","Lot-et-Garonne","02A","Déchets dangereux","02D","Stockage",8.624
2015,75,"Nouvelle-Aquitaine","47","Lot-et-Garonne","02A","Déchets dangereux","02Z","Non précisé",18.65578
2015,75,"Nouvelle-Aquitaine","47","Lot-et-Garonne","02B","Matériaux recyclables","02A","Valorisation matière",11894.26496
2015,75,"Nouvelle-Aquitaine","47","Lot-et-Garonne","02B","Matériaux recyclables","02B","Incinération avec récupération d'énergie",1611.582
2015,75,"Nouvelle-Aquitaine","47","Lot-et-Garonne","02B","Matériaux recyclables","02D","Stockage",9.4
2015,75,"Nouvelle-Aquitaine","47","Lot-et-Garonne","02B","Matériaux recyclables","02E","Valorisation organique",7.08
2015,75,"Nouvelle-Aquitaine","47","Lot-et-Garonne","02C","Déchets verts","02A","Valorisation matière",500.63
2015,75,"Nouvelle-Aquitaine","47","Lot-et-Garonne","02C","Déchets verts","02E","Valorisation organique",24438.33308
2015,75,"Nouvelle-Aquitaine","47","Lot-et-Garonne","02D","Encombrants","02A","Valorisation matière",363.91828
2015,75,"Nouvelle-Aquitaine","47","Lot-et-Garonne","02D","Encombrants","02D","Stockage",17372.93515
2015,75,"Nouvelle-Aquitaine","47","Lot-et-Garonne","02E","Déblais et gravats","02A","Valorisation matière",15578.40547
2015,75,"Nouvelle-Aquitaine","47","Lot-et-Garonne","02E","Déblais et gravats","02D","Stockage",540.7
2015,75,"Nouvelle-Aquitaine","47","Lot-et-Garonne","02E","Déblais et gravats","02F","Stockage pour inertes",2376.62243
2015,75,"Nouvelle-Aquitaine","47","Lot-et-Garonne","02F","DEEE","02A","Valorisation matière",2657.45072
2015,75,"Nouvelle-Aquitaine","47","Lot-et-Garonne","02Z","Autres déchets","02A","Valorisation matière",11.2726
2015,75,"Nouvelle-Aquitaine","47","Lot-et-Garonne","02Z","Autres déchets","02B","Incinération avec récupération d'énergie",6.814
2015,75,"Nouvelle-Aquitaine","64","Pyrénées-Atlantiques","02A","Déchets dangereux","02A","Valorisation matière",412.87802
2015,75,"Nouvelle-Aquitaine","64","Pyrénées-Atlantiques","02A","Déchets dangereux","02B","Incinération avec récupération d'énergie",830.89
2015,75,"Nouvelle-Aquitaine","64","Pyrénées-Atlantiques","02A","Déchets dangereux","02C","Incinération sans récupération d'énergie",14.84904
2015,75,"Nouvelle-Aquitaine","64","Pyrénées-Atlantiques","02A","Déchets dangereux","02Z","Non précisé",78.75514
2015,75,"Nouvelle-Aquitaine","64","Pyrénées-Atlantiques","02B","Matériaux recyclables","02A","Valorisation matière",27553.1102
2015,75,"Nouvelle-Aquitaine","64","Pyrénées-Atlantiques","02C","Déchets verts","02A","Valorisation matière",25301
2015,75,"Nouvelle-Aquitaine","64","Pyrénées-Atlantiques","02C","Déchets verts","02E","Valorisation organique",31970.74827
2015,75,"Nouvelle-Aquitaine","64","Pyrénées-Atlantiques","02D","Encombrants","02A","Valorisation matière",1886.6
2015,75,"Nouvelle-Aquitaine","64","Pyrénées-Atlantiques","02D","Encombrants","02B","Incinération avec récupération d'énergie",5983.55501
2015,75,"Nouvelle-Aquitaine","64","Pyrénées-Atlantiques","02D","Encombrants","02D","Stockage",24655.54882
2015,75,"Nouvelle-Aquitaine","64","Pyrénées-Atlantiques","02D","Encombrants","02Z","Non précisé",4
2015,75,"Nouvelle-Aquitaine","64","Pyrénées-Atlantiques","02E","Déblais et gravats","02A","Valorisation matière",15369.74629
2015,75,"Nouvelle-Aquitaine","64","Pyrénées-Atlantiques","02E","Déblais et gravats","02D","Stockage",6848.33404
2015,75,"Nouvelle-Aquitaine","64","Pyrénées-Atlantiques","02E","Déblais et gravats","02F","Stockage pour inertes",12244.12688
2015,75,"Nouvelle-Aquitaine","64","Pyrénées-Atlantiques","02E","Déblais et gravats","02Z","Non précisé",68
2015,75,"Nouvelle-Aquitaine","64","Pyrénées-Atlantiques","02F","DEEE","02A","Valorisation matière",3757.03395
2015,75,"Nouvelle-Aquitaine","64","Pyrénées-Atlantiques","02Z","Autres déchets","02A","Valorisation matière",42.73
2015,75,"Nouvelle-Aquitaine","64","Pyrénées-Atlantiques","02Z","Autres déchets","02Z","Non précisé",0.2
2015,75,"Nouvelle-Aquitaine","79","Deux-Sèvres","02A","Déchets dangereux","02A","Valorisation matière",721.07
2015,75,"Nouvelle-Aquitaine","79","Deux-Sèvres","02A","Déchets dangereux","02B","Incinération avec récupération d'énergie",34.95
2015,75,"Nouvelle-Aquitaine","79","Deux-Sèvres","02A","Déchets dangereux","02C","Incinération sans récupération d'énergie",0.6
2015,75,"Nouvelle-Aquitaine","79","Deux-Sèvres","02A","Déchets dangereux","02D","Stockage",45.94
2015,75,"Nouvelle-Aquitaine","79","Deux-Sèvres","02A","Déchets dangereux","02F","Stockage pour inertes",3
2015,75,"Nouvelle-Aquitaine","79","Deux-Sèvres","02B","Matériaux recyclables","02A","Valorisation matière",17134.89
2015,75,"Nouvelle-Aquitaine","79","Deux-Sèvres","02B","Matériaux recyclables","02B","Incinération avec récupération d'énergie",1023.99
2015,75,"Nouvelle-Aquitaine","79","Deux-Sèvres","02C","Déchets verts","02A","Valorisation matière",6402.72
2015,75,"Nouvelle-Aquitaine","79","Deux-Sèvres","02C","Déchets verts","02E","Valorisation organique",35349.57
2015,75,"Nouvelle-Aquitaine","79","Deux-Sèvres","02D","Encombrants","02A","Valorisation matière",1021.08
2015,75,"Nouvelle-Aquitaine","79","Deux-Sèvres","02D","Encombrants","02D","Stockage",15360.8
2015,75,"Nouvelle-Aquitaine","79","Deux-Sèvres","02E","Déblais et gravats","02A","Valorisation matière",11849.85
2015,75,"Nouvelle-Aquitaine","79","Deux-Sèvres","02E","Déblais et gravats","02F","Stockage pour inertes",15560.35
2015,75,"Nouvelle-Aquitaine","79","Deux-Sèvres","02F","DEEE","02A","Valorisation matière",2769.94
2015,75,"Nouvelle-Aquitaine","79","Deux-Sèvres","02Z","Autres déchets","02A","Valorisation matière",9.37
2015,75,"Nouvelle-Aquitaine","79","Deux-Sèvres","02Z","Autres déchets","02E","Valorisation organique",5.52
2015,75,"Nouvelle-Aquitaine","86","Vienne","02A","Déchets dangereux","02A","Valorisation matière",865.06
2015,75,"Nouvelle-Aquitaine","86","Vienne","02A","Déchets dangereux","02B","Incinération avec récupération d'énergie",28.27
2015,75,"Nouvelle-Aquitaine","86","Vienne","02A","Déchets dangereux","02F","Stockage pour inertes",30.92
2015,75,"Nouvelle-Aquitaine","86","Vienne","02B","Matériaux recyclables","02A","Valorisation matière",13795.31
2015,75,"Nouvelle-Aquitaine","86","Vienne","02B","Matériaux recyclables","02B","Incinération avec récupération d'énergie",176.36
2015,75,"Nouvelle-Aquitaine","86","Vienne","02B","Matériaux recyclables","02E","Valorisation organique",487
2015,75,"Nouvelle-Aquitaine","86","Vienne","02C","Déchets verts","02A","Valorisation matière",5710.49
2015,75,"Nouvelle-Aquitaine","86","Vienne","02C","Déchets verts","02E","Valorisation organique",36973.79
2015,75,"Nouvelle-Aquitaine","86","Vienne","02D","Encombrants","02A","Valorisation matière",819.38
2015,75,"Nouvelle-Aquitaine","86","Vienne","02D","Encombrants","02B","Incinération avec récupération d'énergie",2649
2015,75,"Nouvelle-Aquitaine","86","Vienne","02D","Encombrants","02D","Stockage",23227.27
2015,75,"Nouvelle-Aquitaine","86","Vienne","02E","Déblais et gravats","02A","Valorisation matière",8877.1
2015,75,"Nouvelle-Aquitaine","86","Vienne","02E","Déblais et gravats","02D","Stockage",209.76
2015,75,"Nouvelle-Aquitaine","86","Vienne","02E","Déblais et gravats","02F","Stockage pour inertes",15149.99
2015,75,"Nouvelle-Aquitaine","86","Vienne","02F","DEEE","02A","Valorisation matière",2803.68
2015,75,"Nouvelle-Aquitaine","86","Vienne","02Z","Autres déchets","02A","Valorisation matière",14.25
2015,75,"Nouvelle-Aquitaine","86","Vienne","02Z","Autres déchets","02E","Valorisation organique",0.82
2015,75,"Nouvelle-Aquitaine","87","Haute-Vienne","02A","Déchets dangereux","02A","Valorisation matière",398.12699
2015,75,"Nouvelle-Aquitaine","87","Haute-Vienne","02A","Déchets dangereux","02Z","Non précisé",327.23898
2015,75,"Nouvelle-Aquitaine","87","Haute-Vienne","02B","Matériaux recyclables","02A","Valorisation matière",10037.30998
2015,75,"Nouvelle-Aquitaine","87","Haute-Vienne","02B","Matériaux recyclables","02Z","Non précisé",77.271
2015,75,"Nouvelle-Aquitaine","87","Haute-Vienne","02C","Déchets verts","02E","Valorisation organique",26806.38999
2015,75,"Nouvelle-Aquitaine","87","Haute-Vienne","02D","Encombrants","02A","Valorisation matière",2347.35
2015,75,"Nouvelle-Aquitaine","87","Haute-Vienne","02D","Encombrants","02D","Stockage",16096.54001
2015,75,"Nouvelle-Aquitaine","87","Haute-Vienne","02E","Déblais et gravats","02A","Valorisation matière",6549.31
2015,75,"Nouvelle-Aquitaine","87","Haute-Vienne","02E","Déblais et gravats","02D","Stockage",4827.96
2015,75,"Nouvelle-Aquitaine","87","Haute-Vienne","02E","Déblais et gravats","02F","Stockage pour inertes",759.34
2015,75,"Nouvelle-Aquitaine","87","Haute-Vienne","02F","DEEE","02A","Valorisation matière",2530.219
2015,75,"Nouvelle-Aquitaine","87","Haute-Vienne","02Z","Autres déchets","02B","Incinération avec récupération d'énergie",11.55
2015,75,"Nouvelle-Aquitaine","87","Haute-Vienne","02Z","Autres déchets","02Z","Non précisé",41.73
2015,76,"Occitanie","09","Ariège","02A","Déchets dangereux","02A","Valorisation matière",249.314
2015,76,"Occitanie","09","Ariège","02A","Déchets dangereux","02B","Incinération avec récupération d'énergie",0.12
2015,76,"Occitanie","09","Ariège","02A","Déchets dangereux","02C","Incinération sans récupération d'énergie",0.506
2015,76,"Occitanie","09","Ariège","02A","Déchets dangereux","02Z","Non précisé",11.89
2015,76,"Occitanie","09","Ariège","02B","Matériaux recyclables","02A","Valorisation matière",3459.68175
2015,76,"Occitanie","09","Ariège","02B","Matériaux recyclables","02B","Incinération avec récupération d'énergie",3066.49023
2015,76,"Occitanie","09","Ariège","02B","Matériaux recyclables","02Z","Non précisé",53
2015,76,"Occitanie","09","Ariège","02C","Déchets verts","02B","Incinération avec récupération d'énergie",5.3
2015,76,"Occitanie","09","Ariège","02C","Déchets verts","02E","Valorisation organique",14056.44164
2015,76,"Occitanie","09","Ariège","02D","Encombrants","02A","Valorisation matière",979.95965
2015,76,"Occitanie","09","Ariège","02D","Encombrants","02D","Stockage",9267.47438
2015,76,"Occitanie","09","Ariège","02D","Encombrants","02Z","Non précisé",0.002
2015,76,"Occitanie","09","Ariège","02E","Déblais et gravats","02A","Valorisation matière",573.95638
2015,76,"Occitanie","09","Ariège","02E","Déblais et gravats","02F","Stockage pour inertes",9111.74851
2015,76,"Occitanie","09","Ariège","02F","DEEE","02A","Valorisation matière",1394.02555
2015,76,"Occitanie","09","Ariège","02Z","Autres déchets","02A","Valorisation matière",6.9
2015,76,"Occitanie","11","Aude","02A","Déchets dangereux","02A","Valorisation matière",31.9413
2015,76,"Occitanie","11","Aude","02A","Déchets dangereux","02B","Incinération avec récupération d'énergie",1.084
2015,76,"Occitanie","11","Aude","02A","Déchets dangereux","02C","Incinération sans récupération d'énergie",0.00551
2015,76,"Occitanie","11","Aude","02A","Déchets dangereux","02Z","Non précisé",55.181
2015,76,"Occitanie","11","Aude","02B","Matériaux recyclables","02A","Valorisation matière",10345.65014
2015,76,"Occitanie","11","Aude","02B","Matériaux recyclables","02B","Incinération avec récupération d'énergie",10.34043
2015,76,"Occitanie","11","Aude","02B","Matériaux recyclables","02D","Stockage",66
2015,76,"Occitanie","11","Aude","02B","Matériaux recyclables","02E","Valorisation organique",3393.38154
2015,76,"Occitanie","11","Aude","02B","Matériaux recyclables","02Z","Non précisé",1406.5
2015,76,"Occitanie","11","Aude","02C","Déchets verts","02A","Valorisation matière",518
2015,76,"Occitanie","11","Aude","02C","Déchets verts","02E","Valorisation organique",19842.8342
2015,76,"Occitanie","11","Aude","02C","Déchets verts","02Z","Non précisé",462.06
2015,76,"Occitanie","11","Aude","02D","Encombrants","02A","Valorisation matière",3463.74214
2015,76,"Occitanie","11","Aude","02D","Encombrants","02D","Stockage",23016.90968
2015,76,"Occitanie","11","Aude","02D","Encombrants","02Z","Non précisé",388.33338
2015,76,"Occitanie","11","Aude","02E","Déblais et gravats","02A","Valorisation matière",23624.40461
2015,76,"Occitanie","11","Aude","02E","Déblais et gravats","02D","Stockage",113.74596
2015,76,"Occitanie","11","Aude","02E","Déblais et gravats","02F","Stockage pour inertes",25.50169
2015,76,"Occitanie","11","Aude","02E","Déblais et gravats","02Z","Non précisé",1760
2015,76,"Occitanie","11","Aude","02F","DEEE","02A","Valorisation matière",2013.04312
2015,76,"Occitanie","11","Aude","02F","DEEE","02Z","Non précisé",134.50185
2015,76,"Occitanie","11","Aude","02Z","Autres déchets","02A","Valorisation matière",0.59412
2015,76,"Occitanie","11","Aude","02Z","Autres déchets","02Z","Non précisé",0.003
2015,76,"Occitanie","12","Aveyron","02A","Déchets dangereux","02A","Valorisation matière",232.066
2015,76,"Occitanie","12","Aveyron","02A","Déchets dangereux","02B","Incinération avec récupération d'énergie",15.756
2015,76,"Occitanie","12","Aveyron","02A","Déchets dangereux","02Z","Non précisé",160.795
2015,76,"Occitanie","12","Aveyron","02B","Matériaux recyclables","02A","Valorisation matière",11274.09699
2015,76,"Occitanie","12","Aveyron","02B","Matériaux recyclables","02B","Incinération avec récupération d'énergie",690.932
2015,76,"Occitanie","12","Aveyron","02B","Matériaux recyclables","02E","Valorisation organique",309.74
2015,76,"Occitanie","12","Aveyron","02B","Matériaux recyclables","02Z","Non précisé",1.093
2015,76,"Occitanie","12","Aveyron","02C","Déchets verts","02E","Valorisation organique",13605.24
2015,76,"Occitanie","12","Aveyron","02D","Encombrants","02A","Valorisation matière",7442.974
2015,76,"Occitanie","12","Aveyron","02D","Encombrants","02D","Stockage",7436.33
2015,76,"Occitanie","12","Aveyron","02E","Déblais et gravats","02A","Valorisation matière",603.4
2015,76,"Occitanie","12","Aveyron","02E","Déblais et gravats","02D","Stockage",1178
2015,76,"Occitanie","12","Aveyron","02E","Déblais et gravats","02F","Stockage pour inertes",10471.47
2015,76,"Occitanie","12","Aveyron","02E","Déblais et gravats","02Z","Non précisé",384
2015,76,"Occitanie","12","Aveyron","02F","DEEE","02A","Valorisation matière",1751.83
2015,76,"Occitanie","12","Aveyron","02Z","Autres déchets","02A","Valorisation matière",25.977
2015,76,"Occitanie","30","Gard","02A","Déchets dangereux","02A","Valorisation matière",451.3271
2015,76,"Occitanie","30","Gard","02A","Déchets dangereux","02B","Incinération avec récupération d'énergie",1.43153
2015,76,"Occitanie","30","Gard","02A","Déchets dangereux","02C","Incinération sans récupération d'énergie",82.64
2015,76,"Occitanie","30","Gard","02A","Déchets dangereux","02D","Stockage",7.16
2015,76,"Occitanie","30","Gard","02A","Déchets dangereux","02Z","Non précisé",121.22031
2015,76,"Occitanie","30","Gard","02B","Matériaux recyclables","02A","Valorisation matière",37182.02908
2015,76,"Occitanie","30","Gard","02B","Matériaux recyclables","02E","Valorisation organique",472.16
2015,76,"Occitanie","30","Gard","02B","Matériaux recyclables","02Z","Non précisé",325.52
2015,76,"Occitanie","30","Gard","02C","Déchets verts","02A","Valorisation matière",9545.87314
2015,76,"Occitanie","30","Gard","02C","Déchets verts","02E","Valorisation organique",60447.4249
2015,76,"Occitanie","30","Gard","02D","Encombrants","02A","Valorisation matière",2946.97674
2015,76,"Occitanie","30","Gard","02D","Encombrants","02B","Incinération avec récupération d'énergie",22057.56535
2015,76,"Occitanie","30","Gard","02D","Encombrants","02D","Stockage",17166.27689
2015,76,"Occitanie","30","Gard","02D","Encombrants","02Z","Non précisé",1035.094
2015,76,"Occitanie","30","Gard","02E","Déblais et gravats","02A","Valorisation matière",55997.21717
2015,76,"Occitanie","30","Gard","02E","Déblais et gravats","02D","Stockage",4061.62563
2015,76,"Occitanie","30","Gard","02E","Déblais et gravats","02F","Stockage pour inertes",25943.23775
2015,76,"Occitanie","30","Gard","02E","Déblais et gravats","02Z","Non précisé",315.52
2015,76,"Occitanie","30","Gard","02F","DEEE","02A","Valorisation matière",3578.10398
2015,76,"Occitanie","30","Gard","02F","DEEE","02Z","Non précisé",265.667
2015,76,"Occitanie","30","Gard","02Z","Autres déchets","02A","Valorisation matière",13.25635
2015,76,"Occitanie","30","Gard","02Z","Autres déchets","02Z","Non précisé",0.004
2015,76,"Occitanie","31","Haute-Garonne","02A","Déchets dangereux","02A","Valorisation matière",1179.68039
2015,76,"Occitanie","31","Haute-Garonne","02A","Déchets dangereux","02B","Incinération avec récupération d'énergie",42.55403
2015,76,"Occitanie","31","Haute-Garonne","02A","Déchets dangereux","02C","Incinération sans récupération d'énergie",0.44843
2015,76,"Occitanie","31","Haute-Garonne","02B","Matériaux recyclables","02A","Valorisation matière",18543.08726
2015,76,"Occitanie","31","Haute-Garonne","02B","Matériaux recyclables","02B","Incinération avec récupération d'énergie",753.13621
2015,76,"Occitanie","31","Haute-Garonne","02B","Matériaux recyclables","02E","Valorisation organique",10666.45032
2015,76,"Occitanie","31","Haute-Garonne","02C","Déchets verts","02A","Valorisation matière",218.78
2015,76,"Occitanie","31","Haute-Garonne","02C","Déchets verts","02E","Valorisation organique",63980.20099
2015,76,"Occitanie","31","Haute-Garonne","02D","Encombrants","02A","Valorisation matière",21238.26845
2015,76,"Occitanie","31","Haute-Garonne","02D","Encombrants","02B","Incinération avec récupération d'énergie",5813.49844
2015,76,"Occitanie","31","Haute-Garonne","02D","Encombrants","02D","Stockage",18128.92423
2015,76,"Occitanie","31","Haute-Garonne","02E","Déblais et gravats","02A","Valorisation matière",38172.36859
2015,76,"Occitanie","31","Haute-Garonne","02E","Déblais et gravats","02D","Stockage",1546.91892
2015,76,"Occitanie","31","Haute-Garonne","02E","Déblais et gravats","02F","Stockage pour inertes",11863.56756
2015,76,"Occitanie","31","Haute-Garonne","02F","DEEE","02A","Valorisation matière",4612.82115
2015,76,"Occitanie","31","Haute-Garonne","02Z","Autres déchets","02A","Valorisation matière",11.37062
2015,76,"Occitanie","32","Gers","02A","Déchets dangereux","02A","Valorisation matière",328.05934
2015,76,"Occitanie","32","Gers","02A","Déchets dangereux","02B","Incinération avec récupération d'énergie",0.40921
2015,76,"Occitanie","32","Gers","02B","Matériaux recyclables","02A","Valorisation matière",7139.61511
2015,76,"Occitanie","32","Gers","02C","Déchets verts","02E","Valorisation organique",9180.56225
2015,76,"Occitanie","32","Gers","02C","Déchets verts","02Z","Non précisé",2223
2015,76,"Occitanie","32","Gers","02D","Encombrants","02A","Valorisation matière",614.09409
2015,76,"Occitanie","32","Gers","02D","Encombrants","02D","Stockage",9481.45489
2015,76,"Occitanie","32","Gers","02E","Déblais et gravats","02A","Valorisation matière",1709.41095
2015,76,"Occitanie","32","Gers","02E","Déblais et gravats","02F","Stockage pour inertes",6812.68604
2015,76,"Occitanie","32","Gers","02E","Déblais et gravats","02Z","Non précisé",2969
2015,76,"Occitanie","32","Gers","02F","DEEE","02A","Valorisation matière",1736.84114
2015,76,"Occitanie","32","Gers","02Z","Autres déchets","02A","Valorisation matière",15.34132
2015,76,"Occitanie","34","Hérault","02A","Déchets dangereux","02A","Valorisation matière",737.72591
2015,76,"Occitanie","34","Hérault","02A","Déchets dangereux","02C","Incinération sans récupération d'énergie",9.92871
2015,76,"Occitanie","34","Hérault","02A","Déchets dangereux","02Z","Non précisé",0.81674
2015,76,"Occitanie","34","Hérault","02B","Matériaux recyclables","02A","Valorisation matière",36867.82857
2015,76,"Occitanie","34","Hérault","02B","Matériaux recyclables","02B","Incinération avec récupération d'énergie",92.62267
2015,76,"Occitanie","34","Hérault","02B","Matériaux recyclables","02E","Valorisation organique",15591.87667
2015,76,"Occitanie","34","Hérault","02C","Déchets verts","02A","Valorisation matière",1093
2015,76,"Occitanie","34","Hérault","02C","Déchets verts","02E","Valorisation organique",82543.57212
2015,76,"Occitanie","34","Hérault","02D","Encombrants","02A","Valorisation matière",2972.75307
2015,76,"Occitanie","34","Hérault","02D","Encombrants","02B","Incinération avec récupération d'énergie",39885.35865
2015,76,"Occitanie","34","Hérault","02D","Encombrants","02D","Stockage",37828.87998
2015,76,"Occitanie","34","Hérault","02E","Déblais et gravats","02A","Valorisation matière",64346.77883
2015,76,"Occitanie","34","Hérault","02E","Déblais et gravats","02D","Stockage",12432.36437
2015,76,"Occitanie","34","Hérault","02E","Déblais et gravats","02F","Stockage pour inertes",22080.40957
2015,76,"Occitanie","34","Hérault","02F","DEEE","02A","Valorisation matière",4210.50443
2015,76,"Occitanie","34","Hérault","02Z","Autres déchets","02A","Valorisation matière",15.16639
2015,76,"Occitanie","34","Hérault","02Z","Autres déchets","02Z","Non précisé",7
2015,76,"Occitanie","46","Lot","02A","Déchets dangereux","02A","Valorisation matière",361.59412
2015,76,"Occitanie","46","Lot","02A","Déchets dangereux","02B","Incinération avec récupération d'énergie",2.63549
2015,76,"Occitanie","46","Lot","02A","Déchets dangereux","02Z","Non précisé",0.00022
2015,76,"Occitanie","46","Lot","02B","Matériaux recyclables","02A","Valorisation matière",3340.24262
2015,76,"Occitanie","46","Lot","02B","Matériaux recyclables","02B","Incinération avec récupération d'énergie",656.365
2015,76,"Occitanie","46","Lot","02B","Matériaux recyclables","02E","Valorisation organique",2947.38
2015,76,"Occitanie","46","Lot","02C","Déchets verts","02E","Valorisation organique",13050.52186
2015,76,"Occitanie","46","Lot","02D","Encombrants","02A","Valorisation matière",67.40271
2015,76,"Occitanie","46","Lot","02D","Encombrants","02D","Stockage",11884.02206
2015,76,"Occitanie","46","Lot","02E","Déblais et gravats","02A","Valorisation matière",55.67953
2015,76,"Occitanie","46","Lot","02E","Déblais et gravats","02F","Stockage pour inertes",13487.04
2015,76,"Occitanie","46","Lot","02F","DEEE","02A","Valorisation matière",1892.85308
2015,76,"Occitanie","46","Lot","02Z","Autres déchets","02A","Valorisation matière",20.35841
2015,76,"Occitanie","48","Lozère","02A","Déchets dangereux","02A","Valorisation matière",69.27585
2015,76,"Occitanie","48","Lozère","02A","Déchets dangereux","02B","Incinération avec récupération d'énergie",0.19547
2015,76,"Occitanie","48","Lozère","02A","Déchets dangereux","02C","Incinération sans récupération d'énergie",6.56718
2015,76,"Occitanie","48","Lozère","02A","Déchets dangereux","02Z","Non précisé",104.89666
2015,76,"Occitanie","48","Lozère","02B","Matériaux recyclables","02A","Valorisation matière",4433.29274
2015,76,"Occitanie","48","Lozère","02B","Matériaux recyclables","02Z","Non précisé",52.32186
2015,76,"Occitanie","48","Lozère","02C","Déchets verts","02E","Valorisation organique",2214.63339
2015,76,"Occitanie","48","Lozère","02D","Encombrants","02A","Valorisation matière",4225.03603
2015,76,"Occitanie","48","Lozère","02D","Encombrants","02D","Stockage",554.10775
2015,76,"Occitanie","48","Lozère","02E","Déblais et gravats","02F","Stockage pour inertes",559.00012
2015,76,"Occitanie","48","Lozère","02F","DEEE","02A","Valorisation matière",697.49906
2015,76,"Occitanie","48","Lozère","02Z","Autres déchets","02A","Valorisation matière",5.48387
2015,76,"Occitanie","48","Lozère","02Z","Autres déchets","02Z","Non précisé",1.075
2015,76,"Occitanie","65","Hautes-Pyrénées","02A","Déchets dangereux","02A","Valorisation matière",379.18063
2015,76,"Occitanie","65","Hautes-Pyrénées","02A","Déchets dangereux","02B","Incinération avec récupération d'énergie",3.40015
2015,76,"Occitanie","65","Hautes-Pyrénées","02A","Déchets dangereux","02C","Incinération sans récupération d'énergie",0.17096
2015,76,"Occitanie","65","Hautes-Pyrénées","02A","Déchets dangereux","02Z","Non précisé",38.12785
2015,76,"Occitanie","65","Hautes-Pyrénées","02B","Matériaux recyclables","02A","Valorisation matière",7590.80023
2015,76,"Occitanie","65","Hautes-Pyrénées","02B","Matériaux recyclables","02B","Incinération avec récupération d'énergie",847.83055
2015,76,"Occitanie","65","Hautes-Pyrénées","02B","Matériaux recyclables","02E","Valorisation organique",52.0284
2015,76,"Occitanie","65","Hautes-Pyrénées","02C","Déchets verts","02E","Valorisation organique",21609.15251
2015,76,"Occitanie","65","Hautes-Pyrénées","02D","Encombrants","02A","Valorisation matière",120.19
2015,76,"Occitanie","65","Hautes-Pyrénées","02D","Encombrants","02B","Incinération avec récupération d'énergie",4.44498
2015,76,"Occitanie","65","Hautes-Pyrénées","02D","Encombrants","02D","Stockage",13814.51978
2015,76,"Occitanie","65","Hautes-Pyrénées","02E","Déblais et gravats","02A","Valorisation matière",1037.25371
2015,76,"Occitanie","65","Hautes-Pyrénées","02E","Déblais et gravats","02D","Stockage",163.95285
2015,76,"Occitanie","65","Hautes-Pyrénées","02E","Déblais et gravats","02F","Stockage pour inertes",12650.59129
2015,76,"Occitanie","65","Hautes-Pyrénées","02F","DEEE","02A","Valorisation matière",1114.25303
2015,76,"Occitanie","65","Hautes-Pyrénées","02Z","Autres déchets","02A","Valorisation matière",12.65193
2015,76,"Occitanie","65","Hautes-Pyrénées","02Z","Autres déchets","02B","Incinération avec récupération d'énergie",6.2
2015,76,"Occitanie","66","Pyrénées-Orientales","02A","Déchets dangereux","02A","Valorisation matière",223.103
2015,76,"Occitanie","66","Pyrénées-Orientales","02A","Déchets dangereux","02F","Stockage pour inertes",0.001
2015,76,"Occitanie","66","Pyrénées-Orientales","02A","Déchets dangereux","02Z","Non précisé",71.83
2015,76,"Occitanie","66","Pyrénées-Orientales","02B","Matériaux recyclables","02A","Valorisation matière",15590.698
2015,76,"Occitanie","66","Pyrénées-Orientales","02B","Matériaux recyclables","02D","Stockage",0.001
2015,76,"Occitanie","66","Pyrénées-Orientales","02B","Matériaux recyclables","02E","Valorisation organique",1671.151
2015,76,"Occitanie","66","Pyrénées-Orientales","02B","Matériaux recyclables","02Z","Non précisé",189.612
2015,76,"Occitanie","66","Pyrénées-Orientales","02C","Déchets verts","02E","Valorisation organique",36702.731
2015,76,"Occitanie","66","Pyrénées-Orientales","02D","Encombrants","02A","Valorisation matière",203.089
2015,76,"Occitanie","66","Pyrénées-Orientales","02D","Encombrants","02B","Incinération avec récupération d'énergie",13369.00101
2015,76,"Occitanie","66","Pyrénées-Orientales","02D","Encombrants","02D","Stockage",23170.496
2015,76,"Occitanie","66","Pyrénées-Orientales","02D","Encombrants","02Z","Non précisé",17.001
2015,76,"Occitanie","66","Pyrénées-Orientales","02E","Déblais et gravats","02A","Valorisation matière",14331
2015,76,"Occitanie","66","Pyrénées-Orientales","02E","Déblais et gravats","02F","Stockage pour inertes",13076.45
2015,76,"Occitanie","66","Pyrénées-Orientales","02E","Déblais et gravats","02Z","Non précisé",3066.68
2015,76,"Occitanie","66","Pyrénées-Orientales","02F","DEEE","02A","Valorisation matière",1589.552
2015,76,"Occitanie","66","Pyrénées-Orientales","02Z","Autres déchets","02A","Valorisation matière",12.16999
2015,76,"Occitanie","81","Tarn","02A","Déchets dangereux","02A","Valorisation matière",667.26128
2015,76,"Occitanie","81","Tarn","02A","Déchets dangereux","02B","Incinération avec récupération d'énergie",0.62003
2015,76,"Occitanie","81","Tarn","02A","Déchets dangereux","02C","Incinération sans récupération d'énergie",5.46836
2015,76,"Occitanie","81","Tarn","02A","Déchets dangereux","02Z","Non précisé",0.06695
2015,76,"Occitanie","81","Tarn","02B","Matériaux recyclables","02A","Valorisation matière",8051.73642
2015,76,"Occitanie","81","Tarn","02B","Matériaux recyclables","02B","Incinération avec récupération d'énergie",6514.70091
2015,76,"Occitanie","81","Tarn","02B","Matériaux recyclables","02E","Valorisation organique",1608.45707
2015,76,"Occitanie","81","Tarn","02C","Déchets verts","02E","Valorisation organique",24821.66838
2015,76,"Occitanie","81","Tarn","02D","Encombrants","02A","Valorisation matière",1093.36567
2015,76,"Occitanie","81","Tarn","02D","Encombrants","02B","Incinération avec récupération d'énergie",3.32157
2015,76,"Occitanie","81","Tarn","02D","Encombrants","02D","Stockage",17980.48342
2015,76,"Occitanie","81","Tarn","02D","Encombrants","02Z","Non précisé",10.42661
2015,76,"Occitanie","81","Tarn","02E","Déblais et gravats","02A","Valorisation matière",18.2714
2015,76,"Occitanie","81","Tarn","02E","Déblais et gravats","02D","Stockage",1762.05823
2015,76,"Occitanie","81","Tarn","02E","Déblais et gravats","02F","Stockage pour inertes",22775.61135
2015,76,"Occitanie","81","Tarn","02F","DEEE","02A","Valorisation matière",3601.23331
2015,76,"Occitanie","81","Tarn","02F","DEEE","02Z","Non précisé",1.67815
2015,76,"Occitanie","81","Tarn","02Z","Autres déchets","02A","Valorisation matière",19.56336
2015,76,"Occitanie","82","Tarn-et-Garonne","02A","Déchets dangereux","02A","Valorisation matière",400.25442
2015,76,"Occitanie","82","Tarn-et-Garonne","02A","Déchets dangereux","02B","Incinération avec récupération d'énergie",182.1036
2015,76,"Occitanie","82","Tarn-et-Garonne","02A","Déchets dangereux","02Z","Non précisé",6.652
2015,76,"Occitanie","82","Tarn-et-Garonne","02B","Matériaux recyclables","02A","Valorisation matière",4049.01566
2015,76,"Occitanie","82","Tarn-et-Garonne","02B","Matériaux recyclables","02D","Stockage",503.36
2015,76,"Occitanie","82","Tarn-et-Garonne","02B","Matériaux recyclables","02E","Valorisation organique",571
2015,76,"Occitanie","82","Tarn-et-Garonne","02C","Déchets verts","02E","Valorisation organique",17650.58148
2015,76,"Occitanie","82","Tarn-et-Garonne","02D","Encombrants","02A","Valorisation matière",706.72711
2015,76,"Occitanie","82","Tarn-et-Garonne","02D","Encombrants","02D","Stockage",16413.05727
2015,76,"Occitanie","82","Tarn-et-Garonne","02E","Déblais et gravats","02A","Valorisation matière",1971.54
2015,76,"Occitanie","82","Tarn-et-Garonne","02E","Déblais et gravats","02D","Stockage",1377.34
2015,76,"Occitanie","82","Tarn-et-Garonne","02E","Déblais et gravats","02F","Stockage pour inertes",17221.38369
2015,76,"Occitanie","82","Tarn-et-Garonne","02F","DEEE","02A","Valorisation matière",2075.8233
2015,76,"Occitanie","82","Tarn-et-Garonne","02Z","Autres déchets","02A","Valorisation matière",10.63726
2015,76,"Occitanie","82","Tarn-et-Garonne","02Z","Autres déchets","02C","Incinération sans récupération d'énergie",0.47
2015,93,"PACA","04","Alpes-de-Haute-Provence","02A","Déchets dangereux","02A","Valorisation matière",31.59399
2015,93,"PACA","04","Alpes-de-Haute-Provence","02A","Déchets dangereux","02B","Incinération avec récupération d'énergie",208.31341
2015,93,"PACA","04","Alpes-de-Haute-Provence","02A","Déchets dangereux","02C","Incinération sans récupération d'énergie",28.14878
2015,93,"PACA","04","Alpes-de-Haute-Provence","02A","Déchets dangereux","02D","Stockage",66.29971
2015,93,"PACA","04","Alpes-de-Haute-Provence","02A","Déchets dangereux","02Z","Non précisé",18.31089
2015,93,"PACA","04","Alpes-de-Haute-Provence","02B","Matériaux recyclables","02A","Valorisation matière",8515.34343
2015,93,"PACA","04","Alpes-de-Haute-Provence","02C","Déchets verts","02A","Valorisation matière",978.59074
2015,93,"PACA","04","Alpes-de-Haute-Provence","02C","Déchets verts","02E","Valorisation organique",12098.54906
2015,93,"PACA","04","Alpes-de-Haute-Provence","02D","Encombrants","02A","Valorisation matière",293.95816
2015,93,"PACA","04","Alpes-de-Haute-Provence","02D","Encombrants","02B","Incinération avec récupération d'énergie",28.46133
2015,93,"PACA","04","Alpes-de-Haute-Provence","02D","Encombrants","02D","Stockage",9938.90969
2015,93,"PACA","04","Alpes-de-Haute-Provence","02D","Encombrants","02Z","Non précisé",9.03287
2015,93,"PACA","04","Alpes-de-Haute-Provence","02E","Déblais et gravats","02A","Valorisation matière",947.4
2015,93,"PACA","04","Alpes-de-Haute-Provence","02E","Déblais et gravats","02D","Stockage",2364
2015,93,"PACA","04","Alpes-de-Haute-Provence","02E","Déblais et gravats","02F","Stockage pour inertes",22742.41957
2015,93,"PACA","04","Alpes-de-Haute-Provence","02F","DEEE","02A","Valorisation matière",1293.71475
2015,93,"PACA","05","Hautes-Alpes","02A","Déchets dangereux","02A","Valorisation matière",148.32958
2015,93,"PACA","05","Hautes-Alpes","02A","Déchets dangereux","02B","Incinération avec récupération d'énergie",69.85
2015,93,"PACA","05","Hautes-Alpes","02A","Déchets dangereux","02C","Incinération sans récupération d'énergie",88.68283
2015,93,"PACA","05","Hautes-Alpes","02A","Déchets dangereux","02D","Stockage",9
2015,93,"PACA","05","Hautes-Alpes","02A","Déchets dangereux","02Z","Non précisé",8.15361
2015,93,"PACA","05","Hautes-Alpes","02B","Matériaux recyclables","02A","Valorisation matière",9391.88236
2015,93,"PACA","05","Hautes-Alpes","02B","Matériaux recyclables","02E","Valorisation organique",429
2015,93,"PACA","05","Hautes-Alpes","02B","Matériaux recyclables","02Z","Non précisé",528.62
2015,93,"PACA","05","Hautes-Alpes","02C","Déchets verts","02A","Valorisation matière",3968.26428
2015,93,"PACA","05","Hautes-Alpes","02C","Déchets verts","02D","Stockage",906.42
2015,93,"PACA","05","Hautes-Alpes","02C","Déchets verts","02E","Valorisation organique",2540.73036
2015,93,"PACA","05","Hautes-Alpes","02C","Déchets verts","02Z","Non précisé",1123.54
2015,93,"PACA","05","Hautes-Alpes","02D","Encombrants","02A","Valorisation matière",1129.6409
2015,93,"PACA","05","Hautes-Alpes","02D","Encombrants","02B","Incinération avec récupération d'énergie",5.72602
2015,93,"PACA","05","Hautes-Alpes","02D","Encombrants","02D","Stockage",8605.46156
2015,93,"PACA","05","Hautes-Alpes","02E","Déblais et gravats","02A","Valorisation matière",1944.06
2015,93,"PACA","05","Hautes-Alpes","02E","Déblais et gravats","02D","Stockage",243
2015,93,"PACA","05","Hautes-Alpes","02E","Déblais et gravats","02F","Stockage pour inertes",6141.50425
2015,93,"PACA","05","Hautes-Alpes","02E","Déblais et gravats","02Z","Non précisé",688.60705
2015,93,"PACA","05","Hautes-Alpes","02F","DEEE","02A","Valorisation matière",1408.23276
2015,93,"PACA","05","Hautes-Alpes","02F","DEEE","02Z","Non précisé",84.4
2015,93,"PACA","05","Hautes-Alpes","02Z","Autres déchets","02A","Valorisation matière",22.515
2015,93,"PACA","05","Hautes-Alpes","02Z","Autres déchets","02Z","Non précisé",551.62
2015,93,"PACA","06","Alpes-Maritimes","02A","Déchets dangereux","02A","Valorisation matière",10.807
2015,93,"PACA","06","Alpes-Maritimes","02A","Déchets dangereux","02C","Incinération sans récupération d'énergie",827.81
2015,93,"PACA","06","Alpes-Maritimes","02A","Déchets dangereux","02Z","Non précisé",272
2015,93,"PACA","06","Alpes-Maritimes","02B","Matériaux recyclables","02A","Valorisation matière",28437.83999
2015,93,"PACA","06","Alpes-Maritimes","02C","Déchets verts","02E","Valorisation organique",72479.86
2015,93,"PACA","06","Alpes-Maritimes","02D","Encombrants","02A","Valorisation matière",34996.42
2015,93,"PACA","06","Alpes-Maritimes","02D","Encombrants","02B","Incinération avec récupération d'énergie",20386.35
2015,93,"PACA","06","Alpes-Maritimes","02D","Encombrants","02D","Stockage",24635
2015,93,"PACA","06","Alpes-Maritimes","02E","Déblais et gravats","02A","Valorisation matière",21544.09
2015,93,"PACA","06","Alpes-Maritimes","02E","Déblais et gravats","02F","Stockage pour inertes",52986
2015,93,"PACA","06","Alpes-Maritimes","02F","DEEE","02A","Valorisation matière",3303.833
2015,93,"PACA","06","Alpes-Maritimes","02Z","Autres déchets","02A","Valorisation matière",219
2015,93,"PACA","13","Bouches-du-Rhône","02A","Déchets dangereux","02A","Valorisation matière",159.97603
2015,93,"PACA","13","Bouches-du-Rhône","02A","Déchets dangereux","02B","Incinération avec récupération d'énergie",669.11171
2015,93,"PACA","13","Bouches-du-Rhône","02A","Déchets dangereux","02C","Incinération sans récupération d'énergie",780.05999
2015,93,"PACA","13","Bouches-du-Rhône","02A","Déchets dangereux","02Z","Non précisé",86.05971
2015,93,"PACA","13","Bouches-du-Rhône","02B","Matériaux recyclables","02A","Valorisation matière",61149.25452
2015,93,"PACA","13","Bouches-du-Rhône","02C","Déchets verts","02D","Stockage",93.1
2015,93,"PACA","13","Bouches-du-Rhône","02C","Déchets verts","02E","Valorisation organique",101858.176
2015,93,"PACA","13","Bouches-du-Rhône","02D","Encombrants","02A","Valorisation matière",14784.98658
2015,93,"PACA","13","Bouches-du-Rhône","02D","Encombrants","02D","Stockage",67329.06283
2015,93,"PACA","13","Bouches-du-Rhône","02D","Encombrants","02Z","Non précisé",1945.41223
2015,93,"PACA","13","Bouches-du-Rhône","02E","Déblais et gravats","02A","Valorisation matière",141282.1518
2015,93,"PACA","13","Bouches-du-Rhône","02E","Déblais et gravats","02D","Stockage",4780.72001
2015,93,"PACA","13","Bouches-du-Rhône","02E","Déblais et gravats","02F","Stockage pour inertes",14335.14
2015,93,"PACA","13","Bouches-du-Rhône","02F","DEEE","02A","Valorisation matière",5965.4112
2015,93,"PACA","13","Bouches-du-Rhône","02Z","Autres déchets","02A","Valorisation matière",10.23353
2015,93,"PACA","83","Var","02A","Déchets dangereux","02A","Valorisation matière",155.981
2015,93,"PACA","83","Var","02A","Déchets dangereux","02B","Incinération avec récupération d'énergie",42.6266
2015,93,"PACA","83","Var","02A","Déchets dangereux","02C","Incinération sans récupération d'énergie",689.51
2015,93,"PACA","83","Var","02A","Déchets dangereux","02D","Stockage",28.32029
2015,93,"PACA","83","Var","02A","Déchets dangereux","02Z","Non précisé",146.17429
2015,93,"PACA","83","Var","02B","Matériaux recyclables","02A","Valorisation matière",29354.69158
2015,93,"PACA","83","Var","02B","Matériaux recyclables","02E","Valorisation organique",417.38
2015,93,"PACA","83","Var","02B","Matériaux recyclables","02Z","Non précisé",58.36
2015,93,"PACA","83","Var","02C","Déchets verts","02A","Valorisation matière",6588.82
2015,93,"PACA","83","Var","02C","Déchets verts","02E","Valorisation organique",93626.21485
2015,93,"PACA","83","Var","02C","Déchets verts","02Z","Non précisé",0.902
2015,93,"PACA","83","Var","02D","Encombrants","02A","Valorisation matière",14537.21045
2015,93,"PACA","83","Var","02D","Encombrants","02B","Incinération avec récupération d'énergie",20923.60001
2015,93,"PACA","83","Var","02D","Encombrants","02D","Stockage",37077.47684
2015,93,"PACA","83","Var","02D","Encombrants","02Z","Non précisé",427
2015,93,"PACA","83","Var","02E","Déblais et gravats","02A","Valorisation matière",13633.84961
2015,93,"PACA","83","Var","02E","Déblais et gravats","02D","Stockage",41721.23001
2015,93,"PACA","83","Var","02E","Déblais et gravats","02F","Stockage pour inertes",10115.65012
2015,93,"PACA","83","Var","02E","Déblais et gravats","02Z","Non précisé",279.54
2015,93,"PACA","83","Var","02F","DEEE","02A","Valorisation matière",4045.42727
2015,93,"PACA","83","Var","02Z","Autres déchets","02Z","Non précisé",35.655
2015,93,"PACA","84","Vaucluse","02A","Déchets dangereux","02A","Valorisation matière",83.10572
2015,93,"PACA","84","Vaucluse","02A","Déchets dangereux","02B","Incinération avec récupération d'énergie",51.04298
2015,93,"PACA","84","Vaucluse","02A","Déchets dangereux","02C","Incinération sans récupération d'énergie",380.79909
2015,93,"PACA","84","Vaucluse","02A","Déchets dangereux","02Z","Non précisé",90.25395
2015,93,"PACA","84","Vaucluse","02B","Matériaux recyclables","02A","Valorisation matière",21159.8742
2015,93,"PACA","84","Vaucluse","02B","Matériaux recyclables","02E","Valorisation organique",277.4
2015,93,"PACA","84","Vaucluse","02B","Matériaux recyclables","02Z","Non précisé",203.3
2015,93,"PACA","84","Vaucluse","02C","Déchets verts","02A","Valorisation matière",2296
2015,93,"PACA","84","Vaucluse","02C","Déchets verts","02E","Valorisation organique",33622.37519
2015,93,"PACA","84","Vaucluse","02D","Encombrants","02A","Valorisation matière",2112.21704
2015,93,"PACA","84","Vaucluse","02D","Encombrants","02B","Incinération avec récupération d'énergie",449
2015,93,"PACA","84","Vaucluse","02D","Encombrants","02D","Stockage",31426.95318
2015,93,"PACA","84","Vaucluse","02D","Encombrants","02Z","Non précisé",565.24638
2015,93,"PACA","84","Vaucluse","02E","Déblais et gravats","02A","Valorisation matière",16504.35856
2015,93,"PACA","84","Vaucluse","02E","Déblais et gravats","02D","Stockage",4318.33553
2015,93,"PACA","84","Vaucluse","02E","Déblais et gravats","02F","Stockage pour inertes",20997.03992
2015,93,"PACA","84","Vaucluse","02E","Déblais et gravats","02Z","Non précisé",2.1
2015,93,"PACA","84","Vaucluse","02F","DEEE","02A","Valorisation matière",2964.17829
2015,93,"PACA","84","Vaucluse","02F","DEEE","02Z","Non précisé",135.5
2015,93,"PACA","84","Vaucluse","02Z","Autres déchets","02A","Valorisation matière",0.31047
2015,52,"Pays de la Loire","44","Loire-Atlantique","02A","Déchets dangereux","02A","Valorisation matière",1572.5709
2015,52,"Pays de la Loire","44","Loire-Atlantique","02A","Déchets dangereux","02B","Incinération avec récupération d'énergie",44.732
2015,52,"Pays de la Loire","44","Loire-Atlantique","02A","Déchets dangereux","02C","Incinération sans récupération d'énergie",2.3916
2015,52,"Pays de la Loire","44","Loire-Atlantique","02A","Déchets dangereux","02D","Stockage",592.47473
2015,52,"Pays de la Loire","44","Loire-Atlantique","02A","Déchets dangereux","02Z","Non précisé",338.67369
2015,52,"Pays de la Loire","44","Loire-Atlantique","02B","Matériaux recyclables","02A","Valorisation matière",48131.90014
2015,52,"Pays de la Loire","44","Loire-Atlantique","02B","Matériaux recyclables","02E","Valorisation organique",3082.8
2015,52,"Pays de la Loire","44","Loire-Atlantique","02B","Matériaux recyclables","02Z","Non précisé",1244.338
2015,52,"Pays de la Loire","44","Loire-Atlantique","02C","Déchets verts","02A","Valorisation matière",4276.86799
2015,52,"Pays de la Loire","44","Loire-Atlantique","02C","Déchets verts","02E","Valorisation organique",128523.0144
2015,52,"Pays de la Loire","44","Loire-Atlantique","02C","Déchets verts","02Z","Non précisé",9076.06
2015,52,"Pays de la Loire","44","Loire-Atlantique","02D","Encombrants","02A","Valorisation matière",9870.73999
2015,52,"Pays de la Loire","44","Loire-Atlantique","02D","Encombrants","02B","Incinération avec récupération d'énergie",31707.63
2015,52,"Pays de la Loire","44","Loire-Atlantique","02D","Encombrants","02D","Stockage",35375.96318
2015,52,"Pays de la Loire","44","Loire-Atlantique","02D","Encombrants","02Z","Non précisé",723.98
2015,52,"Pays de la Loire","44","Loire-Atlantique","02E","Déblais et gravats","02A","Valorisation matière",15207.08359
2015,52,"Pays de la Loire","44","Loire-Atlantique","02E","Déblais et gravats","02D","Stockage",18319.4113
2015,52,"Pays de la Loire","44","Loire-Atlantique","02E","Déblais et gravats","02F","Stockage pour inertes",74123.4466
2015,52,"Pays de la Loire","44","Loire-Atlantique","02E","Déblais et gravats","02Z","Non précisé",1532.44
2015,52,"Pays de la Loire","44","Loire-Atlantique","02F","DEEE","02A","Valorisation matière",6617.84553
2015,52,"Pays de la Loire","44","Loire-Atlantique","02Z","Autres déchets","02A","Valorisation matière",30.91154
2015,52,"Pays de la Loire","44","Loire-Atlantique","02Z","Autres déchets","02Z","Non précisé",1.904
2015,52,"Pays de la Loire","49","Maine-et-Loire","02A","Déchets dangereux","02A","Valorisation matière",687.95189
2015,52,"Pays de la Loire","49","Maine-et-Loire","02A","Déchets dangereux","02B","Incinération avec récupération d'énergie",3.41359
2015,52,"Pays de la Loire","49","Maine-et-Loire","02A","Déchets dangereux","02D","Stockage",254.96
2015,52,"Pays de la Loire","49","Maine-et-Loire","02A","Déchets dangereux","02Z","Non précisé",779.95589
2015,52,"Pays de la Loire","49","Maine-et-Loire","02B","Matériaux recyclables","02A","Valorisation matière",17552.59473
2015,52,"Pays de la Loire","49","Maine-et-Loire","02B","Matériaux recyclables","02B","Incinération avec récupération d'énergie",335.76
2015,52,"Pays de la Loire","49","Maine-et-Loire","02B","Matériaux recyclables","02E","Valorisation organique",5710.41373
2015,52,"Pays de la Loire","49","Maine-et-Loire","02B","Matériaux recyclables","02Z","Non précisé",482.13
2015,52,"Pays de la Loire","49","Maine-et-Loire","02C","Déchets verts","02A","Valorisation matière",809.91201
2015,52,"Pays de la Loire","49","Maine-et-Loire","02C","Déchets verts","02E","Valorisation organique",75293.29822
2015,52,"Pays de la Loire","49","Maine-et-Loire","02D","Encombrants","02A","Valorisation matière",8465.98583
2015,52,"Pays de la Loire","49","Maine-et-Loire","02D","Encombrants","02B","Incinération avec récupération d'énergie",8146.61266
2015,52,"Pays de la Loire","49","Maine-et-Loire","02D","Encombrants","02D","Stockage",17837.83988
2015,52,"Pays de la Loire","49","Maine-et-Loire","02D","Encombrants","02Z","Non précisé",10075.81001
2015,52,"Pays de la Loire","49","Maine-et-Loire","02E","Déblais et gravats","02A","Valorisation matière",19558.37447
2015,52,"Pays de la Loire","49","Maine-et-Loire","02E","Déblais et gravats","02D","Stockage",7431.2287
2015,52,"Pays de la Loire","49","Maine-et-Loire","02E","Déblais et gravats","02F","Stockage pour inertes",36444.48999
2015,52,"Pays de la Loire","49","Maine-et-Loire","02F","DEEE","02A","Valorisation matière",5773.70438
2015,52,"Pays de la Loire","49","Maine-et-Loire","02Z","Autres déchets","02A","Valorisation matière",18.37257
2015,52,"Pays de la Loire","49","Maine-et-Loire","02Z","Autres déchets","02Z","Non précisé",6.34
2015,52,"Pays de la Loire","53","Mayenne","02A","Déchets dangereux","02A","Valorisation matière",297.88304
2015,52,"Pays de la Loire","53","Mayenne","02A","Déchets dangereux","02B","Incinération avec récupération d'énergie",28.546
2015,52,"Pays de la Loire","53","Mayenne","02A","Déchets dangereux","02C","Incinération sans récupération d'énergie",1.16
2015,52,"Pays de la Loire","53","Mayenne","02A","Déchets dangereux","02F","Stockage pour inertes",45.002
2015,52,"Pays de la Loire","53","Mayenne","02A","Déchets dangereux","02Z","Non précisé",219.46294
2015,52,"Pays de la Loire","53","Mayenne","02B","Matériaux recyclables","02A","Valorisation matière",8591.71116
2015,52,"Pays de la Loire","53","Mayenne","02B","Matériaux recyclables","02B","Incinération avec récupération d'énergie",680
2015,52,"Pays de la Loire","53","Mayenne","02B","Matériaux recyclables","02E","Valorisation organique",332.6
2015,52,"Pays de la Loire","53","Mayenne","02B","Matériaux recyclables","02Z","Non précisé",382.582
2015,52,"Pays de la Loire","53","Mayenne","02C","Déchets verts","02E","Valorisation organique",32657.57174
2015,52,"Pays de la Loire","53","Mayenne","02C","Déchets verts","02Z","Non précisé",1950
2015,52,"Pays de la Loire","53","Mayenne","02D","Encombrants","02A","Valorisation matière",3132.83534
2015,52,"Pays de la Loire","53","Mayenne","02D","Encombrants","02B","Incinération avec récupération d'énergie",175
2015,52,"Pays de la Loire","53","Mayenne","02D","Encombrants","02D","Stockage",13259.14104
2015,52,"Pays de la Loire","53","Mayenne","02D","Encombrants","02Z","Non précisé",1965.37
2015,52,"Pays de la Loire","53","Mayenne","02E","Déblais et gravats","02A","Valorisation matière",3679.83372
2015,52,"Pays de la Loire","53","Mayenne","02E","Déblais et gravats","02D","Stockage",9887.19
2015,52,"Pays de la Loire","53","Mayenne","02E","Déblais et gravats","02F","Stockage pour inertes",7345.2
2015,52,"Pays de la Loire","53","Mayenne","02E","Déblais et gravats","02Z","Non précisé",3553
2015,52,"Pays de la Loire","53","Mayenne","02F","DEEE","02A","Valorisation matière",1816.52819
2015,52,"Pays de la Loire","53","Mayenne","02F","DEEE","02Z","Non précisé",141.82
2015,52,"Pays de la Loire","53","Mayenne","02Z","Autres déchets","02A","Valorisation matière",10.49903
2015,52,"Pays de la Loire","72","Sarthe","02A","Déchets dangereux","02A","Valorisation matière",661.17251
2015,52,"Pays de la Loire","72","Sarthe","02A","Déchets dangereux","02B","Incinération avec récupération d'énergie",139.84579
2015,52,"Pays de la Loire","72","Sarthe","02A","Déchets dangereux","02D","Stockage",58.03849
2015,52,"Pays de la Loire","72","Sarthe","02A","Déchets dangereux","02F","Stockage pour inertes",9.3952
2015,52,"Pays de la Loire","72","Sarthe","02A","Déchets dangereux","02Z","Non précisé",148.87283
2015,52,"Pays de la Loire","72","Sarthe","02B","Matériaux recyclables","02A","Valorisation matière",15659.77095
2015,52,"Pays de la Loire","72","Sarthe","02B","Matériaux recyclables","02B","Incinération avec récupération d'énergie",384.22308
2015,52,"Pays de la Loire","72","Sarthe","02B","Matériaux recyclables","02E","Valorisation organique",1309.32729
2015,52,"Pays de la Loire","72","Sarthe","02B","Matériaux recyclables","02Z","Non précisé",282.14039
2015,52,"Pays de la Loire","72","Sarthe","02C","Déchets verts","02A","Valorisation matière",1076.052
2015,52,"Pays de la Loire","72","Sarthe","02C","Déchets verts","02E","Valorisation organique",39120.02524
2015,52,"Pays de la Loire","72","Sarthe","02C","Déchets verts","02Z","Non précisé",600
2015,52,"Pays de la Loire","72","Sarthe","02D","Encombrants","02A","Valorisation matière",2301.55306
2015,52,"Pays de la Loire","72","Sarthe","02D","Encombrants","02B","Incinération avec récupération d'énergie",14080.21
2015,52,"Pays de la Loire","72","Sarthe","02D","Encombrants","02D","Stockage",11427.52268
2015,52,"Pays de la Loire","72","Sarthe","02D","Encombrants","02Z","Non précisé",85.09475
2015,52,"Pays de la Loire","72","Sarthe","02E","Déblais et gravats","02A","Valorisation matière",5633.68548
2015,52,"Pays de la Loire","72","Sarthe","02E","Déblais et gravats","02D","Stockage",15283.66644
2015,52,"Pays de la Loire","72","Sarthe","02E","Déblais et gravats","02F","Stockage pour inertes",3185
2015,52,"Pays de la Loire","72","Sarthe","02E","Déblais et gravats","02Z","Non précisé",1374.72886
2015,52,"Pays de la Loire","72","Sarthe","02F","DEEE","02A","Valorisation matière",2450.63666
2015,52,"Pays de la Loire","72","Sarthe","02F","DEEE","02Z","Non précisé",272.315
2015,52,"Pays de la Loire","72","Sarthe","02Z","Autres déchets","02A","Valorisation matière",1092.31517
2015,52,"Pays de la Loire","72","Sarthe","02Z","Autres déchets","02Z","Non précisé",1.101
2015,52,"Pays de la Loire","85","Vendée","02A","Déchets dangereux","02A","Valorisation matière",537.814
2015,52,"Pays de la Loire","85","Vendée","02A","Déchets dangereux","02B","Incinération avec récupération d'énergie",28.841
2015,52,"Pays de la Loire","85","Vendée","02A","Déchets dangereux","02C","Incinération sans récupération d'énergie",313.9124
2015,52,"Pays de la Loire","85","Vendée","02A","Déchets dangereux","02D","Stockage",37.363
2015,52,"Pays de la Loire","85","Vendée","02A","Déchets dangereux","02Z","Non précisé",377.84926
2015,52,"Pays de la Loire","85","Vendée","02B","Matériaux recyclables","02A","Valorisation matière",36032.85505
2015,52,"Pays de la Loire","85","Vendée","02B","Matériaux recyclables","02Z","Non précisé",1969.179
2015,52,"Pays de la Loire","85","Vendée","02C","Déchets verts","02A","Valorisation matière",25166.351
2015,52,"Pays de la Loire","85","Vendée","02C","Déchets verts","02E","Valorisation organique",58009.03698
2015,52,"Pays de la Loire","85","Vendée","02C","Déchets verts","02Z","Non précisé",9422.67
2015,52,"Pays de la Loire","85","Vendée","02D","Encombrants","02A","Valorisation matière",4528.43844
2015,52,"Pays de la Loire","85","Vendée","02D","Encombrants","02D","Stockage",33164.66775
2015,52,"Pays de la Loire","85","Vendée","02D","Encombrants","02E","Valorisation organique",381.18
2015,52,"Pays de la Loire","85","Vendée","02D","Encombrants","02Z","Non précisé",2507.6
2015,52,"Pays de la Loire","85","Vendée","02E","Déblais et gravats","02A","Valorisation matière",61402.89236
2015,52,"Pays de la Loire","85","Vendée","02E","Déblais et gravats","02F","Stockage pour inertes",7492.1
2015,52,"Pays de la Loire","85","Vendée","02E","Déblais et gravats","02Z","Non précisé",13.4
2015,52,"Pays de la Loire","85","Vendée","02F","DEEE","02A","Valorisation matière",5238.17419
2015,52,"Pays de la Loire","85","Vendée","02Z","Autres déchets","02A","Valorisation matière",8.51
2015,52,"Pays de la Loire","85","Vendée","02Z","Autres déchets","02C","Incinération sans récupération d'énergie",6.89
2015,52,"Pays de la Loire","85","Vendée","02Z","Autres déchets","02Z","Non précisé",769.306
2017,84,"Auvergne-Rhône-Alpes","01","Ain","02A","Déchets dangereux","02A","Valorisation matière",1464.33025
2017,84,"Auvergne-Rhône-Alpes","01","Ain","02A","Déchets dangereux","02B","Incinération avec récupération d'énergie",24.667
2017,84,"Auvergne-Rhône-Alpes","01","Ain","02A","Déchets dangereux","02D","Stockage",189.2222
2017,84,"Auvergne-Rhône-Alpes","01","Ain","02A","Déchets dangereux","02Z","Non précisé",114.23822
2017,84,"Auvergne-Rhône-Alpes","01","Ain","02B","Matériaux recyclables","02A","Valorisation matière",29053.79323
2017,84,"Auvergne-Rhône-Alpes","01","Ain","02B","Matériaux recyclables","02B","Incinération avec récupération d'énergie",4031.02085
2017,84,"Auvergne-Rhône-Alpes","01","Ain","02B","Matériaux recyclables","02D","Stockage",1.17458
2017,84,"Auvergne-Rhône-Alpes","01","Ain","02B","Matériaux recyclables","02E","Valorisation organique",311.7
2017,84,"Auvergne-Rhône-Alpes","01","Ain","02B","Matériaux recyclables","02Z","Non précisé",1637.85
2017,84,"Auvergne-Rhône-Alpes","01","Ain","02C","Déchets verts","02E","Valorisation organique",44931.31815
2017,84,"Auvergne-Rhône-Alpes","01","Ain","02D","Encombrants","02A","Valorisation matière",5683.45341
2017,84,"Auvergne-Rhône-Alpes","01","Ain","02D","Encombrants","02B","Incinération avec récupération d'énergie",17678.82555
2017,84,"Auvergne-Rhône-Alpes","01","Ain","02D","Encombrants","02D","Stockage",13973.82
2017,84,"Auvergne-Rhône-Alpes","01","Ain","02D","Encombrants","02Z","Non précisé",6.33667
2017,84,"Auvergne-Rhône-Alpes","01","Ain","02E","Déblais et gravats","02A","Valorisation matière",23449.52395
2017,84,"Auvergne-Rhône-Alpes","01","Ain","02E","Déblais et gravats","02D","Stockage",7251.55378
2017,84,"Auvergne-Rhône-Alpes","01","Ain","02E","Déblais et gravats","02F","Stockage pour inertes",8115.59208
2017,84,"Auvergne-Rhône-Alpes","01","Ain","02F","DEEE","02A","Valorisation matière",5684.52722
2017,84,"Auvergne-Rhône-Alpes","01","Ain","02Z","Autres déchets","02A","Valorisation matière",40.61708
2017,84,"Auvergne-Rhône-Alpes","01","Ain","02Z","Autres déchets","02B","Incinération avec récupération d'énergie",7.895
2017,84,"Auvergne-Rhône-Alpes","03","Allier","02A","Déchets dangereux","02A","Valorisation matière",731.24533
2017,84,"Auvergne-Rhône-Alpes","03","Allier","02A","Déchets dangereux","02B","Incinération avec récupération d'énergie",10.45883
2017,84,"Auvergne-Rhône-Alpes","03","Allier","02A","Déchets dangereux","02D","Stockage",28.25253
2017,84,"Auvergne-Rhône-Alpes","03","Allier","02A","Déchets dangereux","02Z","Non précisé",2.01139
2017,84,"Auvergne-Rhône-Alpes","03","Allier","02B","Matériaux recyclables","02A","Valorisation matière",15464.82762
2017,84,"Auvergne-Rhône-Alpes","03","Allier","02C","Déchets verts","02E","Valorisation organique",27699.27892
2017,84,"Auvergne-Rhône-Alpes","03","Allier","02D","Encombrants","02A","Valorisation matière",4009.57007
2017,84,"Auvergne-Rhône-Alpes","03","Allier","02D","Encombrants","02B","Incinération avec récupération d'énergie",957.62071
2017,84,"Auvergne-Rhône-Alpes","03","Allier","02D","Encombrants","02D","Stockage",14003.71171
2017,84,"Auvergne-Rhône-Alpes","03","Allier","02E","Déblais et gravats","02A","Valorisation matière",1002.15859
2017,84,"Auvergne-Rhône-Alpes","03","Allier","02E","Déblais et gravats","02D","Stockage",7378.11291
2017,84,"Auvergne-Rhône-Alpes","03","Allier","02E","Déblais et gravats","02F","Stockage pour inertes",8598.71348
2017,84,"Auvergne-Rhône-Alpes","03","Allier","02F","DEEE","02A","Valorisation matière",3162.96132
2017,84,"Auvergne-Rhône-Alpes","03","Allier","02Z","Autres déchets","02A","Valorisation matière",7.91441
2017,84,"Auvergne-Rhône-Alpes","03","Allier","02Z","Autres déchets","02C","Incinération sans récupération d'énergie",3.09932
2017,84,"Auvergne-Rhône-Alpes","07","Ardèche","02A","Déchets dangereux","02A","Valorisation matière",619.36846
2017,84,"Auvergne-Rhône-Alpes","07","Ardèche","02A","Déchets dangereux","02B","Incinération avec récupération d'énergie",8.479
2017,84,"Auvergne-Rhône-Alpes","07","Ardèche","02A","Déchets dangereux","02D","Stockage",100.41014
2017,84,"Auvergne-Rhône-Alpes","07","Ardèche","02B","Matériaux recyclables","02A","Valorisation matière",13987.09182
2017,84,"Auvergne-Rhône-Alpes","07","Ardèche","02B","Matériaux recyclables","02B","Incinération avec récupération d'énergie",1678.37027
2017,84,"Auvergne-Rhône-Alpes","07","Ardèche","02B","Matériaux recyclables","02E","Valorisation organique",2400.52
2017,84,"Auvergne-Rhône-Alpes","07","Ardèche","02C","Déchets verts","02A","Valorisation matière",16.86795
2017,84,"Auvergne-Rhône-Alpes","07","Ardèche","02C","Déchets verts","02B","Incinération avec récupération d'énergie",319.78
2017,84,"Auvergne-Rhône-Alpes","07","Ardèche","02C","Déchets verts","02E","Valorisation organique",20485.51089
2017,84,"Auvergne-Rhône-Alpes","07","Ardèche","02D","Encombrants","02A","Valorisation matière",5721.63504
2017,84,"Auvergne-Rhône-Alpes","07","Ardèche","02D","Encombrants","02D","Stockage",17047.10914
2017,84,"Auvergne-Rhône-Alpes","07","Ardèche","02E","Déblais et gravats","02A","Valorisation matière",15187.92805
2017,84,"Auvergne-Rhône-Alpes","07","Ardèche","02E","Déblais et gravats","02D","Stockage",3319.11248
2017,84,"Auvergne-Rhône-Alpes","07","Ardèche","02E","Déblais et gravats","02F","Stockage pour inertes",3551.55978
2017,84,"Auvergne-Rhône-Alpes","07","Ardèche","02F","DEEE","02A","Valorisation matière",2682.9004
2017,84,"Auvergne-Rhône-Alpes","07","Ardèche","02Z","Autres déchets","02A","Valorisation matière",99.6875
2017,84,"Auvergne-Rhône-Alpes","07","Ardèche","02Z","Autres déchets","02B","Incinération avec récupération d'énergie",2.465
2017,84,"Auvergne-Rhône-Alpes","15","Cantal","02A","Déchets dangereux","02A","Valorisation matière",79.60102
2017,84,"Auvergne-Rhône-Alpes","15","Cantal","02A","Déchets dangereux","02B","Incinération avec récupération d'énergie",0.068
2017,84,"Auvergne-Rhône-Alpes","15","Cantal","02A","Déchets dangereux","02Z","Non précisé",200.448
2017,84,"Auvergne-Rhône-Alpes","15","Cantal","02B","Matériaux recyclables","02A","Valorisation matière",6329.24385
2017,84,"Auvergne-Rhône-Alpes","15","Cantal","02B","Matériaux recyclables","02B","Incinération avec récupération d'énergie",11.08324
2017,84,"Auvergne-Rhône-Alpes","15","Cantal","02B","Matériaux recyclables","02D","Stockage",1257.62
2017,84,"Auvergne-Rhône-Alpes","15","Cantal","02B","Matériaux recyclables","02E","Valorisation organique",40.36
2017,84,"Auvergne-Rhône-Alpes","15","Cantal","02B","Matériaux recyclables","02Z","Non précisé",86.92404
2017,84,"Auvergne-Rhône-Alpes","15","Cantal","02C","Déchets verts","02A","Valorisation matière",276.62
2017,84,"Auvergne-Rhône-Alpes","15","Cantal","02C","Déchets verts","02B","Incinération avec récupération d'énergie",5.02707
2017,84,"Auvergne-Rhône-Alpes","15","Cantal","02C","Déchets verts","02E","Valorisation organique",8389.69176
2017,84,"Auvergne-Rhône-Alpes","15","Cantal","02C","Déchets verts","02Z","Non précisé",200
2017,84,"Auvergne-Rhône-Alpes","15","Cantal","02D","Encombrants","02A","Valorisation matière",4229.08685
2017,84,"Auvergne-Rhône-Alpes","15","Cantal","02D","Encombrants","02B","Incinération avec récupération d'énergie",824.7985
2017,84,"Auvergne-Rhône-Alpes","15","Cantal","02D","Encombrants","02D","Stockage",2113.06
2017,84,"Auvergne-Rhône-Alpes","15","Cantal","02E","Déblais et gravats","02A","Valorisation matière",4469.92
2017,84,"Auvergne-Rhône-Alpes","15","Cantal","02E","Déblais et gravats","02D","Stockage",102.34
2017,84,"Auvergne-Rhône-Alpes","15","Cantal","02E","Déblais et gravats","02F","Stockage pour inertes",2513.69478
2017,84,"Auvergne-Rhône-Alpes","15","Cantal","02E","Déblais et gravats","02Z","Non précisé",400
2017,84,"Auvergne-Rhône-Alpes","15","Cantal","02F","DEEE","02A","Valorisation matière",975.29308
2017,84,"Auvergne-Rhône-Alpes","15","Cantal","02Z","Autres déchets","02A","Valorisation matière",9.68721
2017,84,"Auvergne-Rhône-Alpes","26","Drôme","02A","Déchets dangereux","02A","Valorisation matière",712.0537
2017,84,"Auvergne-Rhône-Alpes","26","Drôme","02A","Déchets dangereux","02B","Incinération avec récupération d'énergie",3.26796
2017,84,"Auvergne-Rhône-Alpes","26","Drôme","02A","Déchets dangereux","02C","Incinération sans récupération d'énergie",0.17889
2017,84,"Auvergne-Rhône-Alpes","26","Drôme","02A","Déchets dangereux","02D","Stockage",382.95587
2017,84,"Auvergne-Rhône-Alpes","26","Drôme","02A","Déchets dangereux","02Z","Non précisé",94.21664
2017,84,"Auvergne-Rhône-Alpes","26","Drôme","02B","Matériaux recyclables","02A","Valorisation matière",20185.22545
2017,84,"Auvergne-Rhône-Alpes","26","Drôme","02B","Matériaux recyclables","02B","Incinération avec récupération d'énergie",3515.10973
2017,84,"Auvergne-Rhône-Alpes","26","Drôme","02B","Matériaux recyclables","02E","Valorisation organique",2884.3557
2017,84,"Auvergne-Rhône-Alpes","26","Drôme","02B","Matériaux recyclables","02Z","Non précisé",1.571
2017,84,"Auvergne-Rhône-Alpes","26","Drôme","02C","Déchets verts","02A","Valorisation matière",296.23
2017,84,"Auvergne-Rhône-Alpes","26","Drôme","02C","Déchets verts","02E","Valorisation organique",32448.92882
2017,84,"Auvergne-Rhône-Alpes","26","Drôme","02D","Encombrants","02A","Valorisation matière",3453.57458
2017,84,"Auvergne-Rhône-Alpes","26","Drôme","02D","Encombrants","02B","Incinération avec récupération d'énergie",2.48339
2017,84,"Auvergne-Rhône-Alpes","26","Drôme","02D","Encombrants","02D","Stockage",33406.77476
2017,84,"Auvergne-Rhône-Alpes","26","Drôme","02E","Déblais et gravats","02A","Valorisation matière",36207.90502
2017,84,"Auvergne-Rhône-Alpes","26","Drôme","02E","Déblais et gravats","02D","Stockage",1195.18721
2017,84,"Auvergne-Rhône-Alpes","26","Drôme","02E","Déblais et gravats","02F","Stockage pour inertes",2749.31808
2017,84,"Auvergne-Rhône-Alpes","26","Drôme","02F","DEEE","02A","Valorisation matière",3445.25431
2017,84,"Auvergne-Rhône-Alpes","26","Drôme","02Z","Autres déchets","02A","Valorisation matière",21.37849
2017,84,"Auvergne-Rhône-Alpes","26","Drôme","02Z","Autres déchets","02B","Incinération avec récupération d'énergie",3.52312
2017,84,"Auvergne-Rhône-Alpes","38","Isère","02A","Déchets dangereux","02A","Valorisation matière",2674.35762
2017,84,"Auvergne-Rhône-Alpes","38","Isère","02A","Déchets dangereux","02B","Incinération avec récupération d'énergie",61.28515
2017,84,"Auvergne-Rhône-Alpes","38","Isère","02A","Déchets dangereux","02D","Stockage",380.77199
2017,84,"Auvergne-Rhône-Alpes","38","Isère","02B","Matériaux recyclables","02A","Valorisation matière",60371.46527
2017,84,"Auvergne-Rhône-Alpes","38","Isère","02B","Matériaux recyclables","02B","Incinération avec récupération d'énergie",6031.62795
2017,84,"Auvergne-Rhône-Alpes","38","Isère","02B","Matériaux recyclables","02D","Stockage",158.92
2017,84,"Auvergne-Rhône-Alpes","38","Isère","02B","Matériaux recyclables","02E","Valorisation organique",355.35601
2017,84,"Auvergne-Rhône-Alpes","38","Isère","02B","Matériaux recyclables","02Z","Non précisé",379.8
2017,84,"Auvergne-Rhône-Alpes","38","Isère","02C","Déchets verts","02A","Valorisation matière",14134.036
2017,84,"Auvergne-Rhône-Alpes","38","Isère","02C","Déchets verts","02E","Valorisation organique",78368.37125
2017,84,"Auvergne-Rhône-Alpes","38","Isère","02D","Encombrants","02A","Valorisation matière",19616.847
2017,84,"Auvergne-Rhône-Alpes","38","Isère","02D","Encombrants","02B","Incinération avec récupération d'énergie",22053.40094
2017,84,"Auvergne-Rhône-Alpes","38","Isère","02D","Encombrants","02D","Stockage",48215.03665
2017,84,"Auvergne-Rhône-Alpes","38","Isère","02E","Déblais et gravats","02A","Valorisation matière",69193.36185
2017,84,"Auvergne-Rhône-Alpes","38","Isère","02E","Déblais et gravats","02D","Stockage",13167.70638
2017,84,"Auvergne-Rhône-Alpes","38","Isère","02E","Déblais et gravats","02F","Stockage pour inertes",11722.10301
2017,84,"Auvergne-Rhône-Alpes","38","Isère","02F","DEEE","02A","Valorisation matière",10475.65848
2017,84,"Auvergne-Rhône-Alpes","38","Isère","02Z","Autres déchets","02A","Valorisation matière",71.40543
2017,84,"Auvergne-Rhône-Alpes","38","Isère","02Z","Autres déchets","02B","Incinération avec récupération d'énergie",7.12
2017,84,"Auvergne-Rhône-Alpes","38","Isère","02Z","Autres déchets","02D","Stockage",8866.2
2017,84,"Auvergne-Rhône-Alpes","42","Loire","02A","Déchets dangereux","02A","Valorisation matière",1262.28073
2017,84,"Auvergne-Rhône-Alpes","42","Loire","02A","Déchets dangereux","02B","Incinération avec récupération d'énergie",67.79978
2017,84,"Auvergne-Rhône-Alpes","42","Loire","02A","Déchets dangereux","02D","Stockage",266.79316
2017,84,"Auvergne-Rhône-Alpes","42","Loire","02A","Déchets dangereux","02Z","Non précisé",23.019
2017,84,"Auvergne-Rhône-Alpes","42","Loire","02B","Matériaux recyclables","02A","Valorisation matière",33147.5567
2017,84,"Auvergne-Rhône-Alpes","42","Loire","02B","Matériaux recyclables","02B","Incinération avec récupération d'énergie",588.07739
2017,84,"Auvergne-Rhône-Alpes","42","Loire","02B","Matériaux recyclables","02E","Valorisation organique",232.68
2017,84,"Auvergne-Rhône-Alpes","42","Loire","02B","Matériaux recyclables","02Z","Non précisé",52.14
2017,84,"Auvergne-Rhône-Alpes","42","Loire","02C","Déchets verts","02A","Valorisation matière",14756.04
2017,84,"Auvergne-Rhône-Alpes","42","Loire","02C","Déchets verts","02E","Valorisation organique",33065.89837
2017,84,"Auvergne-Rhône-Alpes","42","Loire","02D","Encombrants","02A","Valorisation matière",9748.42578
2017,84,"Auvergne-Rhône-Alpes","42","Loire","02D","Encombrants","02B","Incinération avec récupération d'énergie",4989.232
2017,84,"Auvergne-Rhône-Alpes","42","Loire","02D","Encombrants","02D","Stockage",29050.23503
2017,84,"Auvergne-Rhône-Alpes","42","Loire","02E","Déblais et gravats","02A","Valorisation matière",20462.96857
2017,84,"Auvergne-Rhône-Alpes","42","Loire","02E","Déblais et gravats","02D","Stockage",1344.2623
2017,84,"Auvergne-Rhône-Alpes","42","Loire","02E","Déblais et gravats","02F","Stockage pour inertes",14155.20796
2017,84,"Auvergne-Rhône-Alpes","42","Loire","02E","Déblais et gravats","02Z","Non précisé",258
2017,84,"Auvergne-Rhône-Alpes","42","Loire","02F","DEEE","02A","Valorisation matière",5348.4124
2017,84,"Auvergne-Rhône-Alpes","42","Loire","02Z","Autres déchets","02A","Valorisation matière",14.12375
2017,84,"Auvergne-Rhône-Alpes","42","Loire","02Z","Autres déchets","02B","Incinération avec récupération d'énergie",7.202
2017,84,"Auvergne-Rhône-Alpes","43","Haute-Loire","02A","Déchets dangereux","02A","Valorisation matière",297.68677
2017,84,"Auvergne-Rhône-Alpes","43","Haute-Loire","02A","Déchets dangereux","02B","Incinération avec récupération d'énergie",34.55912
2017,84,"Auvergne-Rhône-Alpes","43","Haute-Loire","02A","Déchets dangereux","02C","Incinération sans récupération d'énergie",0.263
2017,84,"Auvergne-Rhône-Alpes","43","Haute-Loire","02A","Déchets dangereux","02Z","Non précisé",242.57348
2017,84,"Auvergne-Rhône-Alpes","43","Haute-Loire","02B","Matériaux recyclables","02A","Valorisation matière",11363.36847
2017,84,"Auvergne-Rhône-Alpes","43","Haute-Loire","02B","Matériaux recyclables","02B","Incinération avec récupération d'énergie",659.16
2017,84,"Auvergne-Rhône-Alpes","43","Haute-Loire","02B","Matériaux recyclables","02D","Stockage",310
2017,84,"Auvergne-Rhône-Alpes","43","Haute-Loire","02B","Matériaux recyclables","02E","Valorisation organique",230.38
2017,84,"Auvergne-Rhône-Alpes","43","Haute-Loire","02B","Matériaux recyclables","02Z","Non précisé",0.13882
2017,84,"Auvergne-Rhône-Alpes","43","Haute-Loire","02C","Déchets verts","02A","Valorisation matière",118.16
2017,84,"Auvergne-Rhône-Alpes","43","Haute-Loire","02C","Déchets verts","02E","Valorisation organique",11793.25204
2017,84,"Auvergne-Rhône-Alpes","43","Haute-Loire","02D","Encombrants","02A","Valorisation matière",4081.19031
2017,84,"Auvergne-Rhône-Alpes","43","Haute-Loire","02D","Encombrants","02B","Incinération avec récupération d'énergie",2703.61354
2017,84,"Auvergne-Rhône-Alpes","43","Haute-Loire","02D","Encombrants","02D","Stockage",4343.80105
2017,84,"Auvergne-Rhône-Alpes","43","Haute-Loire","02E","Déblais et gravats","02A","Valorisation matière",10147.97896
2017,84,"Auvergne-Rhône-Alpes","43","Haute-Loire","02E","Déblais et gravats","02D","Stockage",1153.7577
2017,84,"Auvergne-Rhône-Alpes","43","Haute-Loire","02E","Déblais et gravats","02F","Stockage pour inertes",1525.54
2017,84,"Auvergne-Rhône-Alpes","43","Haute-Loire","02F","DEEE","02A","Valorisation matière",2057.07445
2017,84,"Auvergne-Rhône-Alpes","43","Haute-Loire","02Z","Autres déchets","02A","Valorisation matière",5.706
2017,84,"Auvergne-Rhône-Alpes","43","Haute-Loire","02Z","Autres déchets","02Z","Non précisé",3.92316
2017,84,"Auvergne-Rhône-Alpes","63","Puy-de-Dôme","02A","Déchets dangereux","02A","Valorisation matière",831.21477
2017,84,"Auvergne-Rhône-Alpes","63","Puy-de-Dôme","02A","Déchets dangereux","02B","Incinération avec récupération d'énergie",5.094
2017,84,"Auvergne-Rhône-Alpes","63","Puy-de-Dôme","02A","Déchets dangereux","02D","Stockage",136.95511
2017,84,"Auvergne-Rhône-Alpes","63","Puy-de-Dôme","02A","Déchets dangereux","02Z","Non précisé",662.76012
2017,84,"Auvergne-Rhône-Alpes","63","Puy-de-Dôme","02B","Matériaux recyclables","02A","Valorisation matière",20606.68608
2017,84,"Auvergne-Rhône-Alpes","63","Puy-de-Dôme","02B","Matériaux recyclables","02E","Valorisation organique",5798.38
2017,84,"Auvergne-Rhône-Alpes","63","Puy-de-Dôme","02B","Matériaux recyclables","02Z","Non précisé",0.19917
2017,84,"Auvergne-Rhône-Alpes","63","Puy-de-Dôme","02C","Déchets verts","02E","Valorisation organique",32214.20726
2017,84,"Auvergne-Rhône-Alpes","63","Puy-de-Dôme","02D","Encombrants","02A","Valorisation matière",3103.87407
2017,84,"Auvergne-Rhône-Alpes","63","Puy-de-Dôme","02D","Encombrants","02B","Incinération avec récupération d'énergie",21614.69388
2017,84,"Auvergne-Rhône-Alpes","63","Puy-de-Dôme","02D","Encombrants","02D","Stockage",8939.60078
2017,84,"Auvergne-Rhône-Alpes","63","Puy-de-Dôme","02E","Déblais et gravats","02A","Valorisation matière",21416.26587
2017,84,"Auvergne-Rhône-Alpes","63","Puy-de-Dôme","02E","Déblais et gravats","02D","Stockage",2176.14313
2017,84,"Auvergne-Rhône-Alpes","63","Puy-de-Dôme","02E","Déblais et gravats","02F","Stockage pour inertes",12137.95818
2017,84,"Auvergne-Rhône-Alpes","63","Puy-de-Dôme","02F","DEEE","02A","Valorisation matière",4199.1029
2017,84,"Auvergne-Rhône-Alpes","63","Puy-de-Dôme","02Z","Autres déchets","02A","Valorisation matière",15.61799
2017,84,"Auvergne-Rhône-Alpes","63","Puy-de-Dôme","02Z","Autres déchets","02C","Incinération sans récupération d'énergie",0.00668
2017,84,"Auvergne-Rhône-Alpes","63","Puy-de-Dôme","02Z","Autres déchets","02Z","Non précisé",6.55985
2017,84,"Auvergne-Rhône-Alpes","69","Rhône","02A","Déchets dangereux","02A","Valorisation matière",2572.50455
2017,84,"Auvergne-Rhône-Alpes","69","Rhône","02A","Déchets dangereux","02B","Incinération avec récupération d'énergie",101.17531
2017,84,"Auvergne-Rhône-Alpes","69","Rhône","02A","Déchets dangereux","02D","Stockage",34.38684
2017,84,"Auvergne-Rhône-Alpes","69","Rhône","02A","Déchets dangereux","02Z","Non précisé",0.631
2017,84,"Auvergne-Rhône-Alpes","69","Rhône","02B","Matériaux recyclables","02A","Valorisation matière",51237.62408
2017,84,"Auvergne-Rhône-Alpes","69","Rhône","02B","Matériaux recyclables","02B","Incinération avec récupération d'énergie",0.01261
2017,84,"Auvergne-Rhône-Alpes","69","Rhône","02B","Matériaux recyclables","02E","Valorisation organique",60.68399
2017,84,"Auvergne-Rhône-Alpes","69","Rhône","02C","Déchets verts","02A","Valorisation matière",3458.21
2017,84,"Auvergne-Rhône-Alpes","69","Rhône","02C","Déchets verts","02E","Valorisation organique",54954.35422
2017,84,"Auvergne-Rhône-Alpes","69","Rhône","02D","Encombrants","02A","Valorisation matière",20471.25493
2017,84,"Auvergne-Rhône-Alpes","69","Rhône","02D","Encombrants","02B","Incinération avec récupération d'énergie",3191.26
2017,84,"Auvergne-Rhône-Alpes","69","Rhône","02D","Encombrants","02D","Stockage",32118.83209
2017,84,"Auvergne-Rhône-Alpes","69","Rhône","02E","Déblais et gravats","02A","Valorisation matière",37044.63062
2017,84,"Auvergne-Rhône-Alpes","69","Rhône","02E","Déblais et gravats","02D","Stockage",924.75362
2017,84,"Auvergne-Rhône-Alpes","69","Rhône","02E","Déblais et gravats","02F","Stockage pour inertes",18964.36125
2017,84,"Auvergne-Rhône-Alpes","69","Rhône","02F","DEEE","02A","Valorisation matière",9308.95892
2017,84,"Auvergne-Rhône-Alpes","69","Rhône","02Z","Autres déchets","02A","Valorisation matière",13.48756
2017,84,"Auvergne-Rhône-Alpes","69","Rhône","02Z","Autres déchets","02B","Incinération avec récupération d'énergie",1.851
2017,84,"Auvergne-Rhône-Alpes","73","Savoie","02A","Déchets dangereux","02A","Valorisation matière",895.65204
2017,84,"Auvergne-Rhône-Alpes","73","Savoie","02A","Déchets dangereux","02B","Incinération avec récupération d'énergie",78.80077
2017,84,"Auvergne-Rhône-Alpes","73","Savoie","02A","Déchets dangereux","02D","Stockage",261.89701
2017,84,"Auvergne-Rhône-Alpes","73","Savoie","02A","Déchets dangereux","02F","Stockage pour inertes",10.34
2017,84,"Auvergne-Rhône-Alpes","73","Savoie","02B","Matériaux recyclables","02A","Valorisation matière",24651.2471
2017,84,"Auvergne-Rhône-Alpes","73","Savoie","02B","Matériaux recyclables","02B","Incinération avec récupération d'énergie",3788.64574
2017,84,"Auvergne-Rhône-Alpes","73","Savoie","02B","Matériaux recyclables","02D","Stockage",17.90542
2017,84,"Auvergne-Rhône-Alpes","73","Savoie","02C","Déchets verts","02A","Valorisation matière",727.76
2017,84,"Auvergne-Rhône-Alpes","73","Savoie","02C","Déchets verts","02E","Valorisation organique",28107.14475
2017,84,"Auvergne-Rhône-Alpes","73","Savoie","02D","Encombrants","02A","Valorisation matière",8476.635
2017,84,"Auvergne-Rhône-Alpes","73","Savoie","02D","Encombrants","02B","Incinération avec récupération d'énergie",16935.24564
2017,84,"Auvergne-Rhône-Alpes","73","Savoie","02D","Encombrants","02D","Stockage",1336.116
2017,84,"Auvergne-Rhône-Alpes","73","Savoie","02D","Encombrants","02Z","Non précisé",846.16
2017,84,"Auvergne-Rhône-Alpes","73","Savoie","02E","Déblais et gravats","02A","Valorisation matière",16691.54715
2017,84,"Auvergne-Rhône-Alpes","73","Savoie","02E","Déblais et gravats","02F","Stockage pour inertes",14801.81752
2017,84,"Auvergne-Rhône-Alpes","73","Savoie","02F","DEEE","02A","Valorisation matière",4491.03419
2017,84,"Auvergne-Rhône-Alpes","73","Savoie","02Z","Autres déchets","02A","Valorisation matière",21.10738
2017,84,"Auvergne-Rhône-Alpes","73","Savoie","02Z","Autres déchets","02B","Incinération avec récupération d'énergie",14.365
2017,84,"Auvergne-Rhône-Alpes","74","Haute-Savoie","02A","Déchets dangereux","02A","Valorisation matière",1333.27841
2017,84,"Auvergne-Rhône-Alpes","74","Haute-Savoie","02A","Déchets dangereux","02B","Incinération avec récupération d'énergie",243.81599
2017,84,"Auvergne-Rhône-Alpes","74","Haute-Savoie","02A","Déchets dangereux","02D","Stockage",22.68943
2017,84,"Auvergne-Rhône-Alpes","74","Haute-Savoie","02A","Déchets dangereux","02Z","Non précisé",0.3
2017,84,"Auvergne-Rhône-Alpes","74","Haute-Savoie","02B","Matériaux recyclables","02A","Valorisation matière",50520.5428
2017,84,"Auvergne-Rhône-Alpes","74","Haute-Savoie","02B","Matériaux recyclables","02B","Incinération avec récupération d'énergie",3771.90001
2017,84,"Auvergne-Rhône-Alpes","74","Haute-Savoie","02B","Matériaux recyclables","02E","Valorisation organique",2815
2017,84,"Auvergne-Rhône-Alpes","74","Haute-Savoie","02C","Déchets verts","02A","Valorisation matière",3610.4
2017,84,"Auvergne-Rhône-Alpes","74","Haute-Savoie","02C","Déchets verts","02E","Valorisation organique",54857.87311
2017,84,"Auvergne-Rhône-Alpes","74","Haute-Savoie","02D","Encombrants","02A","Valorisation matière",19883.55476
2017,84,"Auvergne-Rhône-Alpes","74","Haute-Savoie","02D","Encombrants","02B","Incinération avec récupération d'énergie",24233.58999
2017,84,"Auvergne-Rhône-Alpes","74","Haute-Savoie","02D","Encombrants","02D","Stockage",5326.697
2017,84,"Auvergne-Rhône-Alpes","74","Haute-Savoie","02E","Déblais et gravats","02A","Valorisation matière",36277.80785
2017,84,"Auvergne-Rhône-Alpes","74","Haute-Savoie","02E","Déblais et gravats","02F","Stockage pour inertes",7463.52544
2017,84,"Auvergne-Rhône-Alpes","74","Haute-Savoie","02F","DEEE","02A","Valorisation matière",6974.16959
2017,84,"Auvergne-Rhône-Alpes","74","Haute-Savoie","02Z","Autres déchets","02A","Valorisation matière",51.4662
2017,84,"Auvergne-Rhône-Alpes","74","Haute-Savoie","02Z","Autres déchets","02B","Incinération avec récupération d'énergie",224.116
2017,84,"Auvergne-Rhône-Alpes","74","Haute-Savoie","02Z","Autres déchets","02E","Valorisation organique",5.746
2017,27,"Bourgogne-Franche-Comté","21","Cote-d'Or","02A","Déchets dangereux","02A","Valorisation matière",848.49915
2017,27,"Bourgogne-Franche-Comté","21","Cote-d'Or","02A","Déchets dangereux","02B","Incinération avec récupération d'énergie",227.803
2017,27,"Bourgogne-Franche-Comté","21","Cote-d'Or","02A","Déchets dangereux","02D","Stockage",79.99675
2017,27,"Bourgogne-Franche-Comté","21","Cote-d'Or","02A","Déchets dangereux","02F","Stockage pour inertes",55.12
2017,27,"Bourgogne-Franche-Comté","21","Cote-d'Or","02A","Déchets dangereux","02Z","Non précisé",103.70748
2017,27,"Bourgogne-Franche-Comté","21","Cote-d'Or","02B","Matériaux recyclables","02A","Valorisation matière",18243.53612
2017,27,"Bourgogne-Franche-Comté","21","Cote-d'Or","02B","Matériaux recyclables","02B","Incinération avec récupération d'énergie",3710.2
2017,27,"Bourgogne-Franche-Comté","21","Cote-d'Or","02B","Matériaux recyclables","02E","Valorisation organique",812.16176
2017,27,"Bourgogne-Franche-Comté","21","Cote-d'Or","02B","Matériaux recyclables","02Z","Non précisé",36.01779
2017,27,"Bourgogne-Franche-Comté","21","Cote-d'Or","02C","Déchets verts","02E","Valorisation organique",34612.60866
2017,27,"Bourgogne-Franche-Comté","21","Cote-d'Or","02C","Déchets verts","02F","Stockage pour inertes",814
2017,27,"Bourgogne-Franche-Comté","21","Cote-d'Or","02D","Encombrants","02A","Valorisation matière",1561.59412
2017,27,"Bourgogne-Franche-Comté","21","Cote-d'Or","02D","Encombrants","02B","Incinération avec récupération d'énergie",9723.42035
2017,27,"Bourgogne-Franche-Comté","21","Cote-d'Or","02D","Encombrants","02D","Stockage",10304.81317
2017,27,"Bourgogne-Franche-Comté","21","Cote-d'Or","02D","Encombrants","02Z","Non précisé",376.74
2017,27,"Bourgogne-Franche-Comté","21","Cote-d'Or","02E","Déblais et gravats","02A","Valorisation matière",3053.6411
2017,27,"Bourgogne-Franche-Comté","21","Cote-d'Or","02E","Déblais et gravats","02D","Stockage",3173
2017,27,"Bourgogne-Franche-Comté","21","Cote-d'Or","02E","Déblais et gravats","02F","Stockage pour inertes",27141.07733
2017,27,"Bourgogne-Franche-Comté","21","Cote-d'Or","02E","Déblais et gravats","02Z","Non précisé",4.34471
2017,27,"Bourgogne-Franche-Comté","21","Cote-d'Or","02F","DEEE","02A","Valorisation matière",3735.37219
2017,27,"Bourgogne-Franche-Comté","21","Cote-d'Or","02Z","Autres déchets","02A","Valorisation matière",41.42235
2017,27,"Bourgogne-Franche-Comté","21","Cote-d'Or","02Z","Autres déchets","02Z","Non précisé",0.938
2017,27,"Bourgogne-Franche-Comté","25","Doubs","02A","Déchets dangereux","02A","Valorisation matière",713.30793
2017,27,"Bourgogne-Franche-Comté","25","Doubs","02A","Déchets dangereux","02B","Incinération avec récupération d'énergie",174.59782
2017,27,"Bourgogne-Franche-Comté","25","Doubs","02A","Déchets dangereux","02C","Incinération sans récupération d'énergie",49.05
2017,27,"Bourgogne-Franche-Comté","25","Doubs","02A","Déchets dangereux","02D","Stockage",31
2017,27,"Bourgogne-Franche-Comté","25","Doubs","02A","Déchets dangereux","02Z","Non précisé",42.8968
2017,27,"Bourgogne-Franche-Comté","25","Doubs","02B","Matériaux recyclables","02A","Valorisation matière",19583.60444
2017,27,"Bourgogne-Franche-Comté","25","Doubs","02B","Matériaux recyclables","02B","Incinération avec récupération d'énergie",4224.37
2017,27,"Bourgogne-Franche-Comté","25","Doubs","02B","Matériaux recyclables","02Z","Non précisé",316.60043
2017,27,"Bourgogne-Franche-Comté","25","Doubs","02C","Déchets verts","02E","Valorisation organique",35593.67477
2017,27,"Bourgogne-Franche-Comté","25","Doubs","02C","Déchets verts","02Z","Non précisé",1.73478
2017,27,"Bourgogne-Franche-Comté","25","Doubs","02D","Encombrants","02A","Valorisation matière",14737.81447
2017,27,"Bourgogne-Franche-Comté","25","Doubs","02D","Encombrants","02B","Incinération avec récupération d'énergie",11094.38
2017,27,"Bourgogne-Franche-Comté","25","Doubs","02D","Encombrants","02D","Stockage",4300.61868
2017,27,"Bourgogne-Franche-Comté","25","Doubs","02D","Encombrants","02Z","Non précisé",13.83924
2017,27,"Bourgogne-Franche-Comté","25","Doubs","02E","Déblais et gravats","02A","Valorisation matière",2466.453
2017,27,"Bourgogne-Franche-Comté","25","Doubs","02E","Déblais et gravats","02F","Stockage pour inertes",26918.84046
2017,27,"Bourgogne-Franche-Comté","25","Doubs","02F","DEEE","02A","Valorisation matière",3859.93516
2017,27,"Bourgogne-Franche-Comté","25","Doubs","02Z","Autres déchets","02A","Valorisation matière",85.19515
2017,27,"Bourgogne-Franche-Comté","25","Doubs","02Z","Autres déchets","02B","Incinération avec récupération d'énergie",3.16
2017,27,"Bourgogne-Franche-Comté","25","Doubs","02Z","Autres déchets","02Z","Non précisé",5.099
2017,27,"Bourgogne-Franche-Comté","39","Jura","02A","Déchets dangereux","02A","Valorisation matière",110.586
2017,27,"Bourgogne-Franche-Comté","39","Jura","02A","Déchets dangereux","02B","Incinération avec récupération d'énergie",228.761
2017,27,"Bourgogne-Franche-Comté","39","Jura","02A","Déchets dangereux","02C","Incinération sans récupération d'énergie",7.299
2017,27,"Bourgogne-Franche-Comté","39","Jura","02A","Déchets dangereux","02Z","Non précisé",145.14
2017,27,"Bourgogne-Franche-Comté","39","Jura","02B","Matériaux recyclables","02A","Valorisation matière",9927.832
2017,27,"Bourgogne-Franche-Comté","39","Jura","02B","Matériaux recyclables","02B","Incinération avec récupération d'énergie",66.22
2017,27,"Bourgogne-Franche-Comté","39","Jura","02B","Matériaux recyclables","02E","Valorisation organique",2834.12
2017,27,"Bourgogne-Franche-Comté","39","Jura","02C","Déchets verts","02E","Valorisation organique",12142.89
2017,27,"Bourgogne-Franche-Comté","39","Jura","02D","Encombrants","02A","Valorisation matière",8281.787
2017,27,"Bourgogne-Franche-Comté","39","Jura","02D","Encombrants","02B","Incinération avec récupération d'énergie",54.34
2017,27,"Bourgogne-Franche-Comté","39","Jura","02D","Encombrants","02D","Stockage",6234.27
2017,27,"Bourgogne-Franche-Comté","39","Jura","02E","Déblais et gravats","02A","Valorisation matière",1109.37
2017,27,"Bourgogne-Franche-Comté","39","Jura","02E","Déblais et gravats","02D","Stockage",3160
2017,27,"Bourgogne-Franche-Comté","39","Jura","02E","Déblais et gravats","02F","Stockage pour inertes",7977.22
2017,27,"Bourgogne-Franche-Comté","39","Jura","02F","DEEE","02A","Valorisation matière",1839.723
2017,27,"Bourgogne-Franche-Comté","39","Jura","02Z","Autres déchets","02A","Valorisation matière",11.54
2017,27,"Bourgogne-Franche-Comté","39","Jura","02Z","Autres déchets","02B","Incinération avec récupération d'énergie",10.25
2017,27,"Bourgogne-Franche-Comté","39","Jura","02Z","Autres déchets","02C","Incinération sans récupération d'énergie",8.201
2017,27,"Bourgogne-Franche-Comté","39","Jura","02Z","Autres déchets","02Z","Non précisé",1522.56
2017,27,"Bourgogne-Franche-Comté","58","Nièvre","02A","Déchets dangereux","02A","Valorisation matière",464.50391
2017,27,"Bourgogne-Franche-Comté","58","Nièvre","02A","Déchets dangereux","02B","Incinération avec récupération d'énergie",13.26656
2017,27,"Bourgogne-Franche-Comté","58","Nièvre","02A","Déchets dangereux","02Z","Non précisé",63.94666
2017,27,"Bourgogne-Franche-Comté","58","Nièvre","02B","Matériaux recyclables","02A","Valorisation matière",7998.18901
2017,27,"Bourgogne-Franche-Comté","58","Nièvre","02B","Matériaux recyclables","02E","Valorisation organique",614.58
2017,27,"Bourgogne-Franche-Comté","58","Nièvre","02B","Matériaux recyclables","02Z","Non précisé",192.57
2017,27,"Bourgogne-Franche-Comté","58","Nièvre","02C","Déchets verts","02E","Valorisation organique",14678.72816
2017,27,"Bourgogne-Franche-Comté","58","Nièvre","02D","Encombrants","02A","Valorisation matière",901.08568
2017,27,"Bourgogne-Franche-Comté","58","Nièvre","02D","Encombrants","02B","Incinération avec récupération d'énergie",3791.36709
2017,27,"Bourgogne-Franche-Comté","58","Nièvre","02D","Encombrants","02D","Stockage",10454.7109
2017,27,"Bourgogne-Franche-Comté","58","Nièvre","02D","Encombrants","02Z","Non précisé",519.2492
2017,27,"Bourgogne-Franche-Comté","58","Nièvre","02E","Déblais et gravats","02A","Valorisation matière",3938.54088
2017,27,"Bourgogne-Franche-Comté","58","Nièvre","02E","Déblais et gravats","02D","Stockage",61.05743
2017,27,"Bourgogne-Franche-Comté","58","Nièvre","02E","Déblais et gravats","02F","Stockage pour inertes",929.7423
2017,27,"Bourgogne-Franche-Comté","58","Nièvre","02E","Déblais et gravats","02Z","Non précisé",519.39065
2017,27,"Bourgogne-Franche-Comté","58","Nièvre","02F","DEEE","02A","Valorisation matière",2427.09497
2017,27,"Bourgogne-Franche-Comté","58","Nièvre","02Z","Autres déchets","02A","Valorisation matière",6.77551
2017,27,"Bourgogne-Franche-Comté","70","Haute-Saône","02A","Déchets dangereux","02A","Valorisation matière",514.61565
2017,27,"Bourgogne-Franche-Comté","70","Haute-Saône","02A","Déchets dangereux","02B","Incinération avec récupération d'énergie",148.77051
2017,27,"Bourgogne-Franche-Comté","70","Haute-Saône","02A","Déchets dangereux","02C","Incinération sans récupération d'énergie",8.10576
2017,27,"Bourgogne-Franche-Comté","70","Haute-Saône","02A","Déchets dangereux","02F","Stockage pour inertes",0.23196
2017,27,"Bourgogne-Franche-Comté","70","Haute-Saône","02A","Déchets dangereux","02Z","Non précisé",1.3115
2017,27,"Bourgogne-Franche-Comté","70","Haute-Saône","02B","Matériaux recyclables","02A","Valorisation matière",11342.84492
2017,27,"Bourgogne-Franche-Comté","70","Haute-Saône","02B","Matériaux recyclables","02B","Incinération avec récupération d'énergie",34.741
2017,27,"Bourgogne-Franche-Comté","70","Haute-Saône","02B","Matériaux recyclables","02Z","Non précisé",1996.46256
2017,27,"Bourgogne-Franche-Comté","70","Haute-Saône","02C","Déchets verts","02E","Valorisation organique",16021.59175
2017,27,"Bourgogne-Franche-Comté","70","Haute-Saône","02C","Déchets verts","02Z","Non précisé",12.16521
2017,27,"Bourgogne-Franche-Comté","70","Haute-Saône","02D","Encombrants","02A","Valorisation matière",5556.87493
2017,27,"Bourgogne-Franche-Comté","70","Haute-Saône","02D","Encombrants","02B","Incinération avec récupération d'énergie",671.72104
2017,27,"Bourgogne-Franche-Comté","70","Haute-Saône","02D","Encombrants","02D","Stockage",14941.95132
2017,27,"Bourgogne-Franche-Comté","70","Haute-Saône","02D","Encombrants","02Z","Non précisé",235.44617
2017,27,"Bourgogne-Franche-Comté","70","Haute-Saône","02E","Déblais et gravats","02A","Valorisation matière",890.046
2017,27,"Bourgogne-Franche-Comté","70","Haute-Saône","02E","Déblais et gravats","02F","Stockage pour inertes",11918.92841
2017,27,"Bourgogne-Franche-Comté","70","Haute-Saône","02F","DEEE","02A","Valorisation matière",2701.02116
2017,27,"Bourgogne-Franche-Comté","70","Haute-Saône","02Z","Autres déchets","02A","Valorisation matière",218.23357
2017,27,"Bourgogne-Franche-Comté","70","Haute-Saône","02Z","Autres déchets","02B","Incinération avec récupération d'énergie",0.17885
2017,27,"Bourgogne-Franche-Comté","71","Saône-et-Loire","02A","Déchets dangereux","02A","Valorisation matière",678.61173
2017,27,"Bourgogne-Franche-Comté","71","Saône-et-Loire","02A","Déchets dangereux","02B","Incinération avec récupération d'énergie",219.014
2017,27,"Bourgogne-Franche-Comté","71","Saône-et-Loire","02A","Déchets dangereux","02C","Incinération sans récupération d'énergie",8.265
2017,27,"Bourgogne-Franche-Comté","71","Saône-et-Loire","02A","Déchets dangereux","02D","Stockage",278.27898
2017,27,"Bourgogne-Franche-Comté","71","Saône-et-Loire","02A","Déchets dangereux","02Z","Non précisé",180.19493
2017,27,"Bourgogne-Franche-Comté","71","Saône-et-Loire","02B","Matériaux recyclables","02A","Valorisation matière",25594.78016
2017,27,"Bourgogne-Franche-Comté","71","Saône-et-Loire","02B","Matériaux recyclables","02B","Incinération avec récupération d'énergie",2262.57446
2017,27,"Bourgogne-Franche-Comté","71","Saône-et-Loire","02B","Matériaux recyclables","02D","Stockage",1176.78
2017,27,"Bourgogne-Franche-Comté","71","Saône-et-Loire","02B","Matériaux recyclables","02E","Valorisation organique",2921.12824
2017,27,"Bourgogne-Franche-Comté","71","Saône-et-Loire","02B","Matériaux recyclables","02Z","Non précisé",22.80321
2017,27,"Bourgogne-Franche-Comté","71","Saône-et-Loire","02C","Déchets verts","02A","Valorisation matière",212.74
2017,27,"Bourgogne-Franche-Comté","71","Saône-et-Loire","02C","Déchets verts","02D","Stockage",894
2017,27,"Bourgogne-Franche-Comté","71","Saône-et-Loire","02C","Déchets verts","02E","Valorisation organique",44763.86384
2017,27,"Bourgogne-Franche-Comté","71","Saône-et-Loire","02D","Encombrants","02A","Valorisation matière",5508.3857
2017,27,"Bourgogne-Franche-Comté","71","Saône-et-Loire","02D","Encombrants","02B","Incinération avec récupération d'énergie",2571.65712
2017,27,"Bourgogne-Franche-Comté","71","Saône-et-Loire","02D","Encombrants","02D","Stockage",18221.84216
2017,27,"Bourgogne-Franche-Comté","71","Saône-et-Loire","02D","Encombrants","02F","Stockage pour inertes",4932
2017,27,"Bourgogne-Franche-Comté","71","Saône-et-Loire","02D","Encombrants","02Z","Non précisé",457.61333
2017,27,"Bourgogne-Franche-Comté","71","Saône-et-Loire","02E","Déblais et gravats","02A","Valorisation matière",12682.3529
2017,27,"Bourgogne-Franche-Comté","71","Saône-et-Loire","02E","Déblais et gravats","02D","Stockage",6014.60588
2017,27,"Bourgogne-Franche-Comté","71","Saône-et-Loire","02E","Déblais et gravats","02F","Stockage pour inertes",6913.76267
2017,27,"Bourgogne-Franche-Comté","71","Saône-et-Loire","02E","Déblais et gravats","02Z","Non précisé",1428.3553
2017,27,"Bourgogne-Franche-Comté","71","Saône-et-Loire","02F","DEEE","02A","Valorisation matière",4877.64614
2017,27,"Bourgogne-Franche-Comté","71","Saône-et-Loire","02Z","Autres déchets","02A","Valorisation matière",68.57821
2017,27,"Bourgogne-Franche-Comté","71","Saône-et-Loire","02Z","Autres déchets","02Z","Non précisé",4.56
2017,27,"Bourgogne-Franche-Comté","89","Yonne","02A","Déchets dangereux","02A","Valorisation matière",854.56533
2017,27,"Bourgogne-Franche-Comté","89","Yonne","02A","Déchets dangereux","02B","Incinération avec récupération d'énergie",39.004
2017,27,"Bourgogne-Franche-Comté","89","Yonne","02A","Déchets dangereux","02Z","Non précisé",82.92934
2017,27,"Bourgogne-Franche-Comté","89","Yonne","02B","Matériaux recyclables","02A","Valorisation matière",10838.32309
2017,27,"Bourgogne-Franche-Comté","89","Yonne","02B","Matériaux recyclables","02B","Incinération avec récupération d'énergie",489
2017,27,"Bourgogne-Franche-Comté","89","Yonne","02B","Matériaux recyclables","02D","Stockage",792.32
2017,27,"Bourgogne-Franche-Comté","89","Yonne","02B","Matériaux recyclables","02E","Valorisation organique",2226.8
2017,27,"Bourgogne-Franche-Comté","89","Yonne","02B","Matériaux recyclables","02Z","Non précisé",344.707
2017,27,"Bourgogne-Franche-Comté","89","Yonne","02C","Déchets verts","02A","Valorisation matière",2122.3
2017,27,"Bourgogne-Franche-Comté","89","Yonne","02C","Déchets verts","02E","Valorisation organique",25070.704
2017,27,"Bourgogne-Franche-Comté","89","Yonne","02D","Encombrants","02A","Valorisation matière",1387.70308
2017,27,"Bourgogne-Franche-Comté","89","Yonne","02D","Encombrants","02B","Incinération avec récupération d'énergie",2110.56305
2017,27,"Bourgogne-Franche-Comté","89","Yonne","02D","Encombrants","02D","Stockage",21560.69581
2017,27,"Bourgogne-Franche-Comté","89","Yonne","02D","Encombrants","02Z","Non précisé",674.82081
2017,27,"Bourgogne-Franche-Comté","89","Yonne","02E","Déblais et gravats","02A","Valorisation matière",5742.02133
2017,27,"Bourgogne-Franche-Comté","89","Yonne","02E","Déblais et gravats","02D","Stockage",11805.146
2017,27,"Bourgogne-Franche-Comté","89","Yonne","02E","Déblais et gravats","02F","Stockage pour inertes",7877.1177
2017,27,"Bourgogne-Franche-Comté","89","Yonne","02E","Déblais et gravats","02Z","Non précisé",97.82934
2017,27,"Bourgogne-Franche-Comté","89","Yonne","02F","DEEE","02A","Valorisation matière",2961.43964
2017,27,"Bourgogne-Franche-Comté","89","Yonne","02F","DEEE","02Z","Non précisé",411.76
2017,27,"Bourgogne-Franche-Comté","89","Yonne","02Z","Autres déchets","02A","Valorisation matière",5.372
2017,27,"Bourgogne-Franche-Comté","90","Territoire-de-Belfort","02A","Déchets dangereux","02A","Valorisation matière",344.12593
2017,27,"Bourgogne-Franche-Comté","90","Territoire-de-Belfort","02A","Déchets dangereux","02B","Incinération avec récupération d'énergie",0.2159
2017,27,"Bourgogne-Franche-Comté","90","Territoire-de-Belfort","02A","Déchets dangereux","02C","Incinération sans récupération d'énergie",10.40939
2017,27,"Bourgogne-Franche-Comté","90","Territoire-de-Belfort","02A","Déchets dangereux","02Z","Non précisé",0.5783
2017,27,"Bourgogne-Franche-Comté","90","Territoire-de-Belfort","02B","Matériaux recyclables","02A","Valorisation matière",4503.71085
2017,27,"Bourgogne-Franche-Comté","90","Territoire-de-Belfort","02C","Déchets verts","02E","Valorisation organique",6084
2017,27,"Bourgogne-Franche-Comté","90","Territoire-de-Belfort","02D","Encombrants","02A","Valorisation matière",351.57792
2017,27,"Bourgogne-Franche-Comté","90","Territoire-de-Belfort","02D","Encombrants","02B","Incinération avec récupération d'énergie",3856.00729
2017,27,"Bourgogne-Franche-Comté","90","Territoire-de-Belfort","02D","Encombrants","02Z","Non précisé",2153.73076
2017,27,"Bourgogne-Franche-Comté","90","Territoire-de-Belfort","02E","Déblais et gravats","02A","Valorisation matière",1881.02235
2017,27,"Bourgogne-Franche-Comté","90","Territoire-de-Belfort","02E","Déblais et gravats","02F","Stockage pour inertes",3552.06844
2017,27,"Bourgogne-Franche-Comté","90","Territoire-de-Belfort","02F","DEEE","02A","Valorisation matière",933.93658
2017,27,"Bourgogne-Franche-Comté","90","Territoire-de-Belfort","02Z","Autres déchets","02A","Valorisation matière",9.77426
2017,53,"Bretagne","22","Cotes-d'Armor","02A","Déchets dangereux","02A","Valorisation matière",328.82107
2017,53,"Bretagne","22","Cotes-d'Armor","02A","Déchets dangereux","02B","Incinération avec récupération d'énergie",305.52397
2017,53,"Bretagne","22","Cotes-d'Armor","02A","Déchets dangereux","02C","Incinération sans récupération d'énergie",47.88887
2017,53,"Bretagne","22","Cotes-d'Armor","02A","Déchets dangereux","02D","Stockage",432.11733
2017,53,"Bretagne","22","Cotes-d'Armor","02A","Déchets dangereux","02F","Stockage pour inertes",7.9214
2017,53,"Bretagne","22","Cotes-d'Armor","02A","Déchets dangereux","02Z","Non précisé",472.73403
2017,53,"Bretagne","22","Cotes-d'Armor","02B","Matériaux recyclables","02A","Valorisation matière",30307.0467
2017,53,"Bretagne","22","Cotes-d'Armor","02B","Matériaux recyclables","02B","Incinération avec récupération d'énergie",820
2017,53,"Bretagne","22","Cotes-d'Armor","02B","Matériaux recyclables","02Z","Non précisé",2640
2017,53,"Bretagne","22","Cotes-d'Armor","02C","Déchets verts","02A","Valorisation matière",28241
2017,53,"Bretagne","22","Cotes-d'Armor","02C","Déchets verts","02B","Incinération avec récupération d'énergie",1.70627
2017,53,"Bretagne","22","Cotes-d'Armor","02C","Déchets verts","02E","Valorisation organique",111356.0246
2017,53,"Bretagne","22","Cotes-d'Armor","02C","Déchets verts","02Z","Non précisé",2561
2017,53,"Bretagne","22","Cotes-d'Armor","02D","Encombrants","02A","Valorisation matière",4896.14827
2017,53,"Bretagne","22","Cotes-d'Armor","02D","Encombrants","02B","Incinération avec récupération d'énergie",25685.51908
2017,53,"Bretagne","22","Cotes-d'Armor","02D","Encombrants","02D","Stockage",15116.52321
2017,53,"Bretagne","22","Cotes-d'Armor","02D","Encombrants","02Z","Non précisé",242.766
2017,53,"Bretagne","22","Cotes-d'Armor","02E","Déblais et gravats","02A","Valorisation matière",14059.24
2017,53,"Bretagne","22","Cotes-d'Armor","02E","Déblais et gravats","02D","Stockage",19914.86153
2017,53,"Bretagne","22","Cotes-d'Armor","02E","Déblais et gravats","02F","Stockage pour inertes",32487.17845
2017,53,"Bretagne","22","Cotes-d'Armor","02E","Déblais et gravats","02Z","Non précisé",592
2017,53,"Bretagne","22","Cotes-d'Armor","02F","DEEE","02A","Valorisation matière",5441.40173
2017,53,"Bretagne","22","Cotes-d'Armor","02Z","Autres déchets","02A","Valorisation matière",11.82709
2017,53,"Bretagne","22","Cotes-d'Armor","02Z","Autres déchets","02C","Incinération sans récupération d'énergie",3.365
2017,53,"Bretagne","22","Cotes-d'Armor","02Z","Autres déchets","02E","Valorisation organique",1.536
2017,53,"Bretagne","22","Cotes-d'Armor","02Z","Autres déchets","02Z","Non précisé",74.99999
2017,53,"Bretagne","29","Finistère","02A","Déchets dangereux","02A","Valorisation matière",521.60021
2017,53,"Bretagne","29","Finistère","02A","Déchets dangereux","02B","Incinération avec récupération d'énergie",109.832
2017,53,"Bretagne","29","Finistère","02A","Déchets dangereux","02C","Incinération sans récupération d'énergie",273.28912
2017,53,"Bretagne","29","Finistère","02A","Déchets dangereux","02D","Stockage",472.12266
2017,53,"Bretagne","29","Finistère","02A","Déchets dangereux","02F","Stockage pour inertes",430.26999
2017,53,"Bretagne","29","Finistère","02A","Déchets dangereux","02Z","Non précisé",1043.89878
2017,53,"Bretagne","29","Finistère","02B","Matériaux recyclables","02A","Valorisation matière",38830.85922
2017,53,"Bretagne","29","Finistère","02B","Matériaux recyclables","02B","Incinération avec récupération d'énergie",2099.016
2017,53,"Bretagne","29","Finistère","02B","Matériaux recyclables","02E","Valorisation organique",89
2017,53,"Bretagne","29","Finistère","02B","Matériaux recyclables","02Z","Non précisé",0.84
2017,53,"Bretagne","29","Finistère","02C","Déchets verts","02A","Valorisation matière",7846
2017,53,"Bretagne","29","Finistère","02C","Déchets verts","02E","Valorisation organique",147829.2488
2017,53,"Bretagne","29","Finistère","02D","Encombrants","02A","Valorisation matière",17640.54904
2017,53,"Bretagne","29","Finistère","02D","Encombrants","02B","Incinération avec récupération d'énergie",22100.73448
2017,53,"Bretagne","29","Finistère","02D","Encombrants","02D","Stockage",28874.608
2017,53,"Bretagne","29","Finistère","02D","Encombrants","02F","Stockage pour inertes",892.94
2017,53,"Bretagne","29","Finistère","02D","Encombrants","02Z","Non précisé",1012.949
2017,53,"Bretagne","29","Finistère","02E","Déblais et gravats","02A","Valorisation matière",13722.03
2017,53,"Bretagne","29","Finistère","02E","Déblais et gravats","02D","Stockage",1573.52
2017,53,"Bretagne","29","Finistère","02E","Déblais et gravats","02F","Stockage pour inertes",58339.02898
2017,53,"Bretagne","29","Finistère","02F","DEEE","02A","Valorisation matière",7983.77425
2017,53,"Bretagne","29","Finistère","02Z","Autres déchets","02A","Valorisation matière",29.786
2017,53,"Bretagne","29","Finistère","02Z","Autres déchets","02B","Incinération avec récupération d'énergie",22.86701
2017,53,"Bretagne","29","Finistère","02Z","Autres déchets","02E","Valorisation organique",1.58
2017,53,"Bretagne","29","Finistère","02Z","Autres déchets","02Z","Non précisé",2.9
2017,53,"Bretagne","35","Ille-et-Vilaine","02A","Déchets dangereux","02A","Valorisation matière",327.6744
2017,53,"Bretagne","35","Ille-et-Vilaine","02A","Déchets dangereux","02B","Incinération avec récupération d'énergie",419.73077
2017,53,"Bretagne","35","Ille-et-Vilaine","02A","Déchets dangereux","02D","Stockage",429.69815
2017,53,"Bretagne","35","Ille-et-Vilaine","02A","Déchets dangereux","02F","Stockage pour inertes",68.1786
2017,53,"Bretagne","35","Ille-et-Vilaine","02A","Déchets dangereux","02Z","Non précisé",922.22211
2017,53,"Bretagne","35","Ille-et-Vilaine","02B","Matériaux recyclables","02A","Valorisation matière",33379.01672
2017,53,"Bretagne","35","Ille-et-Vilaine","02B","Matériaux recyclables","02B","Incinération avec récupération d'énergie",520.464
2017,53,"Bretagne","35","Ille-et-Vilaine","02B","Matériaux recyclables","02E","Valorisation organique",326.25514
2017,53,"Bretagne","35","Ille-et-Vilaine","02C","Déchets verts","02E","Valorisation organique",95362.67398
2017,53,"Bretagne","35","Ille-et-Vilaine","02D","Encombrants","02A","Valorisation matière",6692.33364
2017,53,"Bretagne","35","Ille-et-Vilaine","02D","Encombrants","02B","Incinération avec récupération d'énergie",30607.36843
2017,53,"Bretagne","35","Ille-et-Vilaine","02D","Encombrants","02D","Stockage",22679.65198
2017,53,"Bretagne","35","Ille-et-Vilaine","02E","Déblais et gravats","02A","Valorisation matière",14689.4337
2017,53,"Bretagne","35","Ille-et-Vilaine","02E","Déblais et gravats","02D","Stockage",9470.74007
2017,53,"Bretagne","35","Ille-et-Vilaine","02E","Déblais et gravats","02F","Stockage pour inertes",36058.00008
2017,53,"Bretagne","35","Ille-et-Vilaine","02F","DEEE","02A","Valorisation matière",7200.59079
2017,53,"Bretagne","35","Ille-et-Vilaine","02Z","Autres déchets","02A","Valorisation matière",18.32891
2017,53,"Bretagne","35","Ille-et-Vilaine","02Z","Autres déchets","02Z","Non précisé",34.1
2017,53,"Bretagne","56","Morbihan","02A","Déchets dangereux","02A","Valorisation matière",137.17664
2017,53,"Bretagne","56","Morbihan","02A","Déchets dangereux","02B","Incinération avec récupération d'énergie",98.67326
2017,53,"Bretagne","56","Morbihan","02A","Déchets dangereux","02C","Incinération sans récupération d'énergie",0.535
2017,53,"Bretagne","56","Morbihan","02A","Déchets dangereux","02D","Stockage",9.9403
2017,53,"Bretagne","56","Morbihan","02A","Déchets dangereux","02F","Stockage pour inertes",9.87238
2017,53,"Bretagne","56","Morbihan","02A","Déchets dangereux","02Z","Non précisé",1468.55972
2017,53,"Bretagne","56","Morbihan","02B","Matériaux recyclables","02A","Valorisation matière",31575.39129
2017,53,"Bretagne","56","Morbihan","02B","Matériaux recyclables","02B","Incinération avec récupération d'énergie",120
2017,53,"Bretagne","56","Morbihan","02B","Matériaux recyclables","02E","Valorisation organique",5281.88831
2017,53,"Bretagne","56","Morbihan","02B","Matériaux recyclables","02Z","Non précisé",876.148
2017,53,"Bretagne","56","Morbihan","02C","Déchets verts","02B","Incinération avec récupération d'énergie",306.67373
2017,53,"Bretagne","56","Morbihan","02C","Déchets verts","02D","Stockage",1040
2017,53,"Bretagne","56","Morbihan","02C","Déchets verts","02E","Valorisation organique",93047.07518
2017,53,"Bretagne","56","Morbihan","02C","Déchets verts","02Z","Non précisé",1065.6
2017,53,"Bretagne","56","Morbihan","02D","Encombrants","02A","Valorisation matière",6799.14208
2017,53,"Bretagne","56","Morbihan","02D","Encombrants","02B","Incinération avec récupération d'énergie",233
2017,53,"Bretagne","56","Morbihan","02D","Encombrants","02D","Stockage",45077.85437
2017,53,"Bretagne","56","Morbihan","02D","Encombrants","02Z","Non précisé",303
2017,53,"Bretagne","56","Morbihan","02E","Déblais et gravats","02A","Valorisation matière",17896.93713
2017,53,"Bretagne","56","Morbihan","02E","Déblais et gravats","02D","Stockage",3091.7084
2017,53,"Bretagne","56","Morbihan","02E","Déblais et gravats","02F","Stockage pour inertes",25376.68801
2017,53,"Bretagne","56","Morbihan","02E","Déblais et gravats","02Z","Non précisé",14897
2017,53,"Bretagne","56","Morbihan","02F","DEEE","02A","Valorisation matière",6940.57206
2017,53,"Bretagne","56","Morbihan","02F","DEEE","02Z","Non précisé",0.10171
2017,53,"Bretagne","56","Morbihan","02Z","Autres déchets","02A","Valorisation matière",4.23083
2017,53,"Bretagne","56","Morbihan","02Z","Autres déchets","02Z","Non précisé",6.045
2017,24,"Centre-Val de Loire","18","Cher","02A","Déchets dangereux","02A","Valorisation matière",1009.19279
2017,24,"Centre-Val de Loire","18","Cher","02A","Déchets dangereux","02B","Incinération avec récupération d'énergie",264.69539
2017,24,"Centre-Val de Loire","18","Cher","02A","Déchets dangereux","02C","Incinération sans récupération d'énergie",8.704
2017,24,"Centre-Val de Loire","18","Cher","02A","Déchets dangereux","02D","Stockage",32.86
2017,24,"Centre-Val de Loire","18","Cher","02A","Déchets dangereux","02Z","Non précisé",244.37642
2017,24,"Centre-Val de Loire","18","Cher","02B","Matériaux recyclables","02A","Valorisation matière",10404.62428
2017,24,"Centre-Val de Loire","18","Cher","02B","Matériaux recyclables","02E","Valorisation organique",197.69
2017,24,"Centre-Val de Loire","18","Cher","02B","Matériaux recyclables","02Z","Non précisé",508.26
2017,24,"Centre-Val de Loire","18","Cher","02C","Déchets verts","02A","Valorisation matière",3883.18551
2017,24,"Centre-Val de Loire","18","Cher","02C","Déchets verts","02E","Valorisation organique",25266.36475
2017,24,"Centre-Val de Loire","18","Cher","02D","Encombrants","02A","Valorisation matière",2818.82937
2017,24,"Centre-Val de Loire","18","Cher","02D","Encombrants","02B","Incinération avec récupération d'énergie",14.79291
2017,24,"Centre-Val de Loire","18","Cher","02D","Encombrants","02D","Stockage",14591.28743
2017,24,"Centre-Val de Loire","18","Cher","02D","Encombrants","02Z","Non précisé",983.40446
2017,24,"Centre-Val de Loire","18","Cher","02E","Déblais et gravats","02A","Valorisation matière",5702.88359
2017,24,"Centre-Val de Loire","18","Cher","02E","Déblais et gravats","02D","Stockage",1119.44
2017,24,"Centre-Val de Loire","18","Cher","02E","Déblais et gravats","02F","Stockage pour inertes",837.1305
2017,24,"Centre-Val de Loire","18","Cher","02E","Déblais et gravats","02Z","Non précisé",5721.31
2017,24,"Centre-Val de Loire","18","Cher","02F","DEEE","02A","Valorisation matière",1267.23974
2017,24,"Centre-Val de Loire","18","Cher","02F","DEEE","02Z","Non précisé",657.86898
2017,24,"Centre-Val de Loire","18","Cher","02Z","Autres déchets","02A","Valorisation matière",1944.31553
2017,24,"Centre-Val de Loire","18","Cher","02Z","Autres déchets","02B","Incinération avec récupération d'énergie",6.45
2017,24,"Centre-Val de Loire","18","Cher","02Z","Autres déchets","02D","Stockage",603.9
2017,24,"Centre-Val de Loire","18","Cher","02Z","Autres déchets","02Z","Non précisé",5231.16
2017,24,"Centre-Val de Loire","28","Eure-et-Loir","02A","Déchets dangereux","02A","Valorisation matière",506.97746
2017,24,"Centre-Val de Loire","28","Eure-et-Loir","02A","Déchets dangereux","02B","Incinération avec récupération d'énergie",46.89885
2017,24,"Centre-Val de Loire","28","Eure-et-Loir","02A","Déchets dangereux","02C","Incinération sans récupération d'énergie",161.15274
2017,24,"Centre-Val de Loire","28","Eure-et-Loir","02A","Déchets dangereux","02D","Stockage",0.55153
2017,24,"Centre-Val de Loire","28","Eure-et-Loir","02A","Déchets dangereux","02E","Valorisation organique",4.23409
2017,24,"Centre-Val de Loire","28","Eure-et-Loir","02A","Déchets dangereux","02Z","Non précisé",145.05276
2017,24,"Centre-Val de Loire","28","Eure-et-Loir","02B","Matériaux recyclables","02A","Valorisation matière",11590.88898
2017,24,"Centre-Val de Loire","28","Eure-et-Loir","02B","Matériaux recyclables","02B","Incinération avec récupération d'énergie",748.25978
2017,24,"Centre-Val de Loire","28","Eure-et-Loir","02B","Matériaux recyclables","02D","Stockage",1226.11453
2017,24,"Centre-Val de Loire","28","Eure-et-Loir","02B","Matériaux recyclables","02E","Valorisation organique",3117.1968
2017,24,"Centre-Val de Loire","28","Eure-et-Loir","02C","Déchets verts","02E","Valorisation organique",32424.36609
2017,24,"Centre-Val de Loire","28","Eure-et-Loir","02D","Encombrants","02A","Valorisation matière",1155.26219
2017,24,"Centre-Val de Loire","28","Eure-et-Loir","02D","Encombrants","02B","Incinération avec récupération d'énergie",18843.4682
2017,24,"Centre-Val de Loire","28","Eure-et-Loir","02D","Encombrants","02D","Stockage",15439.84057
2017,24,"Centre-Val de Loire","28","Eure-et-Loir","02D","Encombrants","02F","Stockage pour inertes",320.95103
2017,24,"Centre-Val de Loire","28","Eure-et-Loir","02D","Encombrants","02Z","Non précisé",541.26288
2017,24,"Centre-Val de Loire","28","Eure-et-Loir","02E","Déblais et gravats","02A","Valorisation matière",15019.76191
2017,24,"Centre-Val de Loire","28","Eure-et-Loir","02E","Déblais et gravats","02F","Stockage pour inertes",13996.40815
2017,24,"Centre-Val de Loire","28","Eure-et-Loir","02F","DEEE","02A","Valorisation matière",3005.05482
2017,24,"Centre-Val de Loire","28","Eure-et-Loir","02Z","Autres déchets","02A","Valorisation matière",6.88411
2017,24,"Centre-Val de Loire","36","Indre","02A","Déchets dangereux","02A","Valorisation matière",269.21595
2017,24,"Centre-Val de Loire","36","Indre","02A","Déchets dangereux","02B","Incinération avec récupération d'énergie",0.377
2017,24,"Centre-Val de Loire","36","Indre","02A","Déchets dangereux","02C","Incinération sans récupération d'énergie",19.161
2017,24,"Centre-Val de Loire","36","Indre","02A","Déchets dangereux","02D","Stockage",25.077
2017,24,"Centre-Val de Loire","36","Indre","02A","Déchets dangereux","02Z","Non précisé",223.47556
2017,24,"Centre-Val de Loire","36","Indre","02B","Matériaux recyclables","02A","Valorisation matière",5119.70789
2017,24,"Centre-Val de Loire","36","Indre","02B","Matériaux recyclables","02D","Stockage",152.32
2017,24,"Centre-Val de Loire","36","Indre","02B","Matériaux recyclables","02E","Valorisation organique",355.54
2017,24,"Centre-Val de Loire","36","Indre","02B","Matériaux recyclables","02Z","Non précisé",1.766
2017,24,"Centre-Val de Loire","36","Indre","02C","Déchets verts","02A","Valorisation matière",2938.33576
2017,24,"Centre-Val de Loire","36","Indre","02C","Déchets verts","02E","Valorisation organique",15779.39608
2017,24,"Centre-Val de Loire","36","Indre","02D","Encombrants","02A","Valorisation matière",2913.73739
2017,24,"Centre-Val de Loire","36","Indre","02D","Encombrants","02D","Stockage",10863.72373
2017,24,"Centre-Val de Loire","36","Indre","02D","Encombrants","02Z","Non précisé",620.60784
2017,24,"Centre-Val de Loire","36","Indre","02E","Déblais et gravats","02A","Valorisation matière",6767.84807
2017,24,"Centre-Val de Loire","36","Indre","02E","Déblais et gravats","02D","Stockage",996.33
2017,24,"Centre-Val de Loire","36","Indre","02E","Déblais et gravats","02F","Stockage pour inertes",968
2017,24,"Centre-Val de Loire","36","Indre","02E","Déblais et gravats","02Z","Non précisé",1898
2017,24,"Centre-Val de Loire","36","Indre","02F","DEEE","02A","Valorisation matière",1680.61494
2017,24,"Centre-Val de Loire","36","Indre","02F","DEEE","02Z","Non précisé",347.35402
2017,24,"Centre-Val de Loire","36","Indre","02Z","Autres déchets","02A","Valorisation matière",23.76463
2017,24,"Centre-Val de Loire","36","Indre","02Z","Autres déchets","02C","Incinération sans récupération d'énergie",0.624
2017,24,"Centre-Val de Loire","36","Indre","02Z","Autres déchets","02D","Stockage",1152
2017,24,"Centre-Val de Loire","36","Indre","02Z","Autres déchets","02Z","Non précisé",1.262
2017,24,"Centre-Val de Loire","37","Indre-et-Loire","02A","Déchets dangereux","02A","Valorisation matière",685.4132
2017,24,"Centre-Val de Loire","37","Indre-et-Loire","02A","Déchets dangereux","02B","Incinération avec récupération d'énergie",129.63169
2017,24,"Centre-Val de Loire","37","Indre-et-Loire","02A","Déchets dangereux","02C","Incinération sans récupération d'énergie",59
2017,24,"Centre-Val de Loire","37","Indre-et-Loire","02A","Déchets dangereux","02D","Stockage",136.781
2017,24,"Centre-Val de Loire","37","Indre-et-Loire","02A","Déchets dangereux","02Z","Non précisé",81.696
2017,24,"Centre-Val de Loire","37","Indre-et-Loire","02B","Matériaux recyclables","02A","Valorisation matière",12560.23714
2017,24,"Centre-Val de Loire","37","Indre-et-Loire","02B","Matériaux recyclables","02B","Incinération avec récupération d'énergie",9.641
2017,24,"Centre-Val de Loire","37","Indre-et-Loire","02B","Matériaux recyclables","02E","Valorisation organique",358.11788
2017,24,"Centre-Val de Loire","37","Indre-et-Loire","02B","Matériaux recyclables","02Z","Non précisé",269.56
2017,24,"Centre-Val de Loire","37","Indre-et-Loire","02C","Déchets verts","02A","Valorisation matière",4343.68
2017,24,"Centre-Val de Loire","37","Indre-et-Loire","02C","Déchets verts","02E","Valorisation organique",37071.52665
2017,24,"Centre-Val de Loire","37","Indre-et-Loire","02D","Encombrants","02A","Valorisation matière",15751.25628
2017,24,"Centre-Val de Loire","37","Indre-et-Loire","02D","Encombrants","02B","Incinération avec récupération d'énergie",892.70421
2017,24,"Centre-Val de Loire","37","Indre-et-Loire","02D","Encombrants","02D","Stockage",25328.21
2017,24,"Centre-Val de Loire","37","Indre-et-Loire","02E","Déblais et gravats","02A","Valorisation matière",19545.76642
2017,24,"Centre-Val de Loire","37","Indre-et-Loire","02E","Déblais et gravats","02D","Stockage",10589.23
2017,24,"Centre-Val de Loire","37","Indre-et-Loire","02E","Déblais et gravats","02Z","Non précisé",1328.38
2017,24,"Centre-Val de Loire","37","Indre-et-Loire","02F","DEEE","02A","Valorisation matière",3473.56799
2017,24,"Centre-Val de Loire","37","Indre-et-Loire","02F","DEEE","02Z","Non précisé",138.94
2017,24,"Centre-Val de Loire","37","Indre-et-Loire","02Z","Autres déchets","02A","Valorisation matière",4.2
2017,24,"Centre-Val de Loire","37","Indre-et-Loire","02Z","Autres déchets","02B","Incinération avec récupération d'énergie",0.775
2017,24,"Centre-Val de Loire","37","Indre-et-Loire","02Z","Autres déchets","02Z","Non précisé",1.7613
2017,24,"Centre-Val de Loire","41","Loir-et-Cher","02A","Déchets dangereux","02A","Valorisation matière",261.35691
2017,24,"Centre-Val de Loire","41","Loir-et-Cher","02A","Déchets dangereux","02B","Incinération avec récupération d'énergie",124.68365
2017,24,"Centre-Val de Loire","41","Loir-et-Cher","02A","Déchets dangereux","02C","Incinération sans récupération d'énergie",8.27988
2017,24,"Centre-Val de Loire","41","Loir-et-Cher","02A","Déchets dangereux","02F","Stockage pour inertes",0.30149
2017,24,"Centre-Val de Loire","41","Loir-et-Cher","02A","Déchets dangereux","02Z","Non précisé",366.51908
2017,24,"Centre-Val de Loire","41","Loir-et-Cher","02B","Matériaux recyclables","02A","Valorisation matière",9521.93777
2017,24,"Centre-Val de Loire","41","Loir-et-Cher","02B","Matériaux recyclables","02C","Incinération sans récupération d'énergie",0.01215
2017,24,"Centre-Val de Loire","41","Loir-et-Cher","02B","Matériaux recyclables","02D","Stockage",152.84547
2017,24,"Centre-Val de Loire","41","Loir-et-Cher","02B","Matériaux recyclables","02Z","Non précisé",256.48869
2017,24,"Centre-Val de Loire","41","Loir-et-Cher","02C","Déchets verts","02A","Valorisation matière",3775.72
2017,24,"Centre-Val de Loire","41","Loir-et-Cher","02C","Déchets verts","02E","Valorisation organique",27109.05407
2017,24,"Centre-Val de Loire","41","Loir-et-Cher","02D","Encombrants","02A","Valorisation matière",4112.54026
2017,24,"Centre-Val de Loire","41","Loir-et-Cher","02D","Encombrants","02B","Incinération avec récupération d'énergie",1968.18603
2017,24,"Centre-Val de Loire","41","Loir-et-Cher","02D","Encombrants","02D","Stockage",24644.95941
2017,24,"Centre-Val de Loire","41","Loir-et-Cher","02D","Encombrants","02Z","Non précisé",653.26649
2017,24,"Centre-Val de Loire","41","Loir-et-Cher","02E","Déblais et gravats","02A","Valorisation matière",4124.46707
2017,24,"Centre-Val de Loire","41","Loir-et-Cher","02E","Déblais et gravats","02D","Stockage",110.4841
2017,24,"Centre-Val de Loire","41","Loir-et-Cher","02E","Déblais et gravats","02F","Stockage pour inertes",19002.87881
2017,24,"Centre-Val de Loire","41","Loir-et-Cher","02F","DEEE","02A","Valorisation matière",2576.46612
2017,24,"Centre-Val de Loire","41","Loir-et-Cher","02Z","Autres déchets","02A","Valorisation matière",4.5305
2017,24,"Centre-Val de Loire","41","Loir-et-Cher","02Z","Autres déchets","02Z","Non précisé",0.821
2017,24,"Centre-Val de Loire","45","Loiret","02A","Déchets dangereux","02A","Valorisation matière",510.89363
2017,24,"Centre-Val de Loire","45","Loiret","02A","Déchets dangereux","02B","Incinération avec récupération d'énergie",417.57513
2017,24,"Centre-Val de Loire","45","Loiret","02A","Déchets dangereux","02C","Incinération sans récupération d'énergie",77.5265
2017,24,"Centre-Val de Loire","45","Loiret","02A","Déchets dangereux","02E","Valorisation organique",25.85891
2017,24,"Centre-Val de Loire","45","Loiret","02A","Déchets dangereux","02Z","Non précisé",293.08646
2017,24,"Centre-Val de Loire","45","Loiret","02B","Matériaux recyclables","02A","Valorisation matière",18313.55717
2017,24,"Centre-Val de Loire","45","Loiret","02B","Matériaux recyclables","02B","Incinération avec récupération d'énergie",2787.171
2017,24,"Centre-Val de Loire","45","Loiret","02B","Matériaux recyclables","02C","Incinération sans récupération d'énergie",1.60984
2017,24,"Centre-Val de Loire","45","Loiret","02C","Déchets verts","02E","Valorisation organique",59379.8551
2017,24,"Centre-Val de Loire","45","Loiret","02D","Encombrants","02A","Valorisation matière",12806.05116
2017,24,"Centre-Val de Loire","45","Loiret","02D","Encombrants","02B","Incinération avec récupération d'énergie",20676.20513
2017,24,"Centre-Val de Loire","45","Loiret","02D","Encombrants","02D","Stockage",20233.02884
2017,24,"Centre-Val de Loire","45","Loiret","02D","Encombrants","02F","Stockage pour inertes",1809.25897
2017,24,"Centre-Val de Loire","45","Loiret","02D","Encombrants","02Z","Non précisé",102.50584
2017,24,"Centre-Val de Loire","45","Loiret","02E","Déblais et gravats","02A","Valorisation matière",16054.57867
2017,24,"Centre-Val de Loire","45","Loiret","02E","Déblais et gravats","02D","Stockage",2742.6
2017,24,"Centre-Val de Loire","45","Loiret","02E","Déblais et gravats","02F","Stockage pour inertes",21248.64648
2017,24,"Centre-Val de Loire","45","Loiret","02F","DEEE","02A","Valorisation matière",3268.70548
2017,24,"Centre-Val de Loire","45","Loiret","02F","DEEE","02Z","Non précisé",636.03357
2017,24,"Centre-Val de Loire","45","Loiret","02Z","Autres déchets","02A","Valorisation matière",21.08492
2017,24,"Centre-Val de Loire","45","Loiret","02Z","Autres déchets","02Z","Non précisé",3.28222
2017,94,"Corse","2A","Corse-du-Sud","02A","Déchets dangereux","02A","Valorisation matière",91.26794
2017,94,"Corse","2A","Corse-du-Sud","02B","Matériaux recyclables","02A","Valorisation matière",4524.87644
2017,94,"Corse","2A","Corse-du-Sud","02B","Matériaux recyclables","02E","Valorisation organique",471.3
2017,94,"Corse","2A","Corse-du-Sud","02C","Déchets verts","02E","Valorisation organique",2949.49
2017,94,"Corse","2A","Corse-du-Sud","02C","Déchets verts","02Z","Non précisé",2856.35769
2017,94,"Corse","2A","Corse-du-Sud","02D","Encombrants","02A","Valorisation matière",3419.54551
2017,94,"Corse","2A","Corse-du-Sud","02D","Encombrants","02D","Stockage",6897.37705
2017,94,"Corse","2A","Corse-du-Sud","02E","Déblais et gravats","02A","Valorisation matière",4642.2259
2017,94,"Corse","2A","Corse-du-Sud","02F","DEEE","02A","Valorisation matière",1452.42869
2017,94,"Corse","2A","Corse-du-Sud","02Z","Autres déchets","02A","Valorisation matière",15.049
2017,94,"Corse","2B","Haute-Corse","02A","Déchets dangereux","02A","Valorisation matière",96.77205
2017,94,"Corse","2B","Haute-Corse","02A","Déchets dangereux","02B","Incinération avec récupération d'énergie",1.06
2017,94,"Corse","2B","Haute-Corse","02A","Déchets dangereux","02C","Incinération sans récupération d'énergie",14.17
2017,94,"Corse","2B","Haute-Corse","02A","Déchets dangereux","02Z","Non précisé",0.165
2017,94,"Corse","2B","Haute-Corse","02B","Matériaux recyclables","02A","Valorisation matière",7127.03857
2017,94,"Corse","2B","Haute-Corse","02B","Matériaux recyclables","02Z","Non précisé",213.9
2017,94,"Corse","2B","Haute-Corse","02C","Déchets verts","02A","Valorisation matière",1621.37
2017,94,"Corse","2B","Haute-Corse","02C","Déchets verts","02E","Valorisation organique",404.6
2017,94,"Corse","2B","Haute-Corse","02C","Déchets verts","02Z","Non précisé",3152.24231
2017,94,"Corse","2B","Haute-Corse","02D","Encombrants","02A","Valorisation matière",6011.8445
2017,94,"Corse","2B","Haute-Corse","02D","Encombrants","02D","Stockage",5627.66295
2017,94,"Corse","2B","Haute-Corse","02E","Déblais et gravats","02A","Valorisation matière",2352.16211
2017,94,"Corse","2B","Haute-Corse","02E","Déblais et gravats","02F","Stockage pour inertes",2335
2017,94,"Corse","2B","Haute-Corse","02F","DEEE","02A","Valorisation matière",2131.6213
2017,94,"Corse","2B","Haute-Corse","02F","DEEE","02Z","Non précisé",243
2017,94,"Corse","2B","Haute-Corse","02Z","Autres déchets","02A","Valorisation matière",448.51
2017,97,"Dom-Com","971","Guadeloupe","02A","Déchets dangereux","02A","Valorisation matière",50.39
2017,97,"Dom-Com","971","Guadeloupe","02A","Déchets dangereux","02C","Incinération sans récupération d'énergie",40.997
2017,97,"Dom-Com","971","Guadeloupe","02B","Matériaux recyclables","02A","Valorisation matière",2752.352
2017,97,"Dom-Com","971","Guadeloupe","02B","Matériaux recyclables","02D","Stockage",0.37
2017,97,"Dom-Com","971","Guadeloupe","02C","Déchets verts","02E","Valorisation organique",14779.696
2017,97,"Dom-Com","971","Guadeloupe","02C","Déchets verts","02Z","Non précisé",561.85
2017,97,"Dom-Com","971","Guadeloupe","02D","Encombrants","02A","Valorisation matière",15.6
2017,97,"Dom-Com","971","Guadeloupe","02D","Encombrants","02D","Stockage",8891.428
2017,97,"Dom-Com","971","Guadeloupe","02E","Déblais et gravats","02D","Stockage",256.24
2017,97,"Dom-Com","971","Guadeloupe","02F","DEEE","02A","Valorisation matière",1762.23
2017,97,"Dom-Com","971","Guadeloupe","02Z","Autres déchets","02A","Valorisation matière",100.1
2017,97,"Dom-Com","972","Martinique","02A","Déchets dangereux","02A","Valorisation matière",146.145
2017,97,"Dom-Com","972","Martinique","02A","Déchets dangereux","02B","Incinération avec récupération d'énergie",58.4
2017,97,"Dom-Com","972","Martinique","02B","Matériaux recyclables","02A","Valorisation matière",3631.959
2017,97,"Dom-Com","972","Martinique","02C","Déchets verts","02E","Valorisation organique",13860.117
2017,97,"Dom-Com","972","Martinique","02D","Encombrants","02B","Incinération avec récupération d'énergie",4292.07
2017,97,"Dom-Com","972","Martinique","02D","Encombrants","02D","Stockage",4228.37
2017,97,"Dom-Com","972","Martinique","02E","Déblais et gravats","02D","Stockage",810.598
2017,97,"Dom-Com","972","Martinique","02F","DEEE","02A","Valorisation matière",1247.894
2017,97,"Dom-Com","973","Guyane","02A","Déchets dangereux","02A","Valorisation matière",2.4
2017,97,"Dom-Com","973","Guyane","02A","Déchets dangereux","02Z","Non précisé",54.49
2017,97,"Dom-Com","973","Guyane","02B","Matériaux recyclables","02A","Valorisation matière",190
2017,97,"Dom-Com","973","Guyane","02B","Matériaux recyclables","02D","Stockage",473
2017,97,"Dom-Com","973","Guyane","02B","Matériaux recyclables","02Z","Non précisé",509.6
2017,97,"Dom-Com","973","Guyane","02C","Déchets verts","02E","Valorisation organique",380
2017,97,"Dom-Com","973","Guyane","02D","Encombrants","02D","Stockage",1039
2017,97,"Dom-Com","973","Guyane","02E","Déblais et gravats","02D","Stockage",131
2017,97,"Dom-Com","973","Guyane","02F","DEEE","02Z","Non précisé",141
2017,97,"Dom-Com","973","Guyane","02Z","Autres déchets","02Z","Non précisé",5
2017,97,"Dom-Com","974","Réunion","02A","Déchets dangereux","02A","Valorisation matière",21127.528
2017,97,"Dom-Com","974","Réunion","02A","Déchets dangereux","02B","Incinération avec récupération d'énergie",10.616
2017,97,"Dom-Com","974","Réunion","02B","Matériaux recyclables","02A","Valorisation matière",17389.38
2017,97,"Dom-Com","974","Réunion","02C","Déchets verts","02A","Valorisation matière",14285.95
2017,97,"Dom-Com","974","Réunion","02C","Déchets verts","02E","Valorisation organique",4610
2017,97,"Dom-Com","974","Réunion","02C","Déchets verts","02Z","Non précisé",1802.89
2017,97,"Dom-Com","974","Réunion","02D","Encombrants","02A","Valorisation matière",14051.75
2017,97,"Dom-Com","974","Réunion","02D","Encombrants","02D","Stockage",16165.6
2017,97,"Dom-Com","974","Réunion","02E","Déblais et gravats","02A","Valorisation matière",14587.03
2017,97,"Dom-Com","974","Réunion","02E","Déblais et gravats","02D","Stockage",6478.9
2017,97,"Dom-Com","974","Réunion","02F","DEEE","02A","Valorisation matière",4450.659
2017,97,"Dom-Com","974","Réunion","02Z","Autres déchets","02C","Incinération sans récupération d'énergie",43200
2017,97,"Dom-Com","974","Réunion","02Z","Autres déchets","02Z","Non précisé",149.26
2017,97,"Dom-Com","978","Saint-Martin","02A","Déchets dangereux","02A","Valorisation matière",332.53
2017,97,"Dom-Com","978","Saint-Martin","02B","Matériaux recyclables","02A","Valorisation matière",53
2017,97,"Dom-Com","978","Saint-Martin","02C","Déchets verts","02A","Valorisation matière",79
2017,97,"Dom-Com","978","Saint-Martin","02D","Encombrants","02A","Valorisation matière",153
2017,97,"Dom-Com","978","Saint-Martin","02E","Déblais et gravats","02A","Valorisation matière",62
2017,97,"Dom-Com","978","Saint-Martin","02F","DEEE","02Z","Non précisé",22
2017,44,"Grand-Est","08","Ardennes","02A","Déchets dangereux","02A","Valorisation matière",52.844
2017,44,"Grand-Est","08","Ardennes","02A","Déchets dangereux","02B","Incinération avec récupération d'énergie",25.726
2017,44,"Grand-Est","08","Ardennes","02A","Déchets dangereux","02C","Incinération sans récupération d'énergie",27.745
2017,44,"Grand-Est","08","Ardennes","02A","Déchets dangereux","02Z","Non précisé",314.806
2017,44,"Grand-Est","08","Ardennes","02B","Matériaux recyclables","02A","Valorisation matière",5324.931
2017,44,"Grand-Est","08","Ardennes","02B","Matériaux recyclables","02B","Incinération avec récupération d'énergie",0.487
2017,44,"Grand-Est","08","Ardennes","02B","Matériaux recyclables","02D","Stockage",5213
2017,44,"Grand-Est","08","Ardennes","02B","Matériaux recyclables","02Z","Non précisé",1687.281
2017,44,"Grand-Est","08","Ardennes","02C","Déchets verts","02D","Stockage",4185
2017,44,"Grand-Est","08","Ardennes","02C","Déchets verts","02E","Valorisation organique",8270.44
2017,44,"Grand-Est","08","Ardennes","02D","Encombrants","02A","Valorisation matière",961.99
2017,44,"Grand-Est","08","Ardennes","02D","Encombrants","02D","Stockage",21990.98
2017,44,"Grand-Est","08","Ardennes","02D","Encombrants","02Z","Non précisé",264.42
2017,44,"Grand-Est","08","Ardennes","02E","Déblais et gravats","02A","Valorisation matière",1112
2017,44,"Grand-Est","08","Ardennes","02E","Déblais et gravats","02F","Stockage pour inertes",3332.41
2017,44,"Grand-Est","08","Ardennes","02E","Déblais et gravats","02Z","Non précisé",7612.27
2017,44,"Grand-Est","08","Ardennes","02F","DEEE","02A","Valorisation matière",621.168
2017,44,"Grand-Est","08","Ardennes","02F","DEEE","02Z","Non précisé",627.48
2017,44,"Grand-Est","08","Ardennes","02Z","Autres déchets","02A","Valorisation matière",4.299
2017,44,"Grand-Est","10","Aube","02A","Déchets dangereux","02A","Valorisation matière",163.20323
2017,44,"Grand-Est","10","Aube","02A","Déchets dangereux","02B","Incinération avec récupération d'énergie",6.157
2017,44,"Grand-Est","10","Aube","02A","Déchets dangereux","02Z","Non précisé",145.53682
2017,44,"Grand-Est","10","Aube","02B","Matériaux recyclables","02A","Valorisation matière",3508.73113
2017,44,"Grand-Est","10","Aube","02B","Matériaux recyclables","02B","Incinération avec récupération d'énergie",726.12
2017,44,"Grand-Est","10","Aube","02B","Matériaux recyclables","02Z","Non précisé",501.27
2017,44,"Grand-Est","10","Aube","02C","Déchets verts","02A","Valorisation matière",387.77
2017,44,"Grand-Est","10","Aube","02C","Déchets verts","02E","Valorisation organique",12779.17815
2017,44,"Grand-Est","10","Aube","02C","Déchets verts","02Z","Non précisé",1718.3
2017,44,"Grand-Est","10","Aube","02D","Encombrants","02A","Valorisation matière",300.3075
2017,44,"Grand-Est","10","Aube","02D","Encombrants","02B","Incinération avec récupération d'énergie",788.57859
2017,44,"Grand-Est","10","Aube","02D","Encombrants","02D","Stockage",14488.82615
2017,44,"Grand-Est","10","Aube","02D","Encombrants","02Z","Non précisé",4596.31584
2017,44,"Grand-Est","10","Aube","02E","Déblais et gravats","02A","Valorisation matière",8346.15056
2017,44,"Grand-Est","10","Aube","02E","Déblais et gravats","02D","Stockage",3677.99538
2017,44,"Grand-Est","10","Aube","02E","Déblais et gravats","02Z","Non précisé",1345.57
2017,44,"Grand-Est","10","Aube","02F","DEEE","02A","Valorisation matière",1720.05578
2017,44,"Grand-Est","10","Aube","02Z","Autres déchets","02A","Valorisation matière",9.6361
2017,44,"Grand-Est","10","Aube","02Z","Autres déchets","02Z","Non précisé",890
2017,44,"Grand-Est","51","Marne","02A","Déchets dangereux","02A","Valorisation matière",961.03726
2017,44,"Grand-Est","51","Marne","02A","Déchets dangereux","02B","Incinération avec récupération d'énergie",202.76348
2017,44,"Grand-Est","51","Marne","02A","Déchets dangereux","02C","Incinération sans récupération d'énergie",44.4069
2017,44,"Grand-Est","51","Marne","02A","Déchets dangereux","02D","Stockage",37.99736
2017,44,"Grand-Est","51","Marne","02A","Déchets dangereux","02F","Stockage pour inertes",0.16743
2017,44,"Grand-Est","51","Marne","02A","Déchets dangereux","02Z","Non précisé",426.1522
2017,44,"Grand-Est","51","Marne","02B","Matériaux recyclables","02A","Valorisation matière",19978.25874
2017,44,"Grand-Est","51","Marne","02B","Matériaux recyclables","02B","Incinération avec récupération d'énergie",25.07675
2017,44,"Grand-Est","51","Marne","02B","Matériaux recyclables","02E","Valorisation organique",1087.04439
2017,44,"Grand-Est","51","Marne","02B","Matériaux recyclables","02Z","Non précisé",322.66174
2017,44,"Grand-Est","51","Marne","02C","Déchets verts","02A","Valorisation matière",1313.2736
2017,44,"Grand-Est","51","Marne","02C","Déchets verts","02E","Valorisation organique",22084.47084
2017,44,"Grand-Est","51","Marne","02D","Encombrants","02A","Valorisation matière",10637.25134
2017,44,"Grand-Est","51","Marne","02D","Encombrants","02B","Incinération avec récupération d'énergie",14953.48003
2017,44,"Grand-Est","51","Marne","02D","Encombrants","02D","Stockage",5693.42
2017,44,"Grand-Est","51","Marne","02D","Encombrants","02Z","Non précisé",3269.42611
2017,44,"Grand-Est","51","Marne","02E","Déblais et gravats","02A","Valorisation matière",23768.10207
2017,44,"Grand-Est","51","Marne","02E","Déblais et gravats","02F","Stockage pour inertes",74.94155
2017,44,"Grand-Est","51","Marne","02E","Déblais et gravats","02Z","Non précisé",24.58
2017,44,"Grand-Est","51","Marne","02F","DEEE","02A","Valorisation matière",3387.06589
2017,44,"Grand-Est","51","Marne","02Z","Autres déchets","02A","Valorisation matière",1.4599
2017,44,"Grand-Est","51","Marne","02Z","Autres déchets","02B","Incinération avec récupération d'énergie",0.1291
2017,44,"Grand-Est","51","Marne","02Z","Autres déchets","02Z","Non précisé",5.11265
2017,44,"Grand-Est","52","Haute-Marne","02A","Déchets dangereux","02A","Valorisation matière",305.89994
2017,44,"Grand-Est","52","Haute-Marne","02A","Déchets dangereux","02B","Incinération avec récupération d'énergie",75.56215
2017,44,"Grand-Est","52","Haute-Marne","02A","Déchets dangereux","02F","Stockage pour inertes",21.0006
2017,44,"Grand-Est","52","Haute-Marne","02A","Déchets dangereux","02Z","Non précisé",0.03456
2017,44,"Grand-Est","52","Haute-Marne","02B","Matériaux recyclables","02A","Valorisation matière",3161.321
2017,44,"Grand-Est","52","Haute-Marne","02B","Matériaux recyclables","02B","Incinération avec récupération d'énergie",3158.39168
2017,44,"Grand-Est","52","Haute-Marne","02C","Déchets verts","02E","Valorisation organique",9855.39169
2017,44,"Grand-Est","52","Haute-Marne","02D","Encombrants","02A","Valorisation matière",1451.00076
2017,44,"Grand-Est","52","Haute-Marne","02D","Encombrants","02B","Incinération avec récupération d'énergie",10498.35744
2017,44,"Grand-Est","52","Haute-Marne","02D","Encombrants","02Z","Non précisé",0.16416
2017,44,"Grand-Est","52","Haute-Marne","02E","Déblais et gravats","02A","Valorisation matière",3.38554
2017,44,"Grand-Est","52","Haute-Marne","02E","Déblais et gravats","02F","Stockage pour inertes",9437.92514
2017,44,"Grand-Est","52","Haute-Marne","02F","DEEE","02A","Valorisation matière",1762.47985
2017,44,"Grand-Est","52","Haute-Marne","02Z","Autres déchets","02B","Incinération avec récupération d'énergie",16.19205
2017,44,"Grand-Est","54","Meurthe-et-Moselle","02A","Déchets dangereux","02A","Valorisation matière",1940.0374
2017,44,"Grand-Est","54","Meurthe-et-Moselle","02A","Déchets dangereux","02B","Incinération avec récupération d'énergie",209.08584
2017,44,"Grand-Est","54","Meurthe-et-Moselle","02A","Déchets dangereux","02Z","Non précisé",67.55125
2017,44,"Grand-Est","54","Meurthe-et-Moselle","02B","Matériaux recyclables","02A","Valorisation matière",18083.80176
2017,44,"Grand-Est","54","Meurthe-et-Moselle","02B","Matériaux recyclables","02B","Incinération avec récupération d'énergie",1449.14782
2017,44,"Grand-Est","54","Meurthe-et-Moselle","02B","Matériaux recyclables","02E","Valorisation organique",1760.19
2017,44,"Grand-Est","54","Meurthe-et-Moselle","02B","Matériaux recyclables","02Z","Non précisé",2718.83889
2017,44,"Grand-Est","54","Meurthe-et-Moselle","02C","Déchets verts","02A","Valorisation matière",1849.30596
2017,44,"Grand-Est","54","Meurthe-et-Moselle","02C","Déchets verts","02E","Valorisation organique",15549.15705
2017,44,"Grand-Est","54","Meurthe-et-Moselle","02C","Déchets verts","02Z","Non précisé",471.51757
2017,44,"Grand-Est","54","Meurthe-et-Moselle","02D","Encombrants","02A","Valorisation matière",9618.53114
2017,44,"Grand-Est","54","Meurthe-et-Moselle","02D","Encombrants","02B","Incinération avec récupération d'énergie",4936.77879
2017,44,"Grand-Est","54","Meurthe-et-Moselle","02D","Encombrants","02D","Stockage",29375.26863
2017,44,"Grand-Est","54","Meurthe-et-Moselle","02D","Encombrants","02Z","Non précisé",2933.68802
2017,44,"Grand-Est","54","Meurthe-et-Moselle","02E","Déblais et gravats","02A","Valorisation matière",8721.50078
2017,44,"Grand-Est","54","Meurthe-et-Moselle","02E","Déblais et gravats","02F","Stockage pour inertes",16977.43715
2017,44,"Grand-Est","54","Meurthe-et-Moselle","02E","Déblais et gravats","02Z","Non précisé",3746.75594
2017,44,"Grand-Est","54","Meurthe-et-Moselle","02F","DEEE","02A","Valorisation matière",3371.24762
2017,44,"Grand-Est","54","Meurthe-et-Moselle","02Z","Autres déchets","02A","Valorisation matière",34.80832
2017,44,"Grand-Est","54","Meurthe-et-Moselle","02Z","Autres déchets","02B","Incinération avec récupération d'énergie",0.01331
2017,44,"Grand-Est","54","Meurthe-et-Moselle","02Z","Autres déchets","02Z","Non précisé",54.26476
2017,44,"Grand-Est","55","Meuse","02A","Déchets dangereux","02A","Valorisation matière",87.43817
2017,44,"Grand-Est","55","Meuse","02A","Déchets dangereux","02B","Incinération avec récupération d'énergie",70.018
2017,44,"Grand-Est","55","Meuse","02A","Déchets dangereux","02Z","Non précisé",299.98227
2017,44,"Grand-Est","55","Meuse","02B","Matériaux recyclables","02A","Valorisation matière",1790.85059
2017,44,"Grand-Est","55","Meuse","02B","Matériaux recyclables","02B","Incinération avec récupération d'énergie",1080.54
2017,44,"Grand-Est","55","Meuse","02B","Matériaux recyclables","02E","Valorisation organique",1586.71
2017,44,"Grand-Est","55","Meuse","02B","Matériaux recyclables","02Z","Non précisé",3486.93551
2017,44,"Grand-Est","55","Meuse","02C","Déchets verts","02E","Valorisation organique",7640.6234
2017,44,"Grand-Est","55","Meuse","02C","Déchets verts","02Z","Non précisé",84.02243
2017,44,"Grand-Est","55","Meuse","02D","Encombrants","02A","Valorisation matière",828.50136
2017,44,"Grand-Est","55","Meuse","02D","Encombrants","02B","Incinération avec récupération d'énergie",375
2017,44,"Grand-Est","55","Meuse","02D","Encombrants","02D","Stockage",11034.14974
2017,44,"Grand-Est","55","Meuse","02D","Encombrants","02Z","Non précisé",337.11709
2017,44,"Grand-Est","55","Meuse","02E","Déblais et gravats","02A","Valorisation matière",3447.28
2017,44,"Grand-Est","55","Meuse","02E","Déblais et gravats","02B","Incinération avec récupération d'énergie",1379.88
2017,44,"Grand-Est","55","Meuse","02E","Déblais et gravats","02F","Stockage pour inertes",2238.99
2017,44,"Grand-Est","55","Meuse","02E","Déblais et gravats","02Z","Non précisé",753.29314
2017,44,"Grand-Est","55","Meuse","02F","DEEE","02A","Valorisation matière",1029.84184
2017,44,"Grand-Est","55","Meuse","02F","DEEE","02Z","Non précisé",72
2017,44,"Grand-Est","55","Meuse","02Z","Autres déchets","02A","Valorisation matière",468.37
2017,44,"Grand-Est","55","Meuse","02Z","Autres déchets","02B","Incinération avec récupération d'énergie",1
2017,44,"Grand-Est","55","Meuse","02Z","Autres déchets","02D","Stockage",422.34
2017,44,"Grand-Est","55","Meuse","02Z","Autres déchets","02Z","Non précisé",0.05853
2017,44,"Grand-Est","57","Moselle","02A","Déchets dangereux","02A","Valorisation matière",500.8326
2017,44,"Grand-Est","57","Moselle","02A","Déchets dangereux","02B","Incinération avec récupération d'énergie",947.2096
2017,44,"Grand-Est","57","Moselle","02A","Déchets dangereux","02C","Incinération sans récupération d'énergie",1.18529
2017,44,"Grand-Est","57","Moselle","02A","Déchets dangereux","02F","Stockage pour inertes",36.43994
2017,44,"Grand-Est","57","Moselle","02A","Déchets dangereux","02Z","Non précisé",581.90264
2017,44,"Grand-Est","57","Moselle","02B","Matériaux recyclables","02A","Valorisation matière",27676.89097
2017,44,"Grand-Est","57","Moselle","02B","Matériaux recyclables","02B","Incinération avec récupération d'énergie",4308.86372
2017,44,"Grand-Est","57","Moselle","02B","Matériaux recyclables","02E","Valorisation organique",9278
2017,44,"Grand-Est","57","Moselle","02B","Matériaux recyclables","02Z","Non précisé",1361.63115
2017,44,"Grand-Est","57","Moselle","02C","Déchets verts","02A","Valorisation matière",2839.64
2017,44,"Grand-Est","57","Moselle","02C","Déchets verts","02E","Valorisation organique",46441.98684
2017,44,"Grand-Est","57","Moselle","02D","Encombrants","02A","Valorisation matière",6875.53624
2017,44,"Grand-Est","57","Moselle","02D","Encombrants","02B","Incinération avec récupération d'énergie",909.70296
2017,44,"Grand-Est","57","Moselle","02D","Encombrants","02D","Stockage",64593.22366
2017,44,"Grand-Est","57","Moselle","02D","Encombrants","02Z","Non précisé",478.91825
2017,44,"Grand-Est","57","Moselle","02E","Déblais et gravats","02A","Valorisation matière",27136.68512
2017,44,"Grand-Est","57","Moselle","02E","Déblais et gravats","02D","Stockage",2085.64
2017,44,"Grand-Est","57","Moselle","02E","Déblais et gravats","02F","Stockage pour inertes",24591.69744
2017,44,"Grand-Est","57","Moselle","02E","Déblais et gravats","02Z","Non précisé",9362.95
2017,44,"Grand-Est","57","Moselle","02F","DEEE","02A","Valorisation matière",4171.02872
2017,44,"Grand-Est","57","Moselle","02F","DEEE","02Z","Non précisé",1168.75451
2017,44,"Grand-Est","57","Moselle","02Z","Autres déchets","02A","Valorisation matière",23.03933
2017,44,"Grand-Est","57","Moselle","02Z","Autres déchets","02B","Incinération avec récupération d'énergie",7.59
2017,44,"Grand-Est","57","Moselle","02Z","Autres déchets","02E","Valorisation organique",12.55136
2017,44,"Grand-Est","57","Moselle","02Z","Autres déchets","02Z","Non précisé",2.461
2017,44,"Grand-Est","67","Bas-Rhin","02A","Déchets dangereux","02A","Valorisation matière",1852.80223
2017,44,"Grand-Est","67","Bas-Rhin","02A","Déchets dangereux","02B","Incinération avec récupération d'énergie",76.64648
2017,44,"Grand-Est","67","Bas-Rhin","02A","Déchets dangereux","02C","Incinération sans récupération d'énergie",0.01171
2017,44,"Grand-Est","67","Bas-Rhin","02A","Déchets dangereux","02D","Stockage",39.06
2017,44,"Grand-Est","67","Bas-Rhin","02A","Déchets dangereux","02F","Stockage pour inertes",0.36006
2017,44,"Grand-Est","67","Bas-Rhin","02A","Déchets dangereux","02Z","Non précisé",500.35336
2017,44,"Grand-Est","67","Bas-Rhin","02B","Matériaux recyclables","02A","Valorisation matière",41974.55034
2017,44,"Grand-Est","67","Bas-Rhin","02B","Matériaux recyclables","02B","Incinération avec récupération d'énergie",516
2017,44,"Grand-Est","67","Bas-Rhin","02B","Matériaux recyclables","02E","Valorisation organique",643.32
2017,44,"Grand-Est","67","Bas-Rhin","02B","Matériaux recyclables","02Z","Non précisé",318.876
2017,44,"Grand-Est","67","Bas-Rhin","02C","Déchets verts","02E","Valorisation organique",47631.70786
2017,44,"Grand-Est","67","Bas-Rhin","02D","Encombrants","02A","Valorisation matière",3871.40098
2017,44,"Grand-Est","67","Bas-Rhin","02D","Encombrants","02B","Incinération avec récupération d'énergie",25851.53961
2017,44,"Grand-Est","67","Bas-Rhin","02D","Encombrants","02D","Stockage",19027.15779
2017,44,"Grand-Est","67","Bas-Rhin","02D","Encombrants","02E","Valorisation organique",430
2017,44,"Grand-Est","67","Bas-Rhin","02D","Encombrants","02Z","Non précisé",8523.48
2017,44,"Grand-Est","67","Bas-Rhin","02E","Déblais et gravats","02A","Valorisation matière",48446.8444
2017,44,"Grand-Est","67","Bas-Rhin","02E","Déblais et gravats","02F","Stockage pour inertes",495.98592
2017,44,"Grand-Est","67","Bas-Rhin","02F","DEEE","02A","Valorisation matière",7447.67515
2017,44,"Grand-Est","67","Bas-Rhin","02F","DEEE","02Z","Non précisé",155.07949
2017,44,"Grand-Est","67","Bas-Rhin","02Z","Autres déchets","02A","Valorisation matière",53.54807
2017,44,"Grand-Est","67","Bas-Rhin","02Z","Autres déchets","02B","Incinération avec récupération d'énergie",48.835
2017,44,"Grand-Est","67","Bas-Rhin","02Z","Autres déchets","02E","Valorisation organique",1.46164
2017,44,"Grand-Est","67","Bas-Rhin","02Z","Autres déchets","02Z","Non précisé",22.8
2017,44,"Grand-Est","68","Haut-Rhin","02A","Déchets dangereux","02A","Valorisation matière",1168.87593
2017,44,"Grand-Est","68","Haut-Rhin","02A","Déchets dangereux","02B","Incinération avec récupération d'énergie",61.58244
2017,44,"Grand-Est","68","Haut-Rhin","02A","Déchets dangereux","02C","Incinération sans récupération d'énergie",8.48484
2017,44,"Grand-Est","68","Haut-Rhin","02A","Déchets dangereux","02D","Stockage",406.88
2017,44,"Grand-Est","68","Haut-Rhin","02A","Déchets dangereux","02Z","Non précisé",253.39138
2017,44,"Grand-Est","68","Haut-Rhin","02B","Matériaux recyclables","02A","Valorisation matière",26735.08393
2017,44,"Grand-Est","68","Haut-Rhin","02B","Matériaux recyclables","02B","Incinération avec récupération d'énergie",1232.43
2017,44,"Grand-Est","68","Haut-Rhin","02B","Matériaux recyclables","02E","Valorisation organique",2726
2017,44,"Grand-Est","68","Haut-Rhin","02B","Matériaux recyclables","02Z","Non précisé",66.74
2017,44,"Grand-Est","68","Haut-Rhin","02C","Déchets verts","02A","Valorisation matière",2.8
2017,44,"Grand-Est","68","Haut-Rhin","02C","Déchets verts","02E","Valorisation organique",31138.52518
2017,44,"Grand-Est","68","Haut-Rhin","02D","Encombrants","02A","Valorisation matière",9642.04233
2017,44,"Grand-Est","68","Haut-Rhin","02D","Encombrants","02B","Incinération avec récupération d'énergie",24053.84773
2017,44,"Grand-Est","68","Haut-Rhin","02D","Encombrants","02D","Stockage",14732.20911
2017,44,"Grand-Est","68","Haut-Rhin","02D","Encombrants","02Z","Non précisé",335.37083
2017,44,"Grand-Est","68","Haut-Rhin","02E","Déblais et gravats","02A","Valorisation matière",43805.93249
2017,44,"Grand-Est","68","Haut-Rhin","02E","Déblais et gravats","02F","Stockage pour inertes",550.25774
2017,44,"Grand-Est","68","Haut-Rhin","02E","Déblais et gravats","02Z","Non précisé",129.79
2017,44,"Grand-Est","68","Haut-Rhin","02F","DEEE","02A","Valorisation matière",5141.96256
2017,44,"Grand-Est","68","Haut-Rhin","02Z","Autres déchets","02A","Valorisation matière",59.55896
2017,44,"Grand-Est","68","Haut-Rhin","02Z","Autres déchets","02B","Incinération avec récupération d'énergie",12.545
2017,44,"Grand-Est","68","Haut-Rhin","02Z","Autres déchets","02Z","Non précisé",11.48
2017,44,"Grand-Est","88","Vosges","02A","Déchets dangereux","02A","Valorisation matière",245.80274
2017,44,"Grand-Est","88","Vosges","02A","Déchets dangereux","02B","Incinération avec récupération d'énergie",160.81873
2017,44,"Grand-Est","88","Vosges","02A","Déchets dangereux","02D","Stockage",83.4
2017,44,"Grand-Est","88","Vosges","02A","Déchets dangereux","02Z","Non précisé",13.84048
2017,44,"Grand-Est","88","Vosges","02B","Matériaux recyclables","02A","Valorisation matière",9191.53407
2017,44,"Grand-Est","88","Vosges","02B","Matériaux recyclables","02B","Incinération avec récupération d'énergie",6891.99903
2017,44,"Grand-Est","88","Vosges","02B","Matériaux recyclables","02Z","Non précisé",30.43045
2017,44,"Grand-Est","88","Vosges","02C","Déchets verts","02A","Valorisation matière",47.57405
2017,44,"Grand-Est","88","Vosges","02C","Déchets verts","02E","Valorisation organique",15957.65891
2017,44,"Grand-Est","88","Vosges","02D","Encombrants","02A","Valorisation matière",7296.36117
2017,44,"Grand-Est","88","Vosges","02D","Encombrants","02B","Incinération avec récupération d'énergie",10406.11345
2017,44,"Grand-Est","88","Vosges","02D","Encombrants","02D","Stockage",130.06106
2017,44,"Grand-Est","88","Vosges","02D","Encombrants","02Z","Non précisé",6.08664
2017,44,"Grand-Est","88","Vosges","02E","Déblais et gravats","02A","Valorisation matière",3212.26377
2017,44,"Grand-Est","88","Vosges","02E","Déblais et gravats","02F","Stockage pour inertes",11547.14777
2017,44,"Grand-Est","88","Vosges","02E","Déblais et gravats","02Z","Non précisé",842.77091
2017,44,"Grand-Est","88","Vosges","02F","DEEE","02A","Valorisation matière",2690.69634
2017,44,"Grand-Est","88","Vosges","02F","DEEE","02Z","Non précisé",272.95
2017,44,"Grand-Est","88","Vosges","02Z","Autres déchets","02A","Valorisation matière",0.03135
2017,44,"Grand-Est","88","Vosges","02Z","Autres déchets","02B","Incinération avec récupération d'énergie",88.11969
2017,44,"Grand-Est","88","Vosges","02Z","Autres déchets","02Z","Non précisé",14717.4737
2017,32,"Hauts-de-France","02","Aisne","02A","Déchets dangereux","02A","Valorisation matière",437.04017
2017,32,"Hauts-de-France","02","Aisne","02A","Déchets dangereux","02B","Incinération avec récupération d'énergie",17.98505
2017,32,"Hauts-de-France","02","Aisne","02A","Déchets dangereux","02C","Incinération sans récupération d'énergie",185.35109
2017,32,"Hauts-de-France","02","Aisne","02A","Déchets dangereux","02D","Stockage",0.00264
2017,32,"Hauts-de-France","02","Aisne","02A","Déchets dangereux","02Z","Non précisé",344.70779
2017,32,"Hauts-de-France","02","Aisne","02B","Matériaux recyclables","02A","Valorisation matière",18495.47794
2017,32,"Hauts-de-France","02","Aisne","02B","Matériaux recyclables","02C","Incinération sans récupération d'énergie",0.949
2017,32,"Hauts-de-France","02","Aisne","02B","Matériaux recyclables","02E","Valorisation organique",1429.78561
2017,32,"Hauts-de-France","02","Aisne","02B","Matériaux recyclables","02Z","Non précisé",843.64125
2017,32,"Hauts-de-France","02","Aisne","02C","Déchets verts","02A","Valorisation matière",6290.2264
2017,32,"Hauts-de-France","02","Aisne","02C","Déchets verts","02E","Valorisation organique",26950.55343
2017,32,"Hauts-de-France","02","Aisne","02D","Encombrants","02A","Valorisation matière",6094.14248
2017,32,"Hauts-de-France","02","Aisne","02D","Encombrants","02B","Incinération avec récupération d'énergie",822.42407
2017,32,"Hauts-de-France","02","Aisne","02D","Encombrants","02D","Stockage",35848.25323
2017,32,"Hauts-de-France","02","Aisne","02D","Encombrants","02Z","Non précisé",624.4939
2017,32,"Hauts-de-France","02","Aisne","02E","Déblais et gravats","02A","Valorisation matière",20051.6921
2017,32,"Hauts-de-France","02","Aisne","02E","Déblais et gravats","02D","Stockage",7318.097
2017,32,"Hauts-de-France","02","Aisne","02E","Déblais et gravats","02F","Stockage pour inertes",563.033
2017,32,"Hauts-de-France","02","Aisne","02E","Déblais et gravats","02Z","Non précisé",502.52
2017,32,"Hauts-de-France","02","Aisne","02F","DEEE","02A","Valorisation matière",2829.603
2017,32,"Hauts-de-France","02","Aisne","02F","DEEE","02Z","Non précisé",523
2017,32,"Hauts-de-France","02","Aisne","02Z","Autres déchets","02A","Valorisation matière",483.54773
2017,32,"Hauts-de-France","02","Aisne","02Z","Autres déchets","02B","Incinération avec récupération d'énergie",0.243
2017,32,"Hauts-de-France","02","Aisne","02Z","Autres déchets","02Z","Non précisé",0.00036
2017,32,"Hauts-de-France","59","Nord","02A","Déchets dangereux","02A","Valorisation matière",3916.81563
2017,32,"Hauts-de-France","59","Nord","02A","Déchets dangereux","02B","Incinération avec récupération d'énergie",133.01487
2017,32,"Hauts-de-France","59","Nord","02A","Déchets dangereux","02C","Incinération sans récupération d'énergie",800.59893
2017,32,"Hauts-de-France","59","Nord","02A","Déchets dangereux","02D","Stockage",2741.27911
2017,32,"Hauts-de-France","59","Nord","02A","Déchets dangereux","02Z","Non précisé",639.84491
2017,32,"Hauts-de-France","59","Nord","02B","Matériaux recyclables","02A","Valorisation matière",46836.15453
2017,32,"Hauts-de-France","59","Nord","02B","Matériaux recyclables","02B","Incinération avec récupération d'énergie",23408.62
2017,32,"Hauts-de-France","59","Nord","02B","Matériaux recyclables","02C","Incinération sans récupération d'énergie",3.03297
2017,32,"Hauts-de-France","59","Nord","02B","Matériaux recyclables","02E","Valorisation organique",8655.57
2017,32,"Hauts-de-France","59","Nord","02B","Matériaux recyclables","02Z","Non précisé",24.448
2017,32,"Hauts-de-France","59","Nord","02C","Déchets verts","02A","Valorisation matière",6954.68458
2017,32,"Hauts-de-France","59","Nord","02C","Déchets verts","02E","Valorisation organique",89465.09
2017,32,"Hauts-de-France","59","Nord","02D","Encombrants","02A","Valorisation matière",32123.24844
2017,32,"Hauts-de-France","59","Nord","02D","Encombrants","02B","Incinération avec récupération d'énergie",68185.74811
2017,32,"Hauts-de-France","59","Nord","02D","Encombrants","02D","Stockage",20926.84
2017,32,"Hauts-de-France","59","Nord","02D","Encombrants","02Z","Non précisé",10086.21
2017,32,"Hauts-de-France","59","Nord","02E","Déblais et gravats","02A","Valorisation matière",121397.8843
2017,32,"Hauts-de-France","59","Nord","02E","Déblais et gravats","02D","Stockage",9377.96
2017,32,"Hauts-de-France","59","Nord","02E","Déblais et gravats","02E","Valorisation organique",13374
2017,32,"Hauts-de-France","59","Nord","02E","Déblais et gravats","02F","Stockage pour inertes",42738
2017,32,"Hauts-de-France","59","Nord","02E","Déblais et gravats","02Z","Non précisé",294
2017,32,"Hauts-de-France","59","Nord","02F","DEEE","02A","Valorisation matière",10826.7004
2017,32,"Hauts-de-France","59","Nord","02F","DEEE","02Z","Non précisé",312.16
2017,32,"Hauts-de-France","59","Nord","02Z","Autres déchets","02A","Valorisation matière",8527.54939
2017,32,"Hauts-de-France","59","Nord","02Z","Autres déchets","02D","Stockage",2307.39
2017,32,"Hauts-de-France","59","Nord","02Z","Autres déchets","02E","Valorisation organique",3.2
2017,32,"Hauts-de-France","60","Oise","02A","Déchets dangereux","02A","Valorisation matière",598.16161
2017,32,"Hauts-de-France","60","Oise","02A","Déchets dangereux","02B","Incinération avec récupération d'énergie",84
2017,32,"Hauts-de-France","60","Oise","02A","Déchets dangereux","02C","Incinération sans récupération d'énergie",63
2017,32,"Hauts-de-France","60","Oise","02A","Déchets dangereux","02D","Stockage",59.44
2017,32,"Hauts-de-France","60","Oise","02A","Déchets dangereux","02Z","Non précisé",1906.86603
2017,32,"Hauts-de-France","60","Oise","02B","Matériaux recyclables","02A","Valorisation matière",6791.8624
2017,32,"Hauts-de-France","60","Oise","02B","Matériaux recyclables","02E","Valorisation organique",1876.72
2017,32,"Hauts-de-France","60","Oise","02B","Matériaux recyclables","02Z","Non précisé",7888.44002
2017,32,"Hauts-de-France","60","Oise","02C","Déchets verts","02E","Valorisation organique",15848.97364
2017,32,"Hauts-de-France","60","Oise","02C","Déchets verts","02Z","Non précisé",34614.1
2017,32,"Hauts-de-France","60","Oise","02D","Encombrants","02A","Valorisation matière",6175.67317
2017,32,"Hauts-de-France","60","Oise","02D","Encombrants","02B","Incinération avec récupération d'énergie",23.56994
2017,32,"Hauts-de-France","60","Oise","02D","Encombrants","02D","Stockage",13259.04
2017,32,"Hauts-de-France","60","Oise","02D","Encombrants","02Z","Non précisé",55854.65
2017,32,"Hauts-de-France","60","Oise","02E","Déblais et gravats","02A","Valorisation matière",10431.42819
2017,32,"Hauts-de-France","60","Oise","02E","Déblais et gravats","02D","Stockage",2278
2017,32,"Hauts-de-France","60","Oise","02E","Déblais et gravats","02F","Stockage pour inertes",4717
2017,32,"Hauts-de-France","60","Oise","02E","Déblais et gravats","02Z","Non précisé",32718.38
2017,32,"Hauts-de-France","60","Oise","02F","DEEE","02A","Valorisation matière",1483.9018
2017,32,"Hauts-de-France","60","Oise","02F","DEEE","02Z","Non précisé",4015.97
2017,32,"Hauts-de-France","60","Oise","02Z","Autres déchets","02A","Valorisation matière",236.81551
2017,32,"Hauts-de-France","62","Pas-de-Calais","02A","Déchets dangereux","02A","Valorisation matière",941.38353
2017,32,"Hauts-de-France","62","Pas-de-Calais","02A","Déchets dangereux","02B","Incinération avec récupération d'énergie",761.05029
2017,32,"Hauts-de-France","62","Pas-de-Calais","02A","Déchets dangereux","02C","Incinération sans récupération d'énergie",158.49807
2017,32,"Hauts-de-France","62","Pas-de-Calais","02A","Déchets dangereux","02D","Stockage",1128.18189
2017,32,"Hauts-de-France","62","Pas-de-Calais","02A","Déchets dangereux","02Z","Non précisé",911.8951
2017,32,"Hauts-de-France","62","Pas-de-Calais","02B","Matériaux recyclables","02A","Valorisation matière",31982.77491
2017,32,"Hauts-de-France","62","Pas-de-Calais","02B","Matériaux recyclables","02B","Incinération avec récupération d'énergie",3662.19447
2017,32,"Hauts-de-France","62","Pas-de-Calais","02B","Matériaux recyclables","02C","Incinération sans récupération d'énergie",0.53503
2017,32,"Hauts-de-France","62","Pas-de-Calais","02B","Matériaux recyclables","02E","Valorisation organique",6350
2017,32,"Hauts-de-France","62","Pas-de-Calais","02B","Matériaux recyclables","02Z","Non précisé",2151.42
2017,32,"Hauts-de-France","62","Pas-de-Calais","02C","Déchets verts","02A","Valorisation matière",6342.16906
2017,32,"Hauts-de-France","62","Pas-de-Calais","02C","Déchets verts","02E","Valorisation organique",156456.85
2017,32,"Hauts-de-France","62","Pas-de-Calais","02D","Encombrants","02A","Valorisation matière",45924.48172
2017,32,"Hauts-de-France","62","Pas-de-Calais","02D","Encombrants","02B","Incinération avec récupération d'énergie",17723.54188
2017,32,"Hauts-de-France","62","Pas-de-Calais","02D","Encombrants","02D","Stockage",26618.17192
2017,32,"Hauts-de-France","62","Pas-de-Calais","02D","Encombrants","02Z","Non précisé",7334.75
2017,32,"Hauts-de-France","62","Pas-de-Calais","02E","Déblais et gravats","02A","Valorisation matière",73790.48779
2017,32,"Hauts-de-France","62","Pas-de-Calais","02E","Déblais et gravats","02F","Stockage pour inertes",16174.934
2017,32,"Hauts-de-France","62","Pas-de-Calais","02E","Déblais et gravats","02Z","Non précisé",5772.396
2017,32,"Hauts-de-France","62","Pas-de-Calais","02F","DEEE","02A","Valorisation matière",7576.1062
2017,32,"Hauts-de-France","62","Pas-de-Calais","02Z","Autres déchets","02A","Valorisation matière",41.09342
2017,32,"Hauts-de-France","62","Pas-de-Calais","02Z","Autres déchets","02B","Incinération avec récupération d'énergie",16.67
2017,32,"Hauts-de-France","62","Pas-de-Calais","02Z","Autres déchets","02Z","Non précisé",63.91378
2017,32,"Hauts-de-France","80","Somme","02A","Déchets dangereux","02A","Valorisation matière",261.86485
2017,32,"Hauts-de-France","80","Somme","02A","Déchets dangereux","02B","Incinération avec récupération d'énergie",220.45084
2017,32,"Hauts-de-France","80","Somme","02A","Déchets dangereux","02C","Incinération sans récupération d'énergie",86.525
2017,32,"Hauts-de-France","80","Somme","02A","Déchets dangereux","02D","Stockage",175.25815
2017,32,"Hauts-de-France","80","Somme","02A","Déchets dangereux","02F","Stockage pour inertes",398.926
2017,32,"Hauts-de-France","80","Somme","02A","Déchets dangereux","02Z","Non précisé",216.288
2017,32,"Hauts-de-France","80","Somme","02B","Matériaux recyclables","02A","Valorisation matière",14794.25447
2017,32,"Hauts-de-France","80","Somme","02B","Matériaux recyclables","02B","Incinération avec récupération d'énergie",36.36678
2017,32,"Hauts-de-France","80","Somme","02B","Matériaux recyclables","02C","Incinération sans récupération d'énergie",1.231
2017,32,"Hauts-de-France","80","Somme","02B","Matériaux recyclables","02D","Stockage",964.55895
2017,32,"Hauts-de-France","80","Somme","02B","Matériaux recyclables","02E","Valorisation organique",881.93
2017,32,"Hauts-de-France","80","Somme","02B","Matériaux recyclables","02Z","Non précisé",3.223
2017,32,"Hauts-de-France","80","Somme","02C","Déchets verts","02A","Valorisation matière",241.52631
2017,32,"Hauts-de-France","80","Somme","02C","Déchets verts","02E","Valorisation organique",40928.1031
2017,32,"Hauts-de-France","80","Somme","02D","Encombrants","02A","Valorisation matière",5663.81389
2017,32,"Hauts-de-France","80","Somme","02D","Encombrants","02D","Stockage",39929.21379
2017,32,"Hauts-de-France","80","Somme","02D","Encombrants","02Z","Non précisé",43.6
2017,32,"Hauts-de-France","80","Somme","02E","Déblais et gravats","02A","Valorisation matière",16505.35629
2017,32,"Hauts-de-France","80","Somme","02E","Déblais et gravats","02D","Stockage",5919.66376
2017,32,"Hauts-de-France","80","Somme","02E","Déblais et gravats","02F","Stockage pour inertes",14536.16
2017,32,"Hauts-de-France","80","Somme","02E","Déblais et gravats","02Z","Non précisé",463.46
2017,32,"Hauts-de-France","80","Somme","02F","DEEE","02A","Valorisation matière",2268.92012
2017,32,"Hauts-de-France","80","Somme","02Z","Autres déchets","02A","Valorisation matière",5.80457
2017,32,"Hauts-de-France","80","Somme","02Z","Autres déchets","02C","Incinération sans récupération d'énergie",5.606
2017,32,"Hauts-de-France","80","Somme","02Z","Autres déchets","02Z","Non précisé",0.20922
2017,11,"Ile-de-France","75","Paris","02A","Déchets dangereux","02A","Valorisation matière",13.15995
2017,11,"Ile-de-France","75","Paris","02A","Déchets dangereux","02Z","Non précisé",58.65759
2017,11,"Ile-de-France","75","Paris","02B","Matériaux recyclables","02A","Valorisation matière",690.62052
2017,11,"Ile-de-France","75","Paris","02B","Matériaux recyclables","02Z","Non précisé",5.52939
2017,11,"Ile-de-France","75","Paris","02C","Déchets verts","02E","Valorisation organique",187.49232
2017,11,"Ile-de-France","75","Paris","02D","Encombrants","02A","Valorisation matière",1978.30434
2017,11,"Ile-de-France","75","Paris","02D","Encombrants","02B","Incinération avec récupération d'énergie",625.28159
2017,11,"Ile-de-France","75","Paris","02E","Déblais et gravats","02F","Stockage pour inertes",2391.46019
2017,11,"Ile-de-France","75","Paris","02F","DEEE","02A","Valorisation matière",135.60823
2017,11,"Ile-de-France","77","Seine-et-Marne","02A","Déchets dangereux","02A","Valorisation matière",440.86306
2017,11,"Ile-de-France","77","Seine-et-Marne","02A","Déchets dangereux","02B","Incinération avec récupération d'énergie",17.48997
2017,11,"Ile-de-France","77","Seine-et-Marne","02A","Déchets dangereux","02Z","Non précisé",1442.03535
2017,11,"Ile-de-France","77","Seine-et-Marne","02B","Matériaux recyclables","02A","Valorisation matière",9384.13361
2017,11,"Ile-de-France","77","Seine-et-Marne","02B","Matériaux recyclables","02E","Valorisation organique",2958.46502
2017,11,"Ile-de-France","77","Seine-et-Marne","02B","Matériaux recyclables","02Z","Non précisé",94.20132
2017,11,"Ile-de-France","77","Seine-et-Marne","02C","Déchets verts","02E","Valorisation organique",36489.85293
2017,11,"Ile-de-France","77","Seine-et-Marne","02D","Encombrants","02A","Valorisation matière",4487.84417
2017,11,"Ile-de-France","77","Seine-et-Marne","02D","Encombrants","02B","Incinération avec récupération d'énergie",26041.65695
2017,11,"Ile-de-France","77","Seine-et-Marne","02D","Encombrants","02D","Stockage",46261.5367
2017,11,"Ile-de-France","77","Seine-et-Marne","02D","Encombrants","02Z","Non précisé",0.00211
2017,11,"Ile-de-France","77","Seine-et-Marne","02E","Déblais et gravats","02A","Valorisation matière",7763.45629
2017,11,"Ile-de-France","77","Seine-et-Marne","02E","Déblais et gravats","02D","Stockage",14193.86857
2017,11,"Ile-de-France","77","Seine-et-Marne","02E","Déblais et gravats","02F","Stockage pour inertes",24004.07685
2017,11,"Ile-de-France","77","Seine-et-Marne","02F","DEEE","02A","Valorisation matière",3264.9265
2017,11,"Ile-de-France","77","Seine-et-Marne","02F","DEEE","02Z","Non précisé",25.63239
2017,11,"Ile-de-France","77","Seine-et-Marne","02Z","Autres déchets","02A","Valorisation matière",0.0139
2017,11,"Ile-de-France","77","Seine-et-Marne","02Z","Autres déchets","02Z","Non précisé",0.13227
2017,11,"Ile-de-France","78","Yvelines","02A","Déchets dangereux","02A","Valorisation matière",433.54014
2017,11,"Ile-de-France","78","Yvelines","02A","Déchets dangereux","02B","Incinération avec récupération d'énergie",0.30736
2017,11,"Ile-de-France","78","Yvelines","02A","Déchets dangereux","02C","Incinération sans récupération d'énergie",128.24133
2017,11,"Ile-de-France","78","Yvelines","02A","Déchets dangereux","02Z","Non précisé",766.86346
2017,11,"Ile-de-France","78","Yvelines","02B","Matériaux recyclables","02A","Valorisation matière",14961.93601
2017,11,"Ile-de-France","78","Yvelines","02B","Matériaux recyclables","02B","Incinération avec récupération d'énergie",974.42168
2017,11,"Ile-de-France","78","Yvelines","02B","Matériaux recyclables","02E","Valorisation organique",662.04
2017,11,"Ile-de-France","78","Yvelines","02B","Matériaux recyclables","02Z","Non précisé",183.68136
2017,11,"Ile-de-France","78","Yvelines","02C","Déchets verts","02E","Valorisation organique",28400.00029
2017,11,"Ile-de-France","78","Yvelines","02D","Encombrants","02A","Valorisation matière",23688.60866
2017,11,"Ile-de-France","78","Yvelines","02D","Encombrants","02B","Incinération avec récupération d'énergie",10514.99379
2017,11,"Ile-de-France","78","Yvelines","02D","Encombrants","02D","Stockage",25678.65896
2017,11,"Ile-de-France","78","Yvelines","02D","Encombrants","02Z","Non précisé",946.52366
2017,11,"Ile-de-France","78","Yvelines","02E","Déblais et gravats","02A","Valorisation matière",13611.9256
2017,11,"Ile-de-France","78","Yvelines","02E","Déblais et gravats","02D","Stockage",449.67962
2017,11,"Ile-de-France","78","Yvelines","02E","Déblais et gravats","02F","Stockage pour inertes",32958.48258
2017,11,"Ile-de-France","78","Yvelines","02F","DEEE","02A","Valorisation matière",2961.96646
2017,11,"Ile-de-France","91","Essonne","02A","Déchets dangereux","02A","Valorisation matière",650.41893
2017,11,"Ile-de-France","91","Essonne","02A","Déchets dangereux","02B","Incinération avec récupération d'énergie",0.13185
2017,11,"Ile-de-France","91","Essonne","02A","Déchets dangereux","02C","Incinération sans récupération d'énergie",7.54156
2017,11,"Ile-de-France","91","Essonne","02A","Déchets dangereux","02Z","Non précisé",189.75504
2017,11,"Ile-de-France","91","Essonne","02B","Matériaux recyclables","02A","Valorisation matière",9280.54964
2017,11,"Ile-de-France","91","Essonne","02B","Matériaux recyclables","02Z","Non précisé",161.61369
2017,11,"Ile-de-France","91","Essonne","02C","Déchets verts","02E","Valorisation organique",25836.30276
2017,11,"Ile-de-France","91","Essonne","02D","Encombrants","02A","Valorisation matière",23184.34831
2017,11,"Ile-de-France","91","Essonne","02D","Encombrants","02B","Incinération avec récupération d'énergie",9972.29969
2017,11,"Ile-de-France","91","Essonne","02D","Encombrants","02D","Stockage",38741.70662
2017,11,"Ile-de-France","91","Essonne","02D","Encombrants","02Z","Non précisé",58.11901
2017,11,"Ile-de-France","91","Essonne","02E","Déblais et gravats","02A","Valorisation matière",23536.64427
2017,11,"Ile-de-France","91","Essonne","02E","Déblais et gravats","02D","Stockage",4602.07333
2017,11,"Ile-de-France","91","Essonne","02E","Déblais et gravats","02F","Stockage pour inertes",11382.30731
2017,11,"Ile-de-France","91","Essonne","02F","DEEE","02A","Valorisation matière",2896.99728
2017,11,"Ile-de-France","91","Essonne","02F","DEEE","02Z","Non précisé",30.13404
2017,11,"Ile-de-France","91","Essonne","02Z","Autres déchets","02Z","Non précisé",0.15551
2017,11,"Ile-de-France","92","Hauts-de-seine","02A","Déchets dangereux","02A","Valorisation matière",20.6008
2017,11,"Ile-de-France","92","Hauts-de-seine","02A","Déchets dangereux","02B","Incinération avec récupération d'énergie",0.685
2017,11,"Ile-de-France","92","Hauts-de-seine","02A","Déchets dangereux","02Z","Non précisé",290.15057
2017,11,"Ile-de-France","92","Hauts-de-seine","02B","Matériaux recyclables","02A","Valorisation matière",3242.43498
2017,11,"Ile-de-France","92","Hauts-de-seine","02B","Matériaux recyclables","02Z","Non précisé",3.4533
2017,11,"Ile-de-France","92","Hauts-de-seine","02C","Déchets verts","02E","Valorisation organique",2271.21017
2017,11,"Ile-de-France","92","Hauts-de-seine","02D","Encombrants","02A","Valorisation matière",14599.31446
2017,11,"Ile-de-France","92","Hauts-de-seine","02D","Encombrants","02B","Incinération avec récupération d'énergie",1700.32663
2017,11,"Ile-de-France","92","Hauts-de-seine","02E","Déblais et gravats","02A","Valorisation matière",5662.25275
2017,11,"Ile-de-France","92","Hauts-de-seine","02E","Déblais et gravats","02F","Stockage pour inertes",3877.24077
2017,11,"Ile-de-France","92","Hauts-de-seine","02F","DEEE","02A","Valorisation matière",771.70991
2017,11,"Ile-de-France","93","Seine-Saint-Denis","02A","Déchets dangereux","02A","Valorisation matière",511.27867
2017,11,"Ile-de-France","93","Seine-Saint-Denis","02A","Déchets dangereux","02Z","Non précisé",507.5744
2017,11,"Ile-de-France","93","Seine-Saint-Denis","02B","Matériaux recyclables","02A","Valorisation matière",8719.09879
2017,11,"Ile-de-France","93","Seine-Saint-Denis","02B","Matériaux recyclables","02E","Valorisation organique",547.71499
2017,11,"Ile-de-France","93","Seine-Saint-Denis","02B","Matériaux recyclables","02Z","Non précisé",614.1154
2017,11,"Ile-de-France","93","Seine-Saint-Denis","02C","Déchets verts","02E","Valorisation organique",8212.75413
2017,11,"Ile-de-France","93","Seine-Saint-Denis","02D","Encombrants","02A","Valorisation matière",35406.54188
2017,11,"Ile-de-France","93","Seine-Saint-Denis","02D","Encombrants","02B","Incinération avec récupération d'énergie",29118.14471
2017,11,"Ile-de-France","93","Seine-Saint-Denis","02D","Encombrants","02D","Stockage",8551.45657
2017,11,"Ile-de-France","93","Seine-Saint-Denis","02E","Déblais et gravats","02A","Valorisation matière",4410.57
2017,11,"Ile-de-France","93","Seine-Saint-Denis","02E","Déblais et gravats","02D","Stockage",2274
2017,11,"Ile-de-France","93","Seine-Saint-Denis","02E","Déblais et gravats","02F","Stockage pour inertes",37164.08006
2017,11,"Ile-de-France","93","Seine-Saint-Denis","02F","DEEE","02A","Valorisation matière",1087.22175
2017,11,"Ile-de-France","93","Seine-Saint-Denis","02F","DEEE","02Z","Non précisé",19.88
2017,11,"Ile-de-France","94","Val-de-Marne","02A","Déchets dangereux","02A","Valorisation matière",249.38825
2017,11,"Ile-de-France","94","Val-de-Marne","02A","Déchets dangereux","02B","Incinération avec récupération d'énergie",0.638
2017,11,"Ile-de-France","94","Val-de-Marne","02A","Déchets dangereux","02Z","Non précisé",358.21171
2017,11,"Ile-de-France","94","Val-de-Marne","02B","Matériaux recyclables","02A","Valorisation matière",4783.55531
2017,11,"Ile-de-France","94","Val-de-Marne","02B","Matériaux recyclables","02Z","Non précisé",43.44555
2017,11,"Ile-de-France","94","Val-de-Marne","02C","Déchets verts","02E","Valorisation organique",3727.69286
2017,11,"Ile-de-France","94","Val-de-Marne","02D","Encombrants","02A","Valorisation matière",15044.95734
2017,11,"Ile-de-France","94","Val-de-Marne","02D","Encombrants","02B","Incinération avec récupération d'énergie",8251.31467
2017,11,"Ile-de-France","94","Val-de-Marne","02D","Encombrants","02D","Stockage",6953.65
2017,11,"Ile-de-France","94","Val-de-Marne","02E","Déblais et gravats","02A","Valorisation matière",10976.76686
2017,11,"Ile-de-France","94","Val-de-Marne","02E","Déblais et gravats","02D","Stockage",4585.47
2017,11,"Ile-de-France","94","Val-de-Marne","02E","Déblais et gravats","02F","Stockage pour inertes",2618.71691
2017,11,"Ile-de-France","94","Val-de-Marne","02F","DEEE","02A","Valorisation matière",959.11442
2017,11,"Ile-de-France","94","Val-de-Marne","02Z","Autres déchets","02A","Valorisation matière",1843.51
2017,11,"Ile-de-France","95","Val-d'Oise","02A","Déchets dangereux","02A","Valorisation matière",387.46313
2017,11,"Ile-de-France","95","Val-d'Oise","02A","Déchets dangereux","02B","Incinération avec récupération d'énergie",0.28518
2017,11,"Ile-de-France","95","Val-d'Oise","02A","Déchets dangereux","02Z","Non précisé",872.2935
2017,11,"Ile-de-France","95","Val-d'Oise","02B","Matériaux recyclables","02A","Valorisation matière",8105.42469
2017,11,"Ile-de-France","95","Val-d'Oise","02B","Matériaux recyclables","02B","Incinération avec récupération d'énergie",921.62833
2017,11,"Ile-de-France","95","Val-d'Oise","02C","Déchets verts","02E","Valorisation organique",18948.24371
2017,11,"Ile-de-France","95","Val-d'Oise","02D","Encombrants","02A","Valorisation matière",28007.22309
2017,11,"Ile-de-France","95","Val-d'Oise","02D","Encombrants","02B","Incinération avec récupération d'énergie",16751.56345
2017,11,"Ile-de-France","95","Val-d'Oise","02D","Encombrants","02D","Stockage",18670.07084
2017,11,"Ile-de-France","95","Val-d'Oise","02D","Encombrants","02Z","Non précisé",92.1
2017,11,"Ile-de-France","95","Val-d'Oise","02E","Déblais et gravats","02A","Valorisation matière",11486.64
2017,11,"Ile-de-France","95","Val-d'Oise","02E","Déblais et gravats","02D","Stockage",16008.39307
2017,11,"Ile-de-France","95","Val-d'Oise","02E","Déblais et gravats","02F","Stockage pour inertes",22072.021
2017,11,"Ile-de-France","95","Val-d'Oise","02F","DEEE","02A","Valorisation matière",2314.88867
2017,28,"Normandie","14","Calvados","02A","Déchets dangereux","02A","Valorisation matière",1164.90901
2017,28,"Normandie","14","Calvados","02A","Déchets dangereux","02B","Incinération avec récupération d'énergie",59.852
2017,28,"Normandie","14","Calvados","02A","Déchets dangereux","02C","Incinération sans récupération d'énergie",61.788
2017,28,"Normandie","14","Calvados","02A","Déchets dangereux","02D","Stockage",270.33
2017,28,"Normandie","14","Calvados","02A","Déchets dangereux","02F","Stockage pour inertes",76
2017,28,"Normandie","14","Calvados","02A","Déchets dangereux","02Z","Non précisé",3.01699
2017,28,"Normandie","14","Calvados","02B","Matériaux recyclables","02A","Valorisation matière",12772.62173
2017,28,"Normandie","14","Calvados","02B","Matériaux recyclables","02B","Incinération avec récupération d'énergie",11854.9159
2017,28,"Normandie","14","Calvados","02C","Déchets verts","02B","Incinération avec récupération d'énergie",3660.55
2017,28,"Normandie","14","Calvados","02C","Déchets verts","02E","Valorisation organique",74840.52596
2017,28,"Normandie","14","Calvados","02D","Encombrants","02A","Valorisation matière",5628.75703
2017,28,"Normandie","14","Calvados","02D","Encombrants","02B","Incinération avec récupération d'énergie",1076.32
2017,28,"Normandie","14","Calvados","02D","Encombrants","02D","Stockage",49539.70833
2017,28,"Normandie","14","Calvados","02E","Déblais et gravats","02A","Valorisation matière",10734.16321
2017,28,"Normandie","14","Calvados","02E","Déblais et gravats","02F","Stockage pour inertes",43242.26707
2017,28,"Normandie","14","Calvados","02F","DEEE","02A","Valorisation matière",5236.28936
2017,28,"Normandie","14","Calvados","02Z","Autres déchets","02A","Valorisation matière",39.55423
2017,28,"Normandie","14","Calvados","02Z","Autres déchets","02B","Incinération avec récupération d'énergie",3.4
2017,28,"Normandie","14","Calvados","02Z","Autres déchets","02D","Stockage",432.64
2017,28,"Normandie","27","Eure","02A","Déchets dangereux","02A","Valorisation matière",848.90553
2017,28,"Normandie","27","Eure","02A","Déchets dangereux","02B","Incinération avec récupération d'énergie",36.753
2017,28,"Normandie","27","Eure","02A","Déchets dangereux","02C","Incinération sans récupération d'énergie",219.91732
2017,28,"Normandie","27","Eure","02A","Déchets dangereux","02D","Stockage",124.24847
2017,28,"Normandie","27","Eure","02A","Déchets dangereux","02F","Stockage pour inertes",187.35479
2017,28,"Normandie","27","Eure","02A","Déchets dangereux","02Z","Non précisé",23.5772
2017,28,"Normandie","27","Eure","02B","Matériaux recyclables","02A","Valorisation matière",13619.04018
2017,28,"Normandie","27","Eure","02B","Matériaux recyclables","02B","Incinération avec récupération d'énergie",9937.58887
2017,28,"Normandie","27","Eure","02B","Matériaux recyclables","02E","Valorisation organique",48.4832
2017,28,"Normandie","27","Eure","02C","Déchets verts","02E","Valorisation organique",60875.31208
2017,28,"Normandie","27","Eure","02D","Encombrants","02A","Valorisation matière",6445.6714
2017,28,"Normandie","27","Eure","02D","Encombrants","02B","Incinération avec récupération d'énergie",10049.99701
2017,28,"Normandie","27","Eure","02D","Encombrants","02D","Stockage",17722.06891
2017,28,"Normandie","27","Eure","02E","Déblais et gravats","02A","Valorisation matière",23251.02102
2017,28,"Normandie","27","Eure","02E","Déblais et gravats","02F","Stockage pour inertes",17831.4024
2017,28,"Normandie","27","Eure","02F","DEEE","02A","Valorisation matière",4776.603
2017,28,"Normandie","27","Eure","02Z","Autres déchets","02A","Valorisation matière",20.12337
2017,28,"Normandie","50","Manche","02A","Déchets dangereux","02A","Valorisation matière",836.75301
2017,28,"Normandie","50","Manche","02A","Déchets dangereux","02B","Incinération avec récupération d'énergie",95.743
2017,28,"Normandie","50","Manche","02A","Déchets dangereux","02D","Stockage",188.87
2017,28,"Normandie","50","Manche","02A","Déchets dangereux","02F","Stockage pour inertes",75.88
2017,28,"Normandie","50","Manche","02A","Déchets dangereux","02Z","Non précisé",129.507
2017,28,"Normandie","50","Manche","02B","Matériaux recyclables","02A","Valorisation matière",13339.778
2017,28,"Normandie","50","Manche","02B","Matériaux recyclables","02B","Incinération avec récupération d'énergie",5523.84
2017,28,"Normandie","50","Manche","02B","Matériaux recyclables","02E","Valorisation organique",1638.55
2017,28,"Normandie","50","Manche","02C","Déchets verts","02E","Valorisation organique",78373.07001
2017,28,"Normandie","50","Manche","02D","Encombrants","02A","Valorisation matière",3258.385
2017,28,"Normandie","50","Manche","02D","Encombrants","02D","Stockage",45065.45999
2017,28,"Normandie","50","Manche","02E","Déblais et gravats","02A","Valorisation matière",7186.75
2017,28,"Normandie","50","Manche","02E","Déblais et gravats","02D","Stockage",7876.67
2017,28,"Normandie","50","Manche","02E","Déblais et gravats","02F","Stockage pour inertes",18041.47
2017,28,"Normandie","50","Manche","02E","Déblais et gravats","02Z","Non précisé",182.26
2017,28,"Normandie","50","Manche","02F","DEEE","02A","Valorisation matière",4626.505
2017,28,"Normandie","50","Manche","02Z","Autres déchets","02A","Valorisation matière",36.682
2017,28,"Normandie","61","Orne","02A","Déchets dangereux","02A","Valorisation matière",443.3603
2017,28,"Normandie","61","Orne","02A","Déchets dangereux","02B","Incinération avec récupération d'énergie",71.352
2017,28,"Normandie","61","Orne","02A","Déchets dangereux","02D","Stockage",56.03805
2017,28,"Normandie","61","Orne","02A","Déchets dangereux","02Z","Non précisé",76.02673
2017,28,"Normandie","61","Orne","02B","Matériaux recyclables","02A","Valorisation matière",6348.64742
2017,28,"Normandie","61","Orne","02B","Matériaux recyclables","02B","Incinération avec récupération d'énergie",5535.80406
2017,28,"Normandie","61","Orne","02B","Matériaux recyclables","02D","Stockage",85.15
2017,28,"Normandie","61","Orne","02C","Déchets verts","02A","Valorisation matière",100
2017,28,"Normandie","61","Orne","02C","Déchets verts","02E","Valorisation organique",34961.62984
2017,28,"Normandie","61","Orne","02D","Encombrants","02A","Valorisation matière",1915.57671
2017,28,"Normandie","61","Orne","02D","Encombrants","02D","Stockage",22587.76404
2017,28,"Normandie","61","Orne","02E","Déblais et gravats","02A","Valorisation matière",6259.90738
2017,28,"Normandie","61","Orne","02E","Déblais et gravats","02D","Stockage",115.9
2017,28,"Normandie","61","Orne","02E","Déblais et gravats","02F","Stockage pour inertes",8623.57307
2017,28,"Normandie","61","Orne","02F","DEEE","02A","Valorisation matière",2508.35105
2017,28,"Normandie","61","Orne","02Z","Autres déchets","02A","Valorisation matière",13.59906
2017,28,"Normandie","76","Seine-Maritime","02A","Déchets dangereux","02A","Valorisation matière",1687.64145
2017,28,"Normandie","76","Seine-Maritime","02A","Déchets dangereux","02B","Incinération avec récupération d'énergie",355.438
2017,28,"Normandie","76","Seine-Maritime","02A","Déchets dangereux","02C","Incinération sans récupération d'énergie",0.21268
2017,28,"Normandie","76","Seine-Maritime","02A","Déchets dangereux","02D","Stockage",491.65085
2017,28,"Normandie","76","Seine-Maritime","02A","Déchets dangereux","02F","Stockage pour inertes",335.54522
2017,28,"Normandie","76","Seine-Maritime","02A","Déchets dangereux","02Z","Non précisé",37.7428
2017,28,"Normandie","76","Seine-Maritime","02B","Matériaux recyclables","02A","Valorisation matière",24426.61382
2017,28,"Normandie","76","Seine-Maritime","02B","Matériaux recyclables","02B","Incinération avec récupération d'énergie",3728.89787
2017,28,"Normandie","76","Seine-Maritime","02B","Matériaux recyclables","02D","Stockage",8.66105
2017,28,"Normandie","76","Seine-Maritime","02B","Matériaux recyclables","02E","Valorisation organique",3324.44
2017,28,"Normandie","76","Seine-Maritime","02C","Déchets verts","02A","Valorisation matière",365.96005
2017,28,"Normandie","76","Seine-Maritime","02C","Déchets verts","02E","Valorisation organique",127397.4512
2017,28,"Normandie","76","Seine-Maritime","02D","Encombrants","02A","Valorisation matière",14910.48245
2017,28,"Normandie","76","Seine-Maritime","02D","Encombrants","02B","Incinération avec récupération d'énergie",21455.57017
2017,28,"Normandie","76","Seine-Maritime","02D","Encombrants","02D","Stockage",51462.94817
2017,28,"Normandie","76","Seine-Maritime","02D","Encombrants","02F","Stockage pour inertes",1951.9
2017,28,"Normandie","76","Seine-Maritime","02E","Déblais et gravats","02A","Valorisation matière",13797.12574
2017,28,"Normandie","76","Seine-Maritime","02E","Déblais et gravats","02D","Stockage",8041.83623
2017,28,"Normandie","76","Seine-Maritime","02E","Déblais et gravats","02F","Stockage pour inertes",53397.54352
2017,28,"Normandie","76","Seine-Maritime","02F","DEEE","02A","Valorisation matière",7841.42558
2017,28,"Normandie","76","Seine-Maritime","02Z","Autres déchets","02A","Valorisation matière",41.81311
2017,28,"Normandie","76","Seine-Maritime","02Z","Autres déchets","02B","Incinération avec récupération d'énergie",6984.04
2017,75,"Nouvelle-Aquitaine","16","Charente","02A","Déchets dangereux","02A","Valorisation matière",674.45187
2017,75,"Nouvelle-Aquitaine","16","Charente","02A","Déchets dangereux","02B","Incinération avec récupération d'énergie",216.65546
2017,75,"Nouvelle-Aquitaine","16","Charente","02A","Déchets dangereux","02C","Incinération sans récupération d'énergie",228.69
2017,75,"Nouvelle-Aquitaine","16","Charente","02A","Déchets dangereux","02D","Stockage",13.68064
2017,75,"Nouvelle-Aquitaine","16","Charente","02A","Déchets dangereux","02Z","Non précisé",0.04075
2017,75,"Nouvelle-Aquitaine","16","Charente","02B","Matériaux recyclables","02A","Valorisation matière",16770.4374
2017,75,"Nouvelle-Aquitaine","16","Charente","02B","Matériaux recyclables","02B","Incinération avec récupération d'énergie",0.03249
2017,75,"Nouvelle-Aquitaine","16","Charente","02B","Matériaux recyclables","02Z","Non précisé",824.13654
2017,75,"Nouvelle-Aquitaine","16","Charente","02C","Déchets verts","02A","Valorisation matière",10536.591
2017,75,"Nouvelle-Aquitaine","16","Charente","02C","Déchets verts","02E","Valorisation organique",23238.20964
2017,75,"Nouvelle-Aquitaine","16","Charente","02D","Encombrants","02A","Valorisation matière",4615.86347
2017,75,"Nouvelle-Aquitaine","16","Charente","02D","Encombrants","02D","Stockage",18276.28626
2017,75,"Nouvelle-Aquitaine","16","Charente","02D","Encombrants","02Z","Non précisé",5.12394
2017,75,"Nouvelle-Aquitaine","16","Charente","02E","Déblais et gravats","02A","Valorisation matière",27629.24109
2017,75,"Nouvelle-Aquitaine","16","Charente","02E","Déblais et gravats","02D","Stockage",160.84
2017,75,"Nouvelle-Aquitaine","16","Charente","02E","Déblais et gravats","02F","Stockage pour inertes",25.92854
2017,75,"Nouvelle-Aquitaine","16","Charente","02E","Déblais et gravats","02Z","Non précisé",2.32567
2017,75,"Nouvelle-Aquitaine","16","Charente","02F","DEEE","02A","Valorisation matière",3607.15474
2017,75,"Nouvelle-Aquitaine","16","Charente","02Z","Autres déchets","02A","Valorisation matière",9.94477
2017,75,"Nouvelle-Aquitaine","16","Charente","02Z","Autres déchets","02B","Incinération avec récupération d'énergie",23.45539
2017,75,"Nouvelle-Aquitaine","16","Charente","02Z","Autres déchets","02E","Valorisation organique",0.05311
2017,75,"Nouvelle-Aquitaine","16","Charente","02Z","Autres déchets","02Z","Non précisé",8.641
2017,75,"Nouvelle-Aquitaine","17","Charente-Maritime","02A","Déchets dangereux","02A","Valorisation matière",892.71524
2017,75,"Nouvelle-Aquitaine","17","Charente-Maritime","02A","Déchets dangereux","02B","Incinération avec récupération d'énergie",78.35168
2017,75,"Nouvelle-Aquitaine","17","Charente-Maritime","02A","Déchets dangereux","02C","Incinération sans récupération d'énergie",119.499
2017,75,"Nouvelle-Aquitaine","17","Charente-Maritime","02A","Déchets dangereux","02D","Stockage",80.05636
2017,75,"Nouvelle-Aquitaine","17","Charente-Maritime","02A","Déchets dangereux","02F","Stockage pour inertes",31.98
2017,75,"Nouvelle-Aquitaine","17","Charente-Maritime","02A","Déchets dangereux","02Z","Non précisé",453.93425
2017,75,"Nouvelle-Aquitaine","17","Charente-Maritime","02B","Matériaux recyclables","02A","Valorisation matière",29141.874
2017,75,"Nouvelle-Aquitaine","17","Charente-Maritime","02B","Matériaux recyclables","02Z","Non précisé",3112.94346
2017,75,"Nouvelle-Aquitaine","17","Charente-Maritime","02C","Déchets verts","02A","Valorisation matière",20748.4
2017,75,"Nouvelle-Aquitaine","17","Charente-Maritime","02C","Déchets verts","02E","Valorisation organique",52797.92687
2017,75,"Nouvelle-Aquitaine","17","Charente-Maritime","02D","Encombrants","02A","Valorisation matière",1026.30847
2017,75,"Nouvelle-Aquitaine","17","Charente-Maritime","02D","Encombrants","02C","Incinération sans récupération d'énergie",466.82
2017,75,"Nouvelle-Aquitaine","17","Charente-Maritime","02D","Encombrants","02D","Stockage",25696.66696
2017,75,"Nouvelle-Aquitaine","17","Charente-Maritime","02D","Encombrants","02Z","Non précisé",24804.03606
2017,75,"Nouvelle-Aquitaine","17","Charente-Maritime","02E","Déblais et gravats","02A","Valorisation matière",26935.32238
2017,75,"Nouvelle-Aquitaine","17","Charente-Maritime","02E","Déblais et gravats","02D","Stockage",497.32
2017,75,"Nouvelle-Aquitaine","17","Charente-Maritime","02E","Déblais et gravats","02F","Stockage pour inertes",15050.97
2017,75,"Nouvelle-Aquitaine","17","Charente-Maritime","02E","Déblais et gravats","02Z","Non précisé",4439.01433
2017,75,"Nouvelle-Aquitaine","17","Charente-Maritime","02F","DEEE","02A","Valorisation matière",2117.79137
2017,75,"Nouvelle-Aquitaine","17","Charente-Maritime","02F","DEEE","02Z","Non précisé",4243.605
2017,75,"Nouvelle-Aquitaine","17","Charente-Maritime","02Z","Autres déchets","02A","Valorisation matière",94.21164
2017,75,"Nouvelle-Aquitaine","17","Charente-Maritime","02Z","Autres déchets","02B","Incinération avec récupération d'énergie",27.49561
2017,75,"Nouvelle-Aquitaine","17","Charente-Maritime","02Z","Autres déchets","02Z","Non précisé",6.98
2017,75,"Nouvelle-Aquitaine","19","Corrèze","02A","Déchets dangereux","02A","Valorisation matière",149.29667
2017,75,"Nouvelle-Aquitaine","19","Corrèze","02A","Déchets dangereux","02B","Incinération avec récupération d'énergie",197.69936
2017,75,"Nouvelle-Aquitaine","19","Corrèze","02A","Déchets dangereux","02D","Stockage",100.26188
2017,75,"Nouvelle-Aquitaine","19","Corrèze","02A","Déchets dangereux","02Z","Non précisé",9.939
2017,75,"Nouvelle-Aquitaine","19","Corrèze","02B","Matériaux recyclables","02A","Valorisation matière",7171.39995
2017,75,"Nouvelle-Aquitaine","19","Corrèze","02B","Matériaux recyclables","02B","Incinération avec récupération d'énergie",0.00309
2017,75,"Nouvelle-Aquitaine","19","Corrèze","02B","Matériaux recyclables","02Z","Non précisé",273.35496
2017,75,"Nouvelle-Aquitaine","19","Corrèze","02C","Déchets verts","02E","Valorisation organique",18868.09947
2017,75,"Nouvelle-Aquitaine","19","Corrèze","02D","Encombrants","02A","Valorisation matière",2348.27715
2017,75,"Nouvelle-Aquitaine","19","Corrèze","02D","Encombrants","02B","Incinération avec récupération d'énergie",5899.06749
2017,75,"Nouvelle-Aquitaine","19","Corrèze","02D","Encombrants","02D","Stockage",10838.9813
2017,75,"Nouvelle-Aquitaine","19","Corrèze","02E","Déblais et gravats","02A","Valorisation matière",757.34507
2017,75,"Nouvelle-Aquitaine","19","Corrèze","02E","Déblais et gravats","02D","Stockage",5814.84809
2017,75,"Nouvelle-Aquitaine","19","Corrèze","02E","Déblais et gravats","02F","Stockage pour inertes",2594.69182
2017,75,"Nouvelle-Aquitaine","19","Corrèze","02E","Déblais et gravats","02Z","Non précisé",296.37
2017,75,"Nouvelle-Aquitaine","19","Corrèze","02F","DEEE","02A","Valorisation matière",2031.3944
2017,75,"Nouvelle-Aquitaine","19","Corrèze","02Z","Autres déchets","02A","Valorisation matière",10.35793
2017,75,"Nouvelle-Aquitaine","19","Corrèze","02Z","Autres déchets","02E","Valorisation organique",0.00281
2017,75,"Nouvelle-Aquitaine","23","Creuse","02A","Déchets dangereux","02A","Valorisation matière",211.33342
2017,75,"Nouvelle-Aquitaine","23","Creuse","02A","Déchets dangereux","02B","Incinération avec récupération d'énergie",0.12411
2017,75,"Nouvelle-Aquitaine","23","Creuse","02A","Déchets dangereux","02Z","Non précisé",68.76241
2017,75,"Nouvelle-Aquitaine","23","Creuse","02B","Matériaux recyclables","02A","Valorisation matière",3736.56718
2017,75,"Nouvelle-Aquitaine","23","Creuse","02B","Matériaux recyclables","02E","Valorisation organique",60.81
2017,75,"Nouvelle-Aquitaine","23","Creuse","02B","Matériaux recyclables","02Z","Non précisé",92.22
2017,75,"Nouvelle-Aquitaine","23","Creuse","02C","Déchets verts","02A","Valorisation matière",5416.94873
2017,75,"Nouvelle-Aquitaine","23","Creuse","02C","Déchets verts","02E","Valorisation organique",2781.72287
2017,75,"Nouvelle-Aquitaine","23","Creuse","02C","Déchets verts","02Z","Non précisé",59.42
2017,75,"Nouvelle-Aquitaine","23","Creuse","02D","Encombrants","02A","Valorisation matière",388.13639
2017,75,"Nouvelle-Aquitaine","23","Creuse","02D","Encombrants","02B","Incinération avec récupération d'énergie",194.4859
2017,75,"Nouvelle-Aquitaine","23","Creuse","02D","Encombrants","02D","Stockage",2396.58947
2017,75,"Nouvelle-Aquitaine","23","Creuse","02D","Encombrants","02Z","Non précisé",4497.6637
2017,75,"Nouvelle-Aquitaine","23","Creuse","02E","Déblais et gravats","02A","Valorisation matière",562.4186
2017,75,"Nouvelle-Aquitaine","23","Creuse","02E","Déblais et gravats","02D","Stockage",5.99686
2017,75,"Nouvelle-Aquitaine","23","Creuse","02E","Déblais et gravats","02F","Stockage pour inertes",5670.06402
2017,75,"Nouvelle-Aquitaine","23","Creuse","02F","DEEE","02A","Valorisation matière",1013.83036
2017,75,"Nouvelle-Aquitaine","23","Creuse","02Z","Autres déchets","02A","Valorisation matière",2.69837
2017,75,"Nouvelle-Aquitaine","24","Dordogne","02A","Déchets dangereux","02A","Valorisation matière",1039.61232
2017,75,"Nouvelle-Aquitaine","24","Dordogne","02A","Déchets dangereux","02B","Incinération avec récupération d'énergie",18.65732
2017,75,"Nouvelle-Aquitaine","24","Dordogne","02A","Déchets dangereux","02D","Stockage",19.88412
2017,75,"Nouvelle-Aquitaine","24","Dordogne","02B","Matériaux recyclables","02A","Valorisation matière",21445.39385
2017,75,"Nouvelle-Aquitaine","24","Dordogne","02B","Matériaux recyclables","02B","Incinération avec récupération d'énergie",19.89674
2017,75,"Nouvelle-Aquitaine","24","Dordogne","02B","Matériaux recyclables","02E","Valorisation organique",1438.82
2017,75,"Nouvelle-Aquitaine","24","Dordogne","02B","Matériaux recyclables","02Z","Non précisé",563.81001
2017,75,"Nouvelle-Aquitaine","24","Dordogne","02C","Déchets verts","02A","Valorisation matière",23577.1
2017,75,"Nouvelle-Aquitaine","24","Dordogne","02C","Déchets verts","02E","Valorisation organique",13016.46355
2017,75,"Nouvelle-Aquitaine","24","Dordogne","02D","Encombrants","02A","Valorisation matière",1137.6872
2017,75,"Nouvelle-Aquitaine","24","Dordogne","02D","Encombrants","02D","Stockage",20491.54524
2017,75,"Nouvelle-Aquitaine","24","Dordogne","02D","Encombrants","02Z","Non précisé",47.64
2017,75,"Nouvelle-Aquitaine","24","Dordogne","02E","Déblais et gravats","02A","Valorisation matière",20586.68481
2017,75,"Nouvelle-Aquitaine","24","Dordogne","02E","Déblais et gravats","02D","Stockage",2247.19191
2017,75,"Nouvelle-Aquitaine","24","Dordogne","02E","Déblais et gravats","02F","Stockage pour inertes",4436.95
2017,75,"Nouvelle-Aquitaine","24","Dordogne","02F","DEEE","02A","Valorisation matière",4216.61764
2017,75,"Nouvelle-Aquitaine","24","Dordogne","02Z","Autres déchets","02A","Valorisation matière",41.29652
2017,75,"Nouvelle-Aquitaine","24","Dordogne","02Z","Autres déchets","02E","Valorisation organique",7.74
2017,75,"Nouvelle-Aquitaine","33","Gironde","02A","Déchets dangereux","02A","Valorisation matière",1884.76279
2017,75,"Nouvelle-Aquitaine","33","Gironde","02A","Déchets dangereux","02B","Incinération avec récupération d'énergie",492.80687
2017,75,"Nouvelle-Aquitaine","33","Gironde","02A","Déchets dangereux","02C","Incinération sans récupération d'énergie",0.48
2017,75,"Nouvelle-Aquitaine","33","Gironde","02A","Déchets dangereux","02D","Stockage",142
2017,75,"Nouvelle-Aquitaine","33","Gironde","02B","Matériaux recyclables","02A","Valorisation matière",64176.69907
2017,75,"Nouvelle-Aquitaine","33","Gironde","02B","Matériaux recyclables","02B","Incinération avec récupération d'énergie",849.74326
2017,75,"Nouvelle-Aquitaine","33","Gironde","02B","Matériaux recyclables","02Z","Non précisé",3344.4
2017,75,"Nouvelle-Aquitaine","33","Gironde","02C","Déchets verts","02A","Valorisation matière",11882
2017,75,"Nouvelle-Aquitaine","33","Gironde","02C","Déchets verts","02E","Valorisation organique",125476.0007
2017,75,"Nouvelle-Aquitaine","33","Gironde","02D","Encombrants","02A","Valorisation matière",11284.83353
2017,75,"Nouvelle-Aquitaine","33","Gironde","02D","Encombrants","02B","Incinération avec récupération d'énergie",16948.645
2017,75,"Nouvelle-Aquitaine","33","Gironde","02D","Encombrants","02D","Stockage",63150.39756
2017,75,"Nouvelle-Aquitaine","33","Gironde","02D","Encombrants","02Z","Non précisé",3784.16
2017,75,"Nouvelle-Aquitaine","33","Gironde","02E","Déblais et gravats","02A","Valorisation matière",77344.36112
2017,75,"Nouvelle-Aquitaine","33","Gironde","02E","Déblais et gravats","02F","Stockage pour inertes",5801
2017,75,"Nouvelle-Aquitaine","33","Gironde","02F","DEEE","02A","Valorisation matière",7259.2205
2017,75,"Nouvelle-Aquitaine","33","Gironde","02F","DEEE","02Z","Non précisé",652.737
2017,75,"Nouvelle-Aquitaine","33","Gironde","02Z","Autres déchets","02A","Valorisation matière",43.41355
2017,75,"Nouvelle-Aquitaine","33","Gironde","02Z","Autres déchets","02B","Incinération avec récupération d'énergie",15.1
2017,75,"Nouvelle-Aquitaine","33","Gironde","02Z","Autres déchets","02E","Valorisation organique",3.94
2017,75,"Nouvelle-Aquitaine","40","Landes","02A","Déchets dangereux","02A","Valorisation matière",634.65232
2017,75,"Nouvelle-Aquitaine","40","Landes","02A","Déchets dangereux","02B","Incinération avec récupération d'énergie",328.31335
2017,75,"Nouvelle-Aquitaine","40","Landes","02A","Déchets dangereux","02C","Incinération sans récupération d'énergie",0.996
2017,75,"Nouvelle-Aquitaine","40","Landes","02A","Déchets dangereux","02Z","Non précisé",0.42
2017,75,"Nouvelle-Aquitaine","40","Landes","02B","Matériaux recyclables","02A","Valorisation matière",35173.94158
2017,75,"Nouvelle-Aquitaine","40","Landes","02B","Matériaux recyclables","02B","Incinération avec récupération d'énergie",6.18296
2017,75,"Nouvelle-Aquitaine","40","Landes","02C","Déchets verts","02A","Valorisation matière",16137.35
2017,75,"Nouvelle-Aquitaine","40","Landes","02C","Déchets verts","02E","Valorisation organique",86306.80398
2017,75,"Nouvelle-Aquitaine","40","Landes","02D","Encombrants","02A","Valorisation matière",4720.34873
2017,75,"Nouvelle-Aquitaine","40","Landes","02D","Encombrants","02B","Incinération avec récupération d'énergie",22680.43964
2017,75,"Nouvelle-Aquitaine","40","Landes","02D","Encombrants","02D","Stockage",6664.11096
2017,75,"Nouvelle-Aquitaine","40","Landes","02E","Déblais et gravats","02A","Valorisation matière",13015
2017,75,"Nouvelle-Aquitaine","40","Landes","02E","Déblais et gravats","02D","Stockage",2946
2017,75,"Nouvelle-Aquitaine","40","Landes","02E","Déblais et gravats","02F","Stockage pour inertes",67634.73326
2017,75,"Nouvelle-Aquitaine","40","Landes","02F","DEEE","02A","Valorisation matière",4010.51214
2017,75,"Nouvelle-Aquitaine","40","Landes","02Z","Autres déchets","02A","Valorisation matière",61.99917
2017,75,"Nouvelle-Aquitaine","40","Landes","02Z","Autres déchets","02B","Incinération avec récupération d'énergie",1.74
2017,75,"Nouvelle-Aquitaine","47","Lot-et-Garonne","02A","Déchets dangereux","02A","Valorisation matière",363.44078
2017,75,"Nouvelle-Aquitaine","47","Lot-et-Garonne","02A","Déchets dangereux","02B","Incinération avec récupération d'énergie",44.22348
2017,75,"Nouvelle-Aquitaine","47","Lot-et-Garonne","02B","Matériaux recyclables","02A","Valorisation matière",13934.32224
2017,75,"Nouvelle-Aquitaine","47","Lot-et-Garonne","02B","Matériaux recyclables","02B","Incinération avec récupération d'énergie",478
2017,75,"Nouvelle-Aquitaine","47","Lot-et-Garonne","02C","Déchets verts","02A","Valorisation matière",8761.69
2017,75,"Nouvelle-Aquitaine","47","Lot-et-Garonne","02C","Déchets verts","02E","Valorisation organique",17797.11898
2017,75,"Nouvelle-Aquitaine","47","Lot-et-Garonne","02D","Encombrants","02A","Valorisation matière",3398.25848
2017,75,"Nouvelle-Aquitaine","47","Lot-et-Garonne","02D","Encombrants","02D","Stockage",15940.39107
2017,75,"Nouvelle-Aquitaine","47","Lot-et-Garonne","02D","Encombrants","02Z","Non précisé",2110.59609
2017,75,"Nouvelle-Aquitaine","47","Lot-et-Garonne","02E","Déblais et gravats","02A","Valorisation matière",20633.30292
2017,75,"Nouvelle-Aquitaine","47","Lot-et-Garonne","02E","Déblais et gravats","02D","Stockage",610.6
2017,75,"Nouvelle-Aquitaine","47","Lot-et-Garonne","02E","Déblais et gravats","02F","Stockage pour inertes",104.67446
2017,75,"Nouvelle-Aquitaine","47","Lot-et-Garonne","02F","DEEE","02A","Valorisation matière",2867.03586
2017,75,"Nouvelle-Aquitaine","47","Lot-et-Garonne","02Z","Autres déchets","02A","Valorisation matière",11.582
2017,75,"Nouvelle-Aquitaine","64","Pyrénées-Atlantiques","02A","Déchets dangereux","02A","Valorisation matière",1145.75071
2017,75,"Nouvelle-Aquitaine","64","Pyrénées-Atlantiques","02A","Déchets dangereux","02B","Incinération avec récupération d'énergie",106.04689
2017,75,"Nouvelle-Aquitaine","64","Pyrénées-Atlantiques","02A","Déchets dangereux","02Z","Non précisé",2.31668
2017,75,"Nouvelle-Aquitaine","64","Pyrénées-Atlantiques","02B","Matériaux recyclables","02A","Valorisation matière",20609.89309
2017,75,"Nouvelle-Aquitaine","64","Pyrénées-Atlantiques","02B","Matériaux recyclables","02B","Incinération avec récupération d'énergie",0.07004
2017,75,"Nouvelle-Aquitaine","64","Pyrénées-Atlantiques","02B","Matériaux recyclables","02E","Valorisation organique",127.4
2017,75,"Nouvelle-Aquitaine","64","Pyrénées-Atlantiques","02B","Matériaux recyclables","02Z","Non précisé",10380.324
2017,75,"Nouvelle-Aquitaine","64","Pyrénées-Atlantiques","02C","Déchets verts","02A","Valorisation matière",10323.18
2017,75,"Nouvelle-Aquitaine","64","Pyrénées-Atlantiques","02C","Déchets verts","02E","Valorisation organique",42058.06526
2017,75,"Nouvelle-Aquitaine","64","Pyrénées-Atlantiques","02D","Encombrants","02A","Valorisation matière",9323.01063
2017,75,"Nouvelle-Aquitaine","64","Pyrénées-Atlantiques","02D","Encombrants","02B","Incinération avec récupération d'énergie",3976.97036
2017,75,"Nouvelle-Aquitaine","64","Pyrénées-Atlantiques","02D","Encombrants","02D","Stockage",23537.8944
2017,75,"Nouvelle-Aquitaine","64","Pyrénées-Atlantiques","02D","Encombrants","02Z","Non précisé",763.66
2017,75,"Nouvelle-Aquitaine","64","Pyrénées-Atlantiques","02E","Déblais et gravats","02A","Valorisation matière",20527.40904
2017,75,"Nouvelle-Aquitaine","64","Pyrénées-Atlantiques","02E","Déblais et gravats","02D","Stockage",1277.49573
2017,75,"Nouvelle-Aquitaine","64","Pyrénées-Atlantiques","02E","Déblais et gravats","02F","Stockage pour inertes",11224.34063
2017,75,"Nouvelle-Aquitaine","64","Pyrénées-Atlantiques","02E","Déblais et gravats","02Z","Non précisé",1274.1
2017,75,"Nouvelle-Aquitaine","64","Pyrénées-Atlantiques","02F","DEEE","02A","Valorisation matière",3970.63583
2017,75,"Nouvelle-Aquitaine","64","Pyrénées-Atlantiques","02Z","Autres déchets","02A","Valorisation matière",43.57888
2017,75,"Nouvelle-Aquitaine","64","Pyrénées-Atlantiques","02Z","Autres déchets","02C","Incinération sans récupération d'énergie",1.35447
2017,75,"Nouvelle-Aquitaine","79","Deux-Sèvres","02A","Déchets dangereux","02A","Valorisation matière",958.391
2017,75,"Nouvelle-Aquitaine","79","Deux-Sèvres","02A","Déchets dangereux","02B","Incinération avec récupération d'énergie",26.282
2017,75,"Nouvelle-Aquitaine","79","Deux-Sèvres","02A","Déchets dangereux","02C","Incinération sans récupération d'énergie",38.844
2017,75,"Nouvelle-Aquitaine","79","Deux-Sèvres","02A","Déchets dangereux","02D","Stockage",21.66
2017,75,"Nouvelle-Aquitaine","79","Deux-Sèvres","02A","Déchets dangereux","02F","Stockage pour inertes",17
2017,75,"Nouvelle-Aquitaine","79","Deux-Sèvres","02A","Déchets dangereux","02Z","Non précisé",411.056
2017,75,"Nouvelle-Aquitaine","79","Deux-Sèvres","02B","Matériaux recyclables","02A","Valorisation matière",16459.073
2017,75,"Nouvelle-Aquitaine","79","Deux-Sèvres","02B","Matériaux recyclables","02B","Incinération avec récupération d'énergie",119.3
2017,75,"Nouvelle-Aquitaine","79","Deux-Sèvres","02B","Matériaux recyclables","02Z","Non précisé",452.976
2017,75,"Nouvelle-Aquitaine","79","Deux-Sèvres","02C","Déchets verts","02A","Valorisation matière",3263.73
2017,75,"Nouvelle-Aquitaine","79","Deux-Sèvres","02C","Déchets verts","02E","Valorisation organique",34272.519
2017,75,"Nouvelle-Aquitaine","79","Deux-Sèvres","02C","Déchets verts","02Z","Non précisé",269.85
2017,75,"Nouvelle-Aquitaine","79","Deux-Sèvres","02D","Encombrants","02A","Valorisation matière",3447.317
2017,75,"Nouvelle-Aquitaine","79","Deux-Sèvres","02D","Encombrants","02D","Stockage",8011.73
2017,75,"Nouvelle-Aquitaine","79","Deux-Sèvres","02D","Encombrants","02Z","Non précisé",7446.66
2017,75,"Nouvelle-Aquitaine","79","Deux-Sèvres","02E","Déblais et gravats","02A","Valorisation matière",12608.49
2017,75,"Nouvelle-Aquitaine","79","Deux-Sèvres","02E","Déblais et gravats","02F","Stockage pour inertes",14504.6
2017,75,"Nouvelle-Aquitaine","79","Deux-Sèvres","02F","DEEE","02A","Valorisation matière",3388.779
2017,75,"Nouvelle-Aquitaine","79","Deux-Sèvres","02Z","Autres déchets","02A","Valorisation matière",13.693
2017,75,"Nouvelle-Aquitaine","86","Vienne","02A","Déchets dangereux","02A","Valorisation matière",1384.49256
2017,75,"Nouvelle-Aquitaine","86","Vienne","02A","Déchets dangereux","02D","Stockage",49.94
2017,75,"Nouvelle-Aquitaine","86","Vienne","02A","Déchets dangereux","02F","Stockage pour inertes",0.45
2017,75,"Nouvelle-Aquitaine","86","Vienne","02A","Déchets dangereux","02Z","Non précisé",18.72
2017,75,"Nouvelle-Aquitaine","86","Vienne","02B","Matériaux recyclables","02A","Valorisation matière",13404.94302
2017,75,"Nouvelle-Aquitaine","86","Vienne","02B","Matériaux recyclables","02B","Incinération avec récupération d'énergie",26.124
2017,75,"Nouvelle-Aquitaine","86","Vienne","02B","Matériaux recyclables","02E","Valorisation organique",285.3
2017,75,"Nouvelle-Aquitaine","86","Vienne","02B","Matériaux recyclables","02Z","Non précisé",1913.85
2017,75,"Nouvelle-Aquitaine","86","Vienne","02C","Déchets verts","02A","Valorisation matière",2048.02
2017,75,"Nouvelle-Aquitaine","86","Vienne","02C","Déchets verts","02E","Valorisation organique",40228.69152
2017,75,"Nouvelle-Aquitaine","86","Vienne","02C","Déchets verts","02Z","Non précisé",1439.74
2017,75,"Nouvelle-Aquitaine","86","Vienne","02D","Encombrants","02A","Valorisation matière",4738.907
2017,75,"Nouvelle-Aquitaine","86","Vienne","02D","Encombrants","02D","Stockage",17059.3834
2017,75,"Nouvelle-Aquitaine","86","Vienne","02D","Encombrants","02Z","Non précisé",7012.54499
2017,75,"Nouvelle-Aquitaine","86","Vienne","02E","Déblais et gravats","02A","Valorisation matière",8745.49753
2017,75,"Nouvelle-Aquitaine","86","Vienne","02E","Déblais et gravats","02D","Stockage",2010
2017,75,"Nouvelle-Aquitaine","86","Vienne","02E","Déblais et gravats","02F","Stockage pour inertes",17862.33
2017,75,"Nouvelle-Aquitaine","86","Vienne","02E","Déblais et gravats","02Z","Non précisé",4.98
2017,75,"Nouvelle-Aquitaine","86","Vienne","02F","DEEE","02A","Valorisation matière",3390.49436
2017,75,"Nouvelle-Aquitaine","86","Vienne","02Z","Autres déchets","02A","Valorisation matière",20.94759
2017,75,"Nouvelle-Aquitaine","86","Vienne","02Z","Autres déchets","02B","Incinération avec récupération d'énergie",1.5
2017,75,"Nouvelle-Aquitaine","87","Haute-Vienne","02A","Déchets dangereux","02A","Valorisation matière",523.62408
2017,75,"Nouvelle-Aquitaine","87","Haute-Vienne","02A","Déchets dangereux","02B","Incinération avec récupération d'énergie",565.0923
2017,75,"Nouvelle-Aquitaine","87","Haute-Vienne","02B","Matériaux recyclables","02A","Valorisation matière",8993.15685
2017,75,"Nouvelle-Aquitaine","87","Haute-Vienne","02B","Matériaux recyclables","02B","Incinération avec récupération d'énergie",7.98442
2017,75,"Nouvelle-Aquitaine","87","Haute-Vienne","02B","Matériaux recyclables","02E","Valorisation organique",2837.17
2017,75,"Nouvelle-Aquitaine","87","Haute-Vienne","02C","Déchets verts","02E","Valorisation organique",31177.3298
2017,75,"Nouvelle-Aquitaine","87","Haute-Vienne","02D","Encombrants","02A","Valorisation matière",10724.16007
2017,75,"Nouvelle-Aquitaine","87","Haute-Vienne","02D","Encombrants","02D","Stockage",10474.92229
2017,75,"Nouvelle-Aquitaine","87","Haute-Vienne","02E","Déblais et gravats","02A","Valorisation matière",2105.78
2017,75,"Nouvelle-Aquitaine","87","Haute-Vienne","02E","Déblais et gravats","02D","Stockage",1111.6
2017,75,"Nouvelle-Aquitaine","87","Haute-Vienne","02E","Déblais et gravats","02F","Stockage pour inertes",10799.50268
2017,75,"Nouvelle-Aquitaine","87","Haute-Vienne","02F","DEEE","02A","Valorisation matière",2900.77944
2017,75,"Nouvelle-Aquitaine","87","Haute-Vienne","02Z","Autres déchets","02A","Valorisation matière",6.385
2017,75,"Nouvelle-Aquitaine","87","Haute-Vienne","02Z","Autres déchets","02B","Incinération avec récupération d'énergie",1.98
2017,75,"Nouvelle-Aquitaine","87","Haute-Vienne","02Z","Autres déchets","02E","Valorisation organique",12.39409
2017,76,"Occitanie","09","Ariège","02A","Déchets dangereux","02A","Valorisation matière",297.43646
2017,76,"Occitanie","09","Ariège","02A","Déchets dangereux","02B","Incinération avec récupération d'énergie",0.24448
2017,76,"Occitanie","09","Ariège","02A","Déchets dangereux","02Z","Non précisé",0.40912
2017,76,"Occitanie","09","Ariège","02B","Matériaux recyclables","02A","Valorisation matière",3396.85341
2017,76,"Occitanie","09","Ariège","02B","Matériaux recyclables","02B","Incinération avec récupération d'énergie",3511.83603
2017,76,"Occitanie","09","Ariège","02C","Déchets verts","02A","Valorisation matière",426
2017,76,"Occitanie","09","Ariège","02C","Déchets verts","02E","Valorisation organique",12187.96458
2017,76,"Occitanie","09","Ariège","02D","Encombrants","02A","Valorisation matière",2749.1358
2017,76,"Occitanie","09","Ariège","02D","Encombrants","02D","Stockage",7673.36623
2017,76,"Occitanie","09","Ariège","02E","Déblais et gravats","02A","Valorisation matière",5596.72586
2017,76,"Occitanie","09","Ariège","02E","Déblais et gravats","02F","Stockage pour inertes",3590.59236
2017,76,"Occitanie","09","Ariège","02F","DEEE","02A","Valorisation matière",1492.18119
2017,76,"Occitanie","09","Ariège","02Z","Autres déchets","02A","Valorisation matière",2
2017,76,"Occitanie","09","Ariège","02Z","Autres déchets","02D","Stockage",3404
2017,76,"Occitanie","09","Ariège","02Z","Autres déchets","02E","Valorisation organique",2.39487
2017,76,"Occitanie","11","Aude","02A","Déchets dangereux","02A","Valorisation matière",240.14217
2017,76,"Occitanie","11","Aude","02A","Déchets dangereux","02B","Incinération avec récupération d'énergie",0.30903
2017,76,"Occitanie","11","Aude","02A","Déchets dangereux","02D","Stockage",0.00365
2017,76,"Occitanie","11","Aude","02B","Matériaux recyclables","02A","Valorisation matière",13512.18249
2017,76,"Occitanie","11","Aude","02B","Matériaux recyclables","02B","Incinération avec récupération d'énergie",4.67656
2017,76,"Occitanie","11","Aude","02B","Matériaux recyclables","02E","Valorisation organique",3950.179
2017,76,"Occitanie","11","Aude","02C","Déchets verts","02E","Valorisation organique",24814.68553
2017,76,"Occitanie","11","Aude","02D","Encombrants","02A","Valorisation matière",2277.28531
2017,76,"Occitanie","11","Aude","02D","Encombrants","02D","Stockage",24682.19676
2017,76,"Occitanie","11","Aude","02E","Déblais et gravats","02A","Valorisation matière",24735.33652
2017,76,"Occitanie","11","Aude","02E","Déblais et gravats","02D","Stockage",100
2017,76,"Occitanie","11","Aude","02E","Déblais et gravats","02F","Stockage pour inertes",18.25525
2017,76,"Occitanie","11","Aude","02F","DEEE","02A","Valorisation matière",2840.66224
2017,76,"Occitanie","11","Aude","02Z","Autres déchets","02A","Valorisation matière",5.56745
2017,76,"Occitanie","12","Aveyron","02A","Déchets dangereux","02A","Valorisation matière",425.60789
2017,76,"Occitanie","12","Aveyron","02A","Déchets dangereux","02B","Incinération avec récupération d'énergie",9.23068
2017,76,"Occitanie","12","Aveyron","02A","Déchets dangereux","02Z","Non précisé",83.43623
2017,76,"Occitanie","12","Aveyron","02B","Matériaux recyclables","02A","Valorisation matière",12989.00023
2017,76,"Occitanie","12","Aveyron","02B","Matériaux recyclables","02B","Incinération avec récupération d'énergie",22.64782
2017,76,"Occitanie","12","Aveyron","02B","Matériaux recyclables","02E","Valorisation organique",314.28926
2017,76,"Occitanie","12","Aveyron","02B","Matériaux recyclables","02Z","Non précisé",0.41
2017,76,"Occitanie","12","Aveyron","02C","Déchets verts","02A","Valorisation matière",2207.72
2017,76,"Occitanie","12","Aveyron","02C","Déchets verts","02E","Valorisation organique",12382.69207
2017,76,"Occitanie","12","Aveyron","02D","Encombrants","02A","Valorisation matière",10982.50833
2017,76,"Occitanie","12","Aveyron","02D","Encombrants","02D","Stockage",6324.81883
2017,76,"Occitanie","12","Aveyron","02E","Déblais et gravats","02A","Valorisation matière",2087.9892
2017,76,"Occitanie","12","Aveyron","02E","Déblais et gravats","02F","Stockage pour inertes",6787.68182
2017,76,"Occitanie","12","Aveyron","02F","DEEE","02A","Valorisation matière",2827.39277
2017,76,"Occitanie","12","Aveyron","02Z","Autres déchets","02A","Valorisation matière",19.26295
2017,76,"Occitanie","12","Aveyron","02Z","Autres déchets","02D","Stockage",133.67
2017,76,"Occitanie","30","Gard","02A","Déchets dangereux","02A","Valorisation matière",728.44141
2017,76,"Occitanie","30","Gard","02A","Déchets dangereux","02C","Incinération sans récupération d'énergie",238.962
2017,76,"Occitanie","30","Gard","02B","Matériaux recyclables","02A","Valorisation matière",37013.32214
2017,76,"Occitanie","30","Gard","02B","Matériaux recyclables","02D","Stockage",16
2017,76,"Occitanie","30","Gard","02B","Matériaux recyclables","02E","Valorisation organique",562.7
2017,76,"Occitanie","30","Gard","02C","Déchets verts","02A","Valorisation matière",1713.21206
2017,76,"Occitanie","30","Gard","02C","Déchets verts","02E","Valorisation organique",63987.51604
2017,76,"Occitanie","30","Gard","02D","Encombrants","02A","Valorisation matière",5886.52166
2017,76,"Occitanie","30","Gard","02D","Encombrants","02B","Incinération avec récupération d'énergie",17076.13258
2017,76,"Occitanie","30","Gard","02D","Encombrants","02D","Stockage",21405.78295
2017,76,"Occitanie","30","Gard","02E","Déblais et gravats","02A","Valorisation matière",53508.25333
2017,76,"Occitanie","30","Gard","02E","Déblais et gravats","02D","Stockage",2754.01996
2017,76,"Occitanie","30","Gard","02E","Déblais et gravats","02F","Stockage pour inertes",28041.03816
2017,76,"Occitanie","30","Gard","02F","DEEE","02A","Valorisation matière",4455.03844
2017,76,"Occitanie","30","Gard","02Z","Autres déchets","02A","Valorisation matière",22.24481
2017,76,"Occitanie","30","Gard","02Z","Autres déchets","02D","Stockage",128.72
2017,76,"Occitanie","31","Haute-Garonne","02A","Déchets dangereux","02A","Valorisation matière",1224.59441
2017,76,"Occitanie","31","Haute-Garonne","02A","Déchets dangereux","02B","Incinération avec récupération d'énergie",35.35256
2017,76,"Occitanie","31","Haute-Garonne","02A","Déchets dangereux","02D","Stockage",0.38865
2017,76,"Occitanie","31","Haute-Garonne","02A","Déchets dangereux","02Z","Non précisé",0.00088
2017,76,"Occitanie","31","Haute-Garonne","02B","Matériaux recyclables","02A","Valorisation matière",18814.74292
2017,76,"Occitanie","31","Haute-Garonne","02B","Matériaux recyclables","02B","Incinération avec récupération d'énergie",206.15267
2017,76,"Occitanie","31","Haute-Garonne","02B","Matériaux recyclables","02E","Valorisation organique",10893.641
2017,76,"Occitanie","31","Haute-Garonne","02C","Déchets verts","02A","Valorisation matière",3050.3
2017,76,"Occitanie","31","Haute-Garonne","02C","Déchets verts","02E","Valorisation organique",60339.9568
2017,76,"Occitanie","31","Haute-Garonne","02D","Encombrants","02A","Valorisation matière",24445.39358
2017,76,"Occitanie","31","Haute-Garonne","02D","Encombrants","02B","Incinération avec récupération d'énergie",8381.52
2017,76,"Occitanie","31","Haute-Garonne","02D","Encombrants","02D","Stockage",16049.06928
2017,76,"Occitanie","31","Haute-Garonne","02E","Déblais et gravats","02A","Valorisation matière",20830.30182
2017,76,"Occitanie","31","Haute-Garonne","02E","Déblais et gravats","02D","Stockage",1266.52904
2017,76,"Occitanie","31","Haute-Garonne","02E","Déblais et gravats","02F","Stockage pour inertes",35450.22387
2017,76,"Occitanie","31","Haute-Garonne","02F","DEEE","02A","Valorisation matière",4769.27807
2017,76,"Occitanie","31","Haute-Garonne","02Z","Autres déchets","02A","Valorisation matière",23.66301
2017,76,"Occitanie","31","Haute-Garonne","02Z","Autres déchets","02D","Stockage",628.5
2017,76,"Occitanie","31","Haute-Garonne","02Z","Autres déchets","02E","Valorisation organique",0.00513
2017,76,"Occitanie","32","Gers","02A","Déchets dangereux","02A","Valorisation matière",278.39667
2017,76,"Occitanie","32","Gers","02A","Déchets dangereux","02B","Incinération avec récupération d'énergie",2.98814
2017,76,"Occitanie","32","Gers","02B","Matériaux recyclables","02A","Valorisation matière",7321.69009
2017,76,"Occitanie","32","Gers","02C","Déchets verts","02E","Valorisation organique",10912.37524
2017,76,"Occitanie","32","Gers","02D","Encombrants","02A","Valorisation matière",1605.17921
2017,76,"Occitanie","32","Gers","02D","Encombrants","02D","Stockage",9218.3792
2017,76,"Occitanie","32","Gers","02E","Déblais et gravats","02A","Valorisation matière",3032.09704
2017,76,"Occitanie","32","Gers","02E","Déblais et gravats","02F","Stockage pour inertes",7933.73427
2017,76,"Occitanie","32","Gers","02F","DEEE","02A","Valorisation matière",1803.15836
2017,76,"Occitanie","32","Gers","02Z","Autres déchets","02A","Valorisation matière",17.61916
2017,76,"Occitanie","34","Hérault","02A","Déchets dangereux","02A","Valorisation matière",1321.5458
2017,76,"Occitanie","34","Hérault","02A","Déchets dangereux","02B","Incinération avec récupération d'énergie",19.07722
2017,76,"Occitanie","34","Hérault","02A","Déchets dangereux","02C","Incinération sans récupération d'énergie",1.931
2017,76,"Occitanie","34","Hérault","02A","Déchets dangereux","02D","Stockage",0.22517
2017,76,"Occitanie","34","Hérault","02B","Matériaux recyclables","02A","Valorisation matière",48943.16726
2017,76,"Occitanie","34","Hérault","02B","Matériaux recyclables","02B","Incinération avec récupération d'énergie",2339.71802
2017,76,"Occitanie","34","Hérault","02B","Matériaux recyclables","02E","Valorisation organique",2244
2017,76,"Occitanie","34","Hérault","02C","Déchets verts","02A","Valorisation matière",1162.55
2017,76,"Occitanie","34","Hérault","02C","Déchets verts","02E","Valorisation organique",78122.38073
2017,76,"Occitanie","34","Hérault","02D","Encombrants","02A","Valorisation matière",9669.00609
2017,76,"Occitanie","34","Hérault","02D","Encombrants","02B","Incinération avec récupération d'énergie",15139.82341
2017,76,"Occitanie","34","Hérault","02D","Encombrants","02D","Stockage",61187.61696
2017,76,"Occitanie","34","Hérault","02E","Déblais et gravats","02A","Valorisation matière",56474.84573
2017,76,"Occitanie","34","Hérault","02E","Déblais et gravats","02D","Stockage",5609.67755
2017,76,"Occitanie","34","Hérault","02E","Déblais et gravats","02F","Stockage pour inertes",27587.56815
2017,76,"Occitanie","34","Hérault","02F","DEEE","02A","Valorisation matière",5337.43893
2017,76,"Occitanie","34","Hérault","02Z","Autres déchets","02A","Valorisation matière",17.43835
2017,76,"Occitanie","46","Lot","02A","Déchets dangereux","02A","Valorisation matière",380.86499
2017,76,"Occitanie","46","Lot","02A","Déchets dangereux","02B","Incinération avec récupération d'énergie",2.05087
2017,76,"Occitanie","46","Lot","02A","Déchets dangereux","02Z","Non précisé",0.17977
2017,76,"Occitanie","46","Lot","02B","Matériaux recyclables","02A","Valorisation matière",3796.80974
2017,76,"Occitanie","46","Lot","02B","Matériaux recyclables","02B","Incinération avec récupération d'énergie",662.21217
2017,76,"Occitanie","46","Lot","02B","Matériaux recyclables","02E","Valorisation organique",3261.81075
2017,76,"Occitanie","46","Lot","02C","Déchets verts","02E","Valorisation organique",13754.68818
2017,76,"Occitanie","46","Lot","02D","Encombrants","02A","Valorisation matière",1576.759
2017,76,"Occitanie","46","Lot","02D","Encombrants","02D","Stockage",12176.96116
2017,76,"Occitanie","46","Lot","02D","Encombrants","02Z","Non précisé",40.85391
2017,76,"Occitanie","46","Lot","02E","Déblais et gravats","02A","Valorisation matière",58.89388
2017,76,"Occitanie","46","Lot","02E","Déblais et gravats","02F","Stockage pour inertes",14191.76626
2017,76,"Occitanie","46","Lot","02F","DEEE","02A","Valorisation matière",2061.13824
2017,76,"Occitanie","46","Lot","02Z","Autres déchets","02A","Valorisation matière",15.02976
2017,76,"Occitanie","48","Lozère","02A","Déchets dangereux","02A","Valorisation matière",232.69474
2017,76,"Occitanie","48","Lozère","02A","Déchets dangereux","02B","Incinération avec récupération d'énergie",0.00045
2017,76,"Occitanie","48","Lozère","02B","Matériaux recyclables","02A","Valorisation matière",3195.46917
2017,76,"Occitanie","48","Lozère","02B","Matériaux recyclables","02B","Incinération avec récupération d'énergie",1752.98675
2017,76,"Occitanie","48","Lozère","02C","Déchets verts","02B","Incinération avec récupération d'énergie",1237.38193
2017,76,"Occitanie","48","Lozère","02C","Déchets verts","02E","Valorisation organique",533.28402
2017,76,"Occitanie","48","Lozère","02D","Encombrants","02A","Valorisation matière",5249.44394
2017,76,"Occitanie","48","Lozère","02D","Encombrants","02D","Stockage",9.93537
2017,76,"Occitanie","48","Lozère","02E","Déblais et gravats","02A","Valorisation matière",685
2017,76,"Occitanie","48","Lozère","02E","Déblais et gravats","02F","Stockage pour inertes",5.12397
2017,76,"Occitanie","48","Lozère","02F","DEEE","02A","Valorisation matière",748.3846
2017,76,"Occitanie","48","Lozère","02Z","Autres déchets","02A","Valorisation matière",12.70808
2017,76,"Occitanie","65","Hautes-Pyrénées","02A","Déchets dangereux","02A","Valorisation matière",287.92772
2017,76,"Occitanie","65","Hautes-Pyrénées","02A","Déchets dangereux","02B","Incinération avec récupération d'énergie",3.53455
2017,76,"Occitanie","65","Hautes-Pyrénées","02A","Déchets dangereux","02Z","Non précisé",27.69632
2017,76,"Occitanie","65","Hautes-Pyrénées","02B","Matériaux recyclables","02A","Valorisation matière",7870.02227
2017,76,"Occitanie","65","Hautes-Pyrénées","02B","Matériaux recyclables","02B","Incinération avec récupération d'énergie",1049.95948
2017,76,"Occitanie","65","Hautes-Pyrénées","02C","Déchets verts","02E","Valorisation organique",19678.18578
2017,76,"Occitanie","65","Hautes-Pyrénées","02D","Encombrants","02A","Valorisation matière",522.58455
2017,76,"Occitanie","65","Hautes-Pyrénées","02D","Encombrants","02D","Stockage",12755.54681
2017,76,"Occitanie","65","Hautes-Pyrénées","02E","Déblais et gravats","02A","Valorisation matière",1556.72095
2017,76,"Occitanie","65","Hautes-Pyrénées","02E","Déblais et gravats","02D","Stockage",136.19523
2017,76,"Occitanie","65","Hautes-Pyrénées","02E","Déblais et gravats","02F","Stockage pour inertes",11031.28223
2017,76,"Occitanie","65","Hautes-Pyrénées","02F","DEEE","02A","Valorisation matière",991.05319
2017,76,"Occitanie","65","Hautes-Pyrénées","02Z","Autres déchets","02A","Valorisation matière",18.0074
2017,76,"Occitanie","65","Hautes-Pyrénées","02Z","Autres déchets","02B","Incinération avec récupération d'énergie",5.59
2017,76,"Occitanie","65","Hautes-Pyrénées","02Z","Autres déchets","02C","Incinération sans récupération d'énergie",0.04553
2017,76,"Occitanie","66","Pyrénées-Orientales","02A","Déchets dangereux","02A","Valorisation matière",253.77099
2017,76,"Occitanie","66","Pyrénées-Orientales","02B","Matériaux recyclables","02A","Valorisation matière",11007.238
2017,76,"Occitanie","66","Pyrénées-Orientales","02B","Matériaux recyclables","02E","Valorisation organique",7160.51
2017,76,"Occitanie","66","Pyrénées-Orientales","02B","Matériaux recyclables","02Z","Non précisé",212.28
2017,76,"Occitanie","66","Pyrénées-Orientales","02C","Déchets verts","02A","Valorisation matière",3223.62
2017,76,"Occitanie","66","Pyrénées-Orientales","02C","Déchets verts","02E","Valorisation organique",63230.92
2017,76,"Occitanie","66","Pyrénées-Orientales","02D","Encombrants","02A","Valorisation matière",2602.531
2017,76,"Occitanie","66","Pyrénées-Orientales","02D","Encombrants","02B","Incinération avec récupération d'énergie",9013.28
2017,76,"Occitanie","66","Pyrénées-Orientales","02D","Encombrants","02D","Stockage",17677.88
2017,76,"Occitanie","66","Pyrénées-Orientales","02E","Déblais et gravats","02A","Valorisation matière",11867.08
2017,76,"Occitanie","66","Pyrénées-Orientales","02E","Déblais et gravats","02F","Stockage pour inertes",15450.03
2017,76,"Occitanie","66","Pyrénées-Orientales","02F","DEEE","02A","Valorisation matière",2123.69
2017,76,"Occitanie","66","Pyrénées-Orientales","02Z","Autres déchets","02A","Valorisation matière",24.45501
2017,76,"Occitanie","81","Tarn","02A","Déchets dangereux","02A","Valorisation matière",381.78706
2017,76,"Occitanie","81","Tarn","02A","Déchets dangereux","02B","Incinération avec récupération d'énergie",312.09917
2017,76,"Occitanie","81","Tarn","02A","Déchets dangereux","02D","Stockage",3.68252
2017,76,"Occitanie","81","Tarn","02B","Matériaux recyclables","02A","Valorisation matière",15639.99315
2017,76,"Occitanie","81","Tarn","02B","Matériaux recyclables","02B","Incinération avec récupération d'énergie",840.55724
2017,76,"Occitanie","81","Tarn","02C","Déchets verts","02E","Valorisation organique",25231.57519
2017,76,"Occitanie","81","Tarn","02D","Encombrants","02A","Valorisation matière",3217.00099
2017,76,"Occitanie","81","Tarn","02D","Encombrants","02D","Stockage",19550.96438
2017,76,"Occitanie","81","Tarn","02E","Déblais et gravats","02A","Valorisation matière",6208.1637
2017,76,"Occitanie","81","Tarn","02E","Déblais et gravats","02F","Stockage pour inertes",18430.87924
2017,76,"Occitanie","81","Tarn","02F","DEEE","02A","Valorisation matière",3885.96667
2017,76,"Occitanie","81","Tarn","02Z","Autres déchets","02A","Valorisation matière",29.5678
2017,76,"Occitanie","82","Tarn-et-Garonne","02A","Déchets dangereux","02A","Valorisation matière",452.17819
2017,76,"Occitanie","82","Tarn-et-Garonne","02A","Déchets dangereux","02B","Incinération avec récupération d'énergie",21.96711
2017,76,"Occitanie","82","Tarn-et-Garonne","02B","Matériaux recyclables","02A","Valorisation matière",4824.01948
2017,76,"Occitanie","82","Tarn-et-Garonne","02B","Matériaux recyclables","02B","Incinération avec récupération d'énergie",28
2017,76,"Occitanie","82","Tarn-et-Garonne","02B","Matériaux recyclables","02E","Valorisation organique",694.68
2017,76,"Occitanie","82","Tarn-et-Garonne","02C","Déchets verts","02E","Valorisation organique",17159.25549
2017,76,"Occitanie","82","Tarn-et-Garonne","02D","Encombrants","02A","Valorisation matière",2085.84435
2017,76,"Occitanie","82","Tarn-et-Garonne","02D","Encombrants","02D","Stockage",16094.26508
2017,76,"Occitanie","82","Tarn-et-Garonne","02E","Déblais et gravats","02A","Valorisation matière",1095.18
2017,76,"Occitanie","82","Tarn-et-Garonne","02E","Déblais et gravats","02D","Stockage",3081.62
2017,76,"Occitanie","82","Tarn-et-Garonne","02E","Déblais et gravats","02F","Stockage pour inertes",13112.79029
2017,76,"Occitanie","82","Tarn-et-Garonne","02F","DEEE","02A","Valorisation matière",2275.11605
2017,76,"Occitanie","82","Tarn-et-Garonne","02Z","Autres déchets","02A","Valorisation matière",1565.90312
2017,76,"Occitanie","82","Tarn-et-Garonne","02Z","Autres déchets","02D","Stockage",128.36
2017,93,"PACA","04","Alpes-de-Haute-Provence","02A","Déchets dangereux","02A","Valorisation matière",29.96023
2017,93,"PACA","04","Alpes-de-Haute-Provence","02A","Déchets dangereux","02B","Incinération avec récupération d'énergie",257.96215
2017,93,"PACA","04","Alpes-de-Haute-Provence","02A","Déchets dangereux","02C","Incinération sans récupération d'énergie",30.79864
2017,93,"PACA","04","Alpes-de-Haute-Provence","02A","Déchets dangereux","02D","Stockage",5.3
2017,93,"PACA","04","Alpes-de-Haute-Provence","02A","Déchets dangereux","02Z","Non précisé",0.01486
2017,93,"PACA","04","Alpes-de-Haute-Provence","02B","Matériaux recyclables","02A","Valorisation matière",9262.89821
2017,93,"PACA","04","Alpes-de-Haute-Provence","02B","Matériaux recyclables","02E","Valorisation organique",14.1543
2017,93,"PACA","04","Alpes-de-Haute-Provence","02C","Déchets verts","02A","Valorisation matière",694.81581
2017,93,"PACA","04","Alpes-de-Haute-Provence","02C","Déchets verts","02E","Valorisation organique",12842.39753
2017,93,"PACA","04","Alpes-de-Haute-Provence","02D","Encombrants","02A","Valorisation matière",1784.50362
2017,93,"PACA","04","Alpes-de-Haute-Provence","02D","Encombrants","02D","Stockage",9025.10515
2017,93,"PACA","04","Alpes-de-Haute-Provence","02D","Encombrants","02Z","Non précisé",1.03186
2017,93,"PACA","04","Alpes-de-Haute-Provence","02E","Déblais et gravats","02A","Valorisation matière",83.2277
2017,93,"PACA","04","Alpes-de-Haute-Provence","02E","Déblais et gravats","02D","Stockage",2010
2017,93,"PACA","04","Alpes-de-Haute-Provence","02E","Déblais et gravats","02F","Stockage pour inertes",20241.02721
2017,93,"PACA","04","Alpes-de-Haute-Provence","02F","DEEE","02A","Valorisation matière",1592.71597
2017,93,"PACA","04","Alpes-de-Haute-Provence","02Z","Autres déchets","02A","Valorisation matière",10.3325
2017,93,"PACA","04","Alpes-de-Haute-Provence","02Z","Autres déchets","02D","Stockage",12.78393
2017,93,"PACA","05","Hautes-Alpes","02A","Déchets dangereux","02A","Valorisation matière",102.18859
2017,93,"PACA","05","Hautes-Alpes","02A","Déchets dangereux","02B","Incinération avec récupération d'énergie",215.18287
2017,93,"PACA","05","Hautes-Alpes","02A","Déchets dangereux","02C","Incinération sans récupération d'énergie",108.5975
2017,93,"PACA","05","Hautes-Alpes","02A","Déchets dangereux","02D","Stockage",15.18
2017,93,"PACA","05","Hautes-Alpes","02A","Déchets dangereux","02Z","Non précisé",11.97514
2017,93,"PACA","05","Hautes-Alpes","02B","Matériaux recyclables","02A","Valorisation matière",9578.97307
2017,93,"PACA","05","Hautes-Alpes","02C","Déchets verts","02A","Valorisation matière",1131.18419
2017,93,"PACA","05","Hautes-Alpes","02C","Déchets verts","02E","Valorisation organique",6418.40832
2017,93,"PACA","05","Hautes-Alpes","02D","Encombrants","02A","Valorisation matière",2049.58658
2017,93,"PACA","05","Hautes-Alpes","02D","Encombrants","02D","Stockage",8579.50691
2017,93,"PACA","05","Hautes-Alpes","02D","Encombrants","02Z","Non précisé",76.78814
2017,93,"PACA","05","Hautes-Alpes","02E","Déblais et gravats","02A","Valorisation matière",2515.56168
2017,93,"PACA","05","Hautes-Alpes","02E","Déblais et gravats","02F","Stockage pour inertes",5255.31464
2017,93,"PACA","05","Hautes-Alpes","02E","Déblais et gravats","02Z","Non précisé",500
2017,93,"PACA","05","Hautes-Alpes","02F","DEEE","02A","Valorisation matière",1401.59217
2017,93,"PACA","05","Hautes-Alpes","02Z","Autres déchets","02A","Valorisation matière",28.36694
2017,93,"PACA","05","Hautes-Alpes","02Z","Autres déchets","02D","Stockage",753.11607
2017,93,"PACA","06","Alpes-Maritimes","02A","Déchets dangereux","02A","Valorisation matière",115.9
2017,93,"PACA","06","Alpes-Maritimes","02A","Déchets dangereux","02C","Incinération sans récupération d'énergie",752.68
2017,93,"PACA","06","Alpes-Maritimes","02A","Déchets dangereux","02Z","Non précisé",388
2017,93,"PACA","06","Alpes-Maritimes","02B","Matériaux recyclables","02A","Valorisation matière",30462.47001
2017,93,"PACA","06","Alpes-Maritimes","02C","Déchets verts","02E","Valorisation organique",73798.69
2017,93,"PACA","06","Alpes-Maritimes","02D","Encombrants","02A","Valorisation matière",59836.84
2017,93,"PACA","06","Alpes-Maritimes","02D","Encombrants","02B","Incinération avec récupération d'énergie",7215.44001
2017,93,"PACA","06","Alpes-Maritimes","02D","Encombrants","02D","Stockage",6111.4
2017,93,"PACA","06","Alpes-Maritimes","02E","Déblais et gravats","02A","Valorisation matière",23069.5
2017,93,"PACA","06","Alpes-Maritimes","02E","Déblais et gravats","02F","Stockage pour inertes",50965.78
2017,93,"PACA","06","Alpes-Maritimes","02F","DEEE","02A","Valorisation matière",4270.7
2017,93,"PACA","06","Alpes-Maritimes","02Z","Autres déchets","02A","Valorisation matière",382
2017,93,"PACA","13","Bouches-du-Rhône","02A","Déchets dangereux","02A","Valorisation matière",395.76137
2017,93,"PACA","13","Bouches-du-Rhône","02A","Déchets dangereux","02B","Incinération avec récupération d'énergie",481.59319
2017,93,"PACA","13","Bouches-du-Rhône","02A","Déchets dangereux","02C","Incinération sans récupération d'énergie",840.088
2017,93,"PACA","13","Bouches-du-Rhône","02A","Déchets dangereux","02Z","Non précisé",126.95541
2017,93,"PACA","13","Bouches-du-Rhône","02B","Matériaux recyclables","02A","Valorisation matière",59634.66152
2017,93,"PACA","13","Bouches-du-Rhône","02C","Déchets verts","02D","Stockage",12.7
2017,93,"PACA","13","Bouches-du-Rhône","02C","Déchets verts","02E","Valorisation organique",101447.4714
2017,93,"PACA","13","Bouches-du-Rhône","02D","Encombrants","02A","Valorisation matière",33188.93264
2017,93,"PACA","13","Bouches-du-Rhône","02D","Encombrants","02B","Incinération avec récupération d'énergie",2723.44916
2017,93,"PACA","13","Bouches-du-Rhône","02D","Encombrants","02D","Stockage",70184.79734
2017,93,"PACA","13","Bouches-du-Rhône","02E","Déblais et gravats","02A","Valorisation matière",146716.6375
2017,93,"PACA","13","Bouches-du-Rhône","02E","Déblais et gravats","02D","Stockage",6213.08
2017,93,"PACA","13","Bouches-du-Rhône","02E","Déblais et gravats","02F","Stockage pour inertes",20733.28017
2017,93,"PACA","13","Bouches-du-Rhône","02F","DEEE","02A","Valorisation matière",7042.87629
2017,93,"PACA","13","Bouches-du-Rhône","02Z","Autres déchets","02A","Valorisation matière",3934.04507
2017,93,"PACA","13","Bouches-du-Rhône","02Z","Autres déchets","02D","Stockage",15205
2017,93,"PACA","83","Var","02A","Déchets dangereux","02A","Valorisation matière",125.74
2017,93,"PACA","83","Var","02A","Déchets dangereux","02B","Incinération avec récupération d'énergie",90
2017,93,"PACA","83","Var","02A","Déchets dangereux","02C","Incinération sans récupération d'énergie",671.5
2017,93,"PACA","83","Var","02A","Déchets dangereux","02D","Stockage",22.1
2017,93,"PACA","83","Var","02A","Déchets dangereux","02Z","Non précisé",441.64959
2017,93,"PACA","83","Var","02B","Matériaux recyclables","02A","Valorisation matière",28787.30927
2017,93,"PACA","83","Var","02B","Matériaux recyclables","02E","Valorisation organique",846.3
2017,93,"PACA","83","Var","02B","Matériaux recyclables","02Z","Non précisé",65
2017,93,"PACA","83","Var","02C","Déchets verts","02D","Stockage",703
2017,93,"PACA","83","Var","02C","Déchets verts","02E","Valorisation organique",97782.68683
2017,93,"PACA","83","Var","02D","Encombrants","02A","Valorisation matière",38400.70069
2017,93,"PACA","83","Var","02D","Encombrants","02B","Incinération avec récupération d'énergie",23751.14084
2017,93,"PACA","83","Var","02D","Encombrants","02D","Stockage",33218.40943
2017,93,"PACA","83","Var","02D","Encombrants","02Z","Non précisé",744
2017,93,"PACA","83","Var","02E","Déblais et gravats","02A","Valorisation matière",22556.8
2017,93,"PACA","83","Var","02E","Déblais et gravats","02D","Stockage",37703
2017,93,"PACA","83","Var","02E","Déblais et gravats","02F","Stockage pour inertes",15921.30983
2017,93,"PACA","83","Var","02E","Déblais et gravats","02Z","Non précisé",1093
2017,93,"PACA","83","Var","02F","DEEE","02A","Valorisation matière",7078.02699
2017,93,"PACA","83","Var","02Z","Autres déchets","02B","Incinération avec récupération d'énergie",297
2017,93,"PACA","84","Vaucluse","02A","Déchets dangereux","02A","Valorisation matière",122.95126
2017,93,"PACA","84","Vaucluse","02A","Déchets dangereux","02B","Incinération avec récupération d'énergie",41.67681
2017,93,"PACA","84","Vaucluse","02A","Déchets dangereux","02C","Incinération sans récupération d'énergie",342.45596
2017,93,"PACA","84","Vaucluse","02A","Déchets dangereux","02D","Stockage",5
2017,93,"PACA","84","Vaucluse","02A","Déchets dangereux","02Z","Non précisé",71.05536
2017,93,"PACA","84","Vaucluse","02B","Matériaux recyclables","02A","Valorisation matière",20449.28981
2017,93,"PACA","84","Vaucluse","02B","Matériaux recyclables","02D","Stockage",5
2017,93,"PACA","84","Vaucluse","02B","Matériaux recyclables","02E","Valorisation organique",753.58
2017,93,"PACA","84","Vaucluse","02C","Déchets verts","02A","Valorisation matière",924
2017,93,"PACA","84","Vaucluse","02C","Déchets verts","02E","Valorisation organique",36875.18851
2017,93,"PACA","84","Vaucluse","02D","Encombrants","02A","Valorisation matière",6087.60856
2017,93,"PACA","84","Vaucluse","02D","Encombrants","02B","Incinération avec récupération d'énergie",2652.2
2017,93,"PACA","84","Vaucluse","02D","Encombrants","02D","Stockage",30200.16066
2017,93,"PACA","84","Vaucluse","02D","Encombrants","02Z","Non précisé",18.55
2017,93,"PACA","84","Vaucluse","02E","Déblais et gravats","02A","Valorisation matière",19165.65253
2017,93,"PACA","84","Vaucluse","02E","Déblais et gravats","02D","Stockage",4881.68279
2017,93,"PACA","84","Vaucluse","02E","Déblais et gravats","02F","Stockage pour inertes",17318.52282
2017,93,"PACA","84","Vaucluse","02F","DEEE","02A","Valorisation matière",3448.46029
2017,93,"PACA","84","Vaucluse","02Z","Autres déchets","02A","Valorisation matière",972.89497
2017,93,"PACA","84","Vaucluse","02Z","Autres déchets","02B","Incinération avec récupération d'énergie",2.55888
2017,93,"PACA","84","Vaucluse","02Z","Autres déchets","02D","Stockage",409
2017,52,"Pays de la Loire","44","Loire-Atlantique","02A","Déchets dangereux","02A","Valorisation matière",1196.54219
2017,52,"Pays de la Loire","44","Loire-Atlantique","02A","Déchets dangereux","02B","Incinération avec récupération d'énergie",0.28
2017,52,"Pays de la Loire","44","Loire-Atlantique","02A","Déchets dangereux","02D","Stockage",591.05258
2017,52,"Pays de la Loire","44","Loire-Atlantique","02A","Déchets dangereux","02F","Stockage pour inertes",109.82762
2017,52,"Pays de la Loire","44","Loire-Atlantique","02A","Déchets dangereux","02Z","Non précisé",1476.76694
2017,52,"Pays de la Loire","44","Loire-Atlantique","02B","Matériaux recyclables","02A","Valorisation matière",55301.98708
2017,52,"Pays de la Loire","44","Loire-Atlantique","02B","Matériaux recyclables","02E","Valorisation organique",1832.23385
2017,52,"Pays de la Loire","44","Loire-Atlantique","02B","Matériaux recyclables","02Z","Non précisé",1355.93757
2017,52,"Pays de la Loire","44","Loire-Atlantique","02C","Déchets verts","02A","Valorisation matière",24568.04176
2017,52,"Pays de la Loire","44","Loire-Atlantique","02C","Déchets verts","02E","Valorisation organique",115269.047
2017,52,"Pays de la Loire","44","Loire-Atlantique","02D","Encombrants","02A","Valorisation matière",12365.595
2017,52,"Pays de la Loire","44","Loire-Atlantique","02D","Encombrants","02B","Incinération avec récupération d'énergie",33613.61114
2017,52,"Pays de la Loire","44","Loire-Atlantique","02D","Encombrants","02D","Stockage",44005.30736
2017,52,"Pays de la Loire","44","Loire-Atlantique","02D","Encombrants","02Z","Non précisé",1897.3928
2017,52,"Pays de la Loire","44","Loire-Atlantique","02E","Déblais et gravats","02A","Valorisation matière",22622.75591
2017,52,"Pays de la Loire","44","Loire-Atlantique","02E","Déblais et gravats","02D","Stockage",3830
2017,52,"Pays de la Loire","44","Loire-Atlantique","02E","Déblais et gravats","02F","Stockage pour inertes",80193.38564
2017,52,"Pays de la Loire","44","Loire-Atlantique","02E","Déblais et gravats","02Z","Non précisé",3205.32
2017,52,"Pays de la Loire","44","Loire-Atlantique","02F","DEEE","02A","Valorisation matière",6564.46892
2017,52,"Pays de la Loire","44","Loire-Atlantique","02F","DEEE","02Z","Non précisé",331.42629
2017,52,"Pays de la Loire","44","Loire-Atlantique","02Z","Autres déchets","02A","Valorisation matière",28.52629
2017,52,"Pays de la Loire","49","Maine-et-Loire","02A","Déchets dangereux","02A","Valorisation matière",507.13259
2017,52,"Pays de la Loire","49","Maine-et-Loire","02A","Déchets dangereux","02B","Incinération avec récupération d'énergie",597.36931
2017,52,"Pays de la Loire","49","Maine-et-Loire","02A","Déchets dangereux","02D","Stockage",324.08
2017,52,"Pays de la Loire","49","Maine-et-Loire","02A","Déchets dangereux","02F","Stockage pour inertes",115
2017,52,"Pays de la Loire","49","Maine-et-Loire","02A","Déchets dangereux","02Z","Non précisé",412.89389
2017,52,"Pays de la Loire","49","Maine-et-Loire","02B","Matériaux recyclables","02A","Valorisation matière",19492.95449
2017,52,"Pays de la Loire","49","Maine-et-Loire","02B","Matériaux recyclables","02B","Incinération avec récupération d'énergie",1048.34
2017,52,"Pays de la Loire","49","Maine-et-Loire","02B","Matériaux recyclables","02E","Valorisation organique",3623.68481
2017,52,"Pays de la Loire","49","Maine-et-Loire","02B","Matériaux recyclables","02Z","Non précisé",10
2017,52,"Pays de la Loire","49","Maine-et-Loire","02C","Déchets verts","02E","Valorisation organique",78747.92981
2017,52,"Pays de la Loire","49","Maine-et-Loire","02D","Encombrants","02A","Valorisation matière",14023.40374
2017,52,"Pays de la Loire","49","Maine-et-Loire","02D","Encombrants","02B","Incinération avec récupération d'énergie",6598.05465
2017,52,"Pays de la Loire","49","Maine-et-Loire","02D","Encombrants","02D","Stockage",32171.77133
2017,52,"Pays de la Loire","49","Maine-et-Loire","02D","Encombrants","02Z","Non précisé",1465.27
2017,52,"Pays de la Loire","49","Maine-et-Loire","02E","Déblais et gravats","02A","Valorisation matière",16814.69358
2017,52,"Pays de la Loire","49","Maine-et-Loire","02E","Déblais et gravats","02D","Stockage",3308.92
2017,52,"Pays de la Loire","49","Maine-et-Loire","02E","Déblais et gravats","02F","Stockage pour inertes",43129.29884
2017,52,"Pays de la Loire","49","Maine-et-Loire","02E","Déblais et gravats","02Z","Non précisé",3278
2017,52,"Pays de la Loire","49","Maine-et-Loire","02F","DEEE","02A","Valorisation matière",5536.17189
2017,52,"Pays de la Loire","49","Maine-et-Loire","02F","DEEE","02Z","Non précisé",168.18
2017,52,"Pays de la Loire","49","Maine-et-Loire","02Z","Autres déchets","02A","Valorisation matière",23.00964
2017,52,"Pays de la Loire","49","Maine-et-Loire","02Z","Autres déchets","02B","Incinération avec récupération d'énergie",1.6
2017,52,"Pays de la Loire","49","Maine-et-Loire","02Z","Autres déchets","02Z","Non précisé",109.3447
2017,52,"Pays de la Loire","53","Mayenne","02A","Déchets dangereux","02A","Valorisation matière",317.79157
2017,52,"Pays de la Loire","53","Mayenne","02A","Déchets dangereux","02B","Incinération avec récupération d'énergie",43.418
2017,52,"Pays de la Loire","53","Mayenne","02A","Déchets dangereux","02C","Incinération sans récupération d'énergie",16.632
2017,52,"Pays de la Loire","53","Mayenne","02A","Déchets dangereux","02D","Stockage",4.86
2017,52,"Pays de la Loire","53","Mayenne","02A","Déchets dangereux","02F","Stockage pour inertes",55
2017,52,"Pays de la Loire","53","Mayenne","02A","Déchets dangereux","02Z","Non précisé",227.68291
2017,52,"Pays de la Loire","53","Mayenne","02B","Matériaux recyclables","02A","Valorisation matière",10366.57435
2017,52,"Pays de la Loire","53","Mayenne","02B","Matériaux recyclables","02B","Incinération avec récupération d'énergie",928.14
2017,52,"Pays de la Loire","53","Mayenne","02B","Matériaux recyclables","02E","Valorisation organique",555.49
2017,52,"Pays de la Loire","53","Mayenne","02B","Matériaux recyclables","02Z","Non précisé",2.286
2017,52,"Pays de la Loire","53","Mayenne","02C","Déchets verts","02A","Valorisation matière",1196
2017,52,"Pays de la Loire","53","Mayenne","02C","Déchets verts","02E","Valorisation organique",38957.44419
2017,52,"Pays de la Loire","53","Mayenne","02D","Encombrants","02A","Valorisation matière",5081.48141
2017,52,"Pays de la Loire","53","Mayenne","02D","Encombrants","02B","Incinération avec récupération d'énergie",4115.88
2017,52,"Pays de la Loire","53","Mayenne","02D","Encombrants","02D","Stockage",10934.71447
2017,52,"Pays de la Loire","53","Mayenne","02D","Encombrants","02Z","Non précisé",518.198
2017,52,"Pays de la Loire","53","Mayenne","02E","Déblais et gravats","02A","Valorisation matière",4666.12795
2017,52,"Pays de la Loire","53","Mayenne","02E","Déblais et gravats","02D","Stockage",11243.28
2017,52,"Pays de la Loire","53","Mayenne","02E","Déblais et gravats","02F","Stockage pour inertes",8111
2017,52,"Pays de la Loire","53","Mayenne","02E","Déblais et gravats","02Z","Non précisé",2041.72
2017,52,"Pays de la Loire","53","Mayenne","02F","DEEE","02A","Valorisation matière",2077.62239
2017,52,"Pays de la Loire","53","Mayenne","02Z","Autres déchets","02A","Valorisation matière",15.459
2017,52,"Pays de la Loire","53","Mayenne","02Z","Autres déchets","02Z","Non précisé",0.57
2017,52,"Pays de la Loire","72","Sarthe","02A","Déchets dangereux","02A","Valorisation matière",383.03316
2017,52,"Pays de la Loire","72","Sarthe","02A","Déchets dangereux","02B","Incinération avec récupération d'énergie",11.406
2017,52,"Pays de la Loire","72","Sarthe","02A","Déchets dangereux","02C","Incinération sans récupération d'énergie",69
2017,52,"Pays de la Loire","72","Sarthe","02A","Déchets dangereux","02D","Stockage",10.62995
2017,52,"Pays de la Loire","72","Sarthe","02A","Déchets dangereux","02F","Stockage pour inertes",10.25851
2017,52,"Pays de la Loire","72","Sarthe","02A","Déchets dangereux","02Z","Non précisé",558.25508
2017,52,"Pays de la Loire","72","Sarthe","02B","Matériaux recyclables","02A","Valorisation matière",16354.20368
2017,52,"Pays de la Loire","72","Sarthe","02B","Matériaux recyclables","02B","Incinération avec récupération d'énergie",280.55027
2017,52,"Pays de la Loire","72","Sarthe","02B","Matériaux recyclables","02E","Valorisation organique",588.62
2017,52,"Pays de la Loire","72","Sarthe","02B","Matériaux recyclables","02Z","Non précisé",11.23331
2017,52,"Pays de la Loire","72","Sarthe","02C","Déchets verts","02E","Valorisation organique",51328.32277
2017,52,"Pays de la Loire","72","Sarthe","02D","Encombrants","02A","Valorisation matière",3898.11414
2017,52,"Pays de la Loire","72","Sarthe","02D","Encombrants","02B","Incinération avec récupération d'énergie",13092
2017,52,"Pays de la Loire","72","Sarthe","02D","Encombrants","02D","Stockage",18753.70765
2017,52,"Pays de la Loire","72","Sarthe","02D","Encombrants","02Z","Non précisé",212.94
2017,52,"Pays de la Loire","72","Sarthe","02E","Déblais et gravats","02A","Valorisation matière",7439.10826
2017,52,"Pays de la Loire","72","Sarthe","02E","Déblais et gravats","02D","Stockage",12318.5959
2017,52,"Pays de la Loire","72","Sarthe","02E","Déblais et gravats","02F","Stockage pour inertes",5851.41483
2017,52,"Pays de la Loire","72","Sarthe","02F","DEEE","02A","Valorisation matière",3448.27582
2017,52,"Pays de la Loire","72","Sarthe","02Z","Autres déchets","02A","Valorisation matière",11.40619
2017,52,"Pays de la Loire","85","Vendée","02A","Déchets dangereux","02A","Valorisation matière",260.34273
2017,52,"Pays de la Loire","85","Vendée","02A","Déchets dangereux","02B","Incinération avec récupération d'énergie",57.174
2017,52,"Pays de la Loire","85","Vendée","02A","Déchets dangereux","02C","Incinération sans récupération d'énergie",32.63
2017,52,"Pays de la Loire","85","Vendée","02A","Déchets dangereux","02D","Stockage",178.94897
2017,52,"Pays de la Loire","85","Vendée","02A","Déchets dangereux","02F","Stockage pour inertes",53.16
2017,52,"Pays de la Loire","85","Vendée","02A","Déchets dangereux","02Z","Non précisé",871.66653
2017,52,"Pays de la Loire","85","Vendée","02B","Matériaux recyclables","02A","Valorisation matière",37633.50638
2017,52,"Pays de la Loire","85","Vendée","02B","Matériaux recyclables","02E","Valorisation organique",411.16
2017,52,"Pays de la Loire","85","Vendée","02B","Matériaux recyclables","02Z","Non précisé",131.02843
2017,52,"Pays de la Loire","85","Vendée","02C","Déchets verts","02A","Valorisation matière",85334.93124
2017,52,"Pays de la Loire","85","Vendée","02C","Déchets verts","02E","Valorisation organique",10812.29
2017,52,"Pays de la Loire","85","Vendée","02C","Déchets verts","02Z","Non précisé",6760.92
2017,52,"Pays de la Loire","85","Vendée","02D","Encombrants","02A","Valorisation matière",3915.21
2017,52,"Pays de la Loire","85","Vendée","02D","Encombrants","02D","Stockage",42072.31274
2017,52,"Pays de la Loire","85","Vendée","02D","Encombrants","02Z","Non précisé",1711.8272
2017,52,"Pays de la Loire","85","Vendée","02E","Déblais et gravats","02A","Valorisation matière",74729.80326
2017,52,"Pays de la Loire","85","Vendée","02E","Déblais et gravats","02Z","Non précisé",58.5
2017,52,"Pays de la Loire","85","Vendée","02F","DEEE","02A","Valorisation matière",6291.47939
2017,52,"Pays de la Loire","85","Vendée","02F","DEEE","02Z","Non précisé",163.12
2017,52,"Pays de la Loire","85","Vendée","02Z","Autres déchets","02A","Valorisation matière",37.10225
2017,52,"Pays de la Loire","85","Vendée","02Z","Autres déchets","02C","Incinération sans récupération d'énergie",6.51
2017,52,"Pays de la Loire","85","Vendée","02Z","Autres déchets","02Z","Non précisé",7.825
